6808
6823
1706

752
752
680
688
620
688
668
796
656
708
660
660
712
680
652
744
644
636
708
592
768
644
664
688
684
680
792
592
780
644
664
720
632
684
792
616
812
656
568
776
616
740
756
644
720
728
604
844
592
728
708
644
700
684
540
808
588
728
716
612
712
656
608
732
632
632
728
564
768
656
676
724
660
608
760
560
772
672
700
720
684
672
720
600
716
664
676
724
656
692
664
704
672
688
636
684
624
708
636
764
660
756
676
692
640
676
592
744
620
696
672
656
724
660
656
732
672
688
752
612
772
628
684
700
660
632
788
564
776
628
668
752
656
640
772
592
780
676
588
772
604
688
712
600
708
680
592
860
596
748
696
616
708
716
592
820
576
708
752
612
740
648
576
724
644
668
756
588
760
668
668
716
668
616
768
572
768
612
644
668
684
628
720
604
716
716
676
732
624
648
628
708
648
708
680
716
640
692
640
796
584
688
596
736
668
724
616
764
596
704
652
612
724
664
652
724
640
652
736
588
792
648
672
724
644
668
784
604
796
632
676
768
628
664
740
572
792
664
632
796
528
700
756
624
708
664
588
804
564
708
656
640
740
704
592
812
604
748
704
604
708
676
640
768
608
672
760
580
712
608
676
720
668
608
736
632
768
588
648
680
676
640
736
616
716
668
660
692
672
676
664
684
660
740
688
716
660
684
624
784
620
732
632
672
664
684
588
748
620
676
648
624
724
632
668
768
668
716
764
604
804
648
668
708
664
632
748
536
788
608
644
736
652
684
780
584
772
668
640
800
560
672
692
580
740
676
588
828
528
700
688
640
704
700
584
796
600
708
704
628
752
700
628
728
604
672
744
628
756
680
644
652
692
652
772
520
692
696
820
804
672
620
688
684
696
560
664
752
760
680
640
728
648
700
632
748
708
724
576
712
632
812
692
648
656
740
700
808
604
732
728
664
744
624
660
716
584
664
768
632
800
620
672
764
692
684
772
564
820
664
688
780
628
672
724
564
784
636
616
796
612
744
732
636
724
668
572
836
584
748
676
640
716
688
636
808
552
712
696
628
728
664
640
772
660
676
716
584
760
664
704
708
648
648
780
604
744
648
720
704
708
648
700
652
700
636
704
704
644
652
664
704
636
700
652
668
644
712
632
764
592
716
656
640
668
640
596
764
608
688
704
636
752
644
676
764
660
660
728
596
772
552
644
708
636
676
768
592
804
640
644
768
596
684
740
588
788
684
660
808
572
716
708
612
712
644
552
796
524
736
660
608
716
700
616
824
592
748
720
692
780
692
664
784
668
700
712
604
736
608
672
700
696
636
752
616
740
592
692
672
684
604
688
620
688
632
676
696
692
668
616
728
604
704
640
744
684
728
588
788
548
720
640
664
716
652
600
740
604
716
680
604
728
628
684
748
628
728
764
620
828
616
656
712
624
676
748
596
820
612
692
748
540
656
764
628
784
640
676
860
628
728
672
652
828
700
576
772
572
796
676
596
684
704
672
804
572
724
716
624
736
636
664
760
632
660
708
628
748
632
716
708
680
588
732
616
744
624
704
672
736
656
724
616
660
672
688
704
684
652
644
744
608
692
684
716
688
684
628
748
568
704
636
636
660
604
580
756
596
752
708
668
796
700
692
728
588
716
740
596
800
604
708
732
636
676
760
584
828
624
712
728
600
696
744
592
780
612
600
796
580
732
672
632
752
692
636
824
548
732
656
660
764
700
628
780
580
744
692
664
716
636
668
744
620
656
720
616
732
620
700
684
684
660
720
652
732
640
768
704
612
692
740
744
632
724
636
640
680
668
704
752
636
724
660
712
684
668
604
800
600
768
632
596
692
668
684
804
568
716
688
620
764
628
640
716
576
724
760
600
804
556
692
728
628
656
720
568
796
644
708
748
568
660
716
604
796
632
648
772
588
728
668
616
708
656
652
820
576
760
676
660
684
652
632
780
584
748
700
692
756
668
648
688
644
688
692
612
732
668
736
696
716
644
748
628
712
624
720
656
724
648
716
636
644
648
664
660
696
648
640
744
656
764
652
692
704
696
600
728
600
744
652
652
740
648
624
792
612
748
664
620
768
624
660
740
604
716
716
580
848
640
732
760
636
704
768
588
804
564
660
740
644
712
716
592
780
668
696
788
556
716
676
684
796
664
600
764
548
764
688
672
748
648
636
776
580
720
632
632
704
664
648
708
608
656
712
676
760
644
732
684
708
644
740
660
744
648
708
644
728
636
716
740
640
668
656
672
692
680
664
764
616
776
660
676
676
668
616
784
588
740
636
676
752
640
620
724
520
708
648
576
784
620
732
780
604
732
712
628
808
564
704
732
552
660
732
580
788
564
704
768
636
700
712
644
848
636
640
748
584
764
660
600
740
680
664
792
556
764
640
652
664
672
676
788
596
712
652
660
712
640
716
748
680
652
684
620
684
608
660
624
688
628
752
664
700
632
684
620
736
636
716
664
628
660
676
664
680
604
672
740
604
732
660
684
708
696
660
804
580
788
696
700
740
628
620
740
556
756
644
608
748
588
704
728
588
676
692
584
816
604
708
704
604
712
740
588
820
596
740
748
604
688
700
588
768
604
660
760
600
736
640
632
772
716
664
780
600
764
652
684
692
660
636
764
556
732
632
700
692
676
668
712
696
692
708
668
732
668
744
684
716
592
704
652
704
668
644
668
764
632
676
700
644
760
656
684
760
656
692
736
596
780
692
676
692
684
620
744
512
792
640
648
660
588
628
768
516
668
632
688
832
596
652
752
652
768
680
560
804
568
756
692
588
732
720
572
820
596
780
752
604
756
716
632
740
568
684
752
596
716
628
660
760
648
620
760
540
732
608
652
696
644
616
756
580
720
644
668
656
636
676
704
684
644
684
672
700
660
712
672
764
660
748
676
732
684
704
636
768
608
728
700
664
696
664
584
676
608
668
736
588
716
636
668
676
612
668
752
552
796
644
668
744
676
696
772
560
760
628
620
764
588
716
748
628
764
668
564
820
560
768
716
660
712
708
592
812
552
748
696
588
708
704
600
752
584
684
740
612
760
620
636
692
660
668
756
556
724
604
704
724
680
604
732
584
680
636
672
692
628
660
700
684
644
696
636
700
636
680
616
688
580
732
660
700
680
728
652
764
624
740
712
644
700
668
672
772
664
672
712
544
752
624
684
704
628
652
772
556
776
612
676
732
632
680
744
524
756
644
668
744
584
708
664
528
740
668
592
764
548
764
704
648
696
716
684
908
596
776
752
684
720
664
596
788
640
716
720
584
764
660
648
652
624
668
772
556
752
636
728
640
636
624
768
608
680
592
672
676
652
636
664
692
676
684
652
700
652
724
668
748
588
708
620
672
652
684
620
728
596
744
684
660
712
692
720
780
700
740
772
660
812
640
684
696
612
628
728
504
692
544
604
692
588
616
728
540
760
636
644
772
596
756
764
600
712
640
596
824
584
780
704
624
708
704
604
792
564
756
724
676
756
712
636
764
632
692
728
580
696
604
660
688
620
604
732
612
744
624
708
688
692
648
704
592
732
652
692
712
700
664
684
664
620
692
664
648
628
672
596
760
632
756
660
668
708
740
684
804
604
724
748
664
796
636
644
772
668
716
640
580
736
632
688
700
608
704
824
564
756
536
644
736
604
708
756
508
768
628
652
748
556
684
700
568
796
684
628
764
552
768
776
692
748
676
636
856
628
748
648
636
748
716
612
724
576
700
740
644
756
688
676
732
668
668
720
540
696
596
700
668
632
612
724
656
692
596
668
672
676
672
684
692
664
704
684
712
684
712
668
764
588
748
676
676
664
696
668
776
592
756
668
640
728
652
624
756
632
732
712
604
744
564
644
676
584
652
740
536
760
588
652
652
564
660
768
596
780
648
708
792
620
756
728
612
744
676
660
808
548
756
684
644
732
668
604
752
536
756
684
632
700
676
652
772
628
704
704
620
716
632
716
732
680
640
712
620
740
616
688
656
696
656
720
632
708
660
716
664
676
664
700
716
652
688
664
640
636
676
684
780
636
760
648
648
668
668
636
768
616
764
696
628
712
620
700
744
588
704
712
596
792
596
696
728
628
716
752
576
776
556
716
760
604
684
688
576
832
636
672
716
572
764
716
612
744
648
700
804
552
732
672
692
736
640
632
820
572
740
668
652
672
620
608
756
628
724
716
632
740
648
668
672
668
680
740
608
740
624
724
676
696
664
792
700
740
660
708
664
708
668
692
660
636
728
676
656
660
684
668
764
568
740
648
668
680
680
652
760
556
756
660
676
740
644
664
712
564
748
696
616
776
600
724
728
624
724
724
564
808
596
764
732
636
716
740
572
764
596
696
736
564
708
700
612
764
636
672
800
564
768
676
668
728
676
620
752
552
752
644
636
688
656
672
736
580
696
740
668
724
640
668
672
660
644
760
664
736
632
732
672
724
660
732
620
684
636
676
628
724
700
720
708
644
728
692
664
700
660
644
756
608
756
656
724
880
988
1052
1264
1160
1552
1612
1808
2024
2176
2292
2372
2228
2452
2340
2360
2460
2420
2420
2412
2296
2412
2464
2288
2560
2276
2404
2372
2336
2456
2424
2332
2544
2308
2416
2456
2304
2416
2360
2304
2472
2332
2284
2380
2252
2476
2284
2280
2336
2356
2364
2448
2196
2404
2300
2312
2316
2300
2316
2384
2280
2376
2368
2356
2356
2300
2332
2384
2404
2352
2348
2268
2356
2320
2380
2284
2380
2312
2428
2300
2320
2304
2360
2312
2376
2300
2352
2328
2284
2360
2300
2300
2344
2288
2280
2372
2204
2416
2272
2304
2336
2308
2304
2380
2200
2380
2260
2232
2340
2264
2328
2352
2212
2368
2300
2220
2408
2200
2312
2320
2260
2336
2340
2180
2392
2168
2296
2288
2204
2276
2308
2164
2404
2204
2324
2308
2140
2336
2316
2244
2320
2224
2288
2380
2180
2328
2188
2212
2304
2276
2216
2320
2144
2308
2212
2224
2260
2272
2228
2268
2200
2292
2272
2220
2296
2252
2296
2280
2256
2216
2316
2220
2304
2216
2328
2248
2336
2208
2300
2224
2252
2260
2280
2200
2264
2192
2248
2284
2144
2284
2204
2236
2276
2232
2216
2324
2104
2288
2164
2208
2284
2204
2228
2316
2116
2352
2212
2212
2284
2184
2248
2296
2112
2292
2204
2124
2248
2096
2252
2240
2148
2260
2176
2076
2360
2100
2224
2212
2168
2296
2248
2068
2240
2072
2280
2260
2064
2216
2212
2168
2248
2120
2140
2252
2060
2264
2128
2184
2208
2172
2128
2248
2096
2284
2132
2152
2196
2228
2184
2196
2124
2200
2176
2164
2184
2148
2204
2204
2216
2140
2252
2152
2228
2156
2240
2120
2192
2076
2176
2120
2164
2132
2168
2120
2188
2116
2192
2204
2116
2204
2120
2116
2164
2148
2124
2220
2024
2236
2096
2132
2180
2116
2132
2216
2032
2264
2140
2124
2228
2072
2152
2172
2024
2188
2128
2072
2236
2020
2176
2148
2052
2168
2156
2044
2256
2008
2196
2136
2064
2168
2136
2048
2188
1964
2092
2164
2036
2184
2072
2064
2180
2076
2120
2176
1992
2148
2068
2128
2132
2124
2056
2176
2004
2228
2112
2156
2120
2092
2096
2172
2112
2172
2124
2088
2120
2092
2128
2108
2156
2084
2180
2076
2108
2040
2104
2044
2164
2036
2168
2096
2088
2088
2084
2008
2108
2032
2120
2132
2032
2140
2076
2080
2140
2068
2044
2160
1972
2228
2096
2108
2104
2004
2048
2116
1916
2168
2024
2024
2128
1992
2108
2172
1920
2180
2060
2092
2196
1976
2060
2172
1948
2084
2080
1968
2216
1936
2144
2076
1992
2108
2092
1976
2164
1996
2072
2060
1964
2148
2100
2084
2108
1944
1976
2084
1952
2164
2008
1992
2008
2044
2092
2184
1944
2064
1976
2040
2072
2068
2024
2032
1984
2056
2068
2000
1992
1960
1996
2040
2080
1972
2076
2016
2072
2028
2064
1996
2092
1984
2068
1996
2024
2036
2020
2004
2104
2000
2040
1984
1908
2100
2000
2008
2032
1952
2008
2060
1860
2104
1940
1992
2024
1972
2004
2048
1892
2128
1956
1976
2100
1932
2044
2060
1912
2076
2000
1936
2124
1888
2080
2012
1916
2020
1996
1920
2108
1868
2060
1988
1924
2024
2012
1924
2104
1928
2012
1996
1924
2052
1948
1980
2044
1932
1944
2016
1896
2064
1924
1996
1980
1944
1948
2016
1876
2012
1956
2024
2008
1988
1952
1988
1916
1916
1916
1912
1932
1944
1964
1932
1980
1880
2004
1916
1948
2008
1956
1924
2012
1900
2028
1972
1920
1964
1968
1964
2020
1908
1996
1992
1868
2028
1924
1920
1960
1876
1940
2008
1824
2048
1872
1936
1984
1884
1972
2036
1788
2036
1880
1896
1964
1848
1936
1928
1792
2000
1840
1832
2008
1784
1964
1916
1872
2012
1924
1832
2024
1820
2048
1948
1884
1976
2008
1956
2076
1840
1964
1964
1848
1956
1860
1884
1936
1892
1900
2012
1792
1988
1860
1936
1956
1932
1884
1936
1808
1916
1836
1852
1804
1840
1860
1880
1864
1928
1944
1924
1916
1888
1892
1852
1944
1844
1940
1848
1892
1888
1932
1868
1992
1820
1976
1876
1852
1908
1904
1860
1916
1808
1888
1916
1784
1956
1832
1916
1936
1860
1904
1924
1752
1996
1772
1864
1916
1820
1916
1980
1768
2004
1808
1880
1956
1816
1932
1932
1808
1992
1884
1876
2008
1724
1972
1900
1860
1916
1856
1768
2004
1804
2012
1888
1792
1848
1864
1832
1996
1772
1888
1864
1820
1944
1856
1844
1848
1812
1864
1920
1756
1924
1788
1860
1832
1824
1772
1860
1760
1908
1816
1872
1804
1868
1848
1876
1820
1836
1860
1848
1828
1820
1852
1780
1868
1780
1908
1828
1812
1856
1884
1820
1900
1704
1892
1768
1796
1848
1836
1804
1904
1752
1848
1828
1732
1916
1780
1808
1828
1728
1828
1872
1672
1924
1744
1840
1856
1744
1812
1856
1672
1936
1744
1804
1916
1752
1884
1868
1708
1852
1768
1764
1904
1728
1876
1820
1756
1836
1840
1760
1980
1624
1876
1812
1828
1860
1744
1760
1912
1788
1840
1788
1720
1832
1804
1780
1808
1748
1804
1860
1712
1884
1764
1792
1772
1816
1804
1824
1688
1732
1712
1820
1776
1780
1760
1812
1848
1832
1820
1780
1768
1792
1800
1744
1880
1712
1852
1692
1752
1836
1912
1768
1840
1608
1868
1764
1744
1788
1736
1744
1852
1724
1816
1776
1672
1880
1716
1756
1828
1728
1780
1804
1644
1912
1704
1748
1804
1720
1772
1796
1616
1844
1692
1752
1800
1624
1804
1796
1696
1868
1744
1720
1848
1628
1828
1752
1732
1820
1792
1724
1876
1640
1820
1708
1688
1764
1744
1700
1804
1644
1752
1768
1712
1808
1724
1744
1744
1700
1772
1820
1668
1800
1712
1796
1728
1712
1668
1764
1692
1800
1744
1764
1688
1740
1692
1740
1716
1668
1724
1708
1712
1776
1732
1672
1776
1660
1788
1700
1676
1740
1736
1700
1800
1624
1792
1728
1716
1800
1760
1684
1760
1636
1788
1748
1656
1792
1632
1716
1760
1636
1740
1784
1568
1820
1620
1688
1716
1660
1692
1776
1600
1820
1592
1732
1820
1644
1768
1712
1612
1800
1684
1644
1768
1588
1812
1668
1604
1732
1668
1608
1772
1568
1820
1724
1652
1680
1652
1640
1772
1604
1720
1736
1668
1760
1692
1688
1724
1704
1680
1732
1628
1736
1648
1692
1648
1732
1660
1744
1632
1736
1668
1724
1636
1688
1632
1676
1716
1660
1724
1664
1680
1688
1732
1680
1732
1544
1732
1632
1688
1712
1684
1652
1740
1580
1760
1660
1624
1736
1644
1644
1736
1588
1712
1684
1564
1756
1604
1680
1712
1636
1716
1708
1544
1820
1636
1692
1704
1628
1688
1720
1540
1796
1580
1660
1720
1560
1728
1692
1612
1756
1624
1620
1780
1568
1776
1620
1620
1684
1676
1608
1740
1528
1712
1636
1656
1708
1660
1600
1676
1568
1676
1652
1600
1692
1608
1648
1656
1668
1660
1676
1564
1700
1576
1660
1612
1676
1608
1692
1572
1636
1612
1632
1576
1676
1600
1632
1664
1600
1660
1612
1616
1628
1576
1568
1736
1528
1704
1564
1592
1640
1608
1564
1696
1500
1756
1632
1596
1656
1568
1596
1676
1524
1652
1644
1544
1748
1540
1600
1660
1560
1664
1692
1520
1772
1540
1636
1652
1552
1648
1648
1468
1688
1532
1640
1684
1476
1664
1612
1532
1724
1596
1564
1720
1500
1780
1564
1588
1604
1592
1596
1684
1400
1736
1548
1620
1660
1648
1556
1664
1604
1600
1572
1556
1632
1580
1556
1616
1584
1600
1660
1568
1676
1548
1632
1560
1636
1560
1628
1552
1596
1580
1660
1572
1604
1508
1564
1604
1584
1640
1588
1532
1604
1580
1580
1684
1476
1680
1604
1640
1644
1644
1556
1644
1444
1692
1528
1528
1676
1552
1564
1588
1448
1640
1612
1472
1652
1480
1612
1600
1500
1592
1664
1504
1728
1456
1580
1588
1492
1588
1632
1500
1712
1508
1588
1644
1556
1708
1572
1496
1652
1536
1524
1608
1428
1684
1556
1556
1580
1548
1536
1632
1420
1616
1532
1556
1572
1556
1512
1592
1484
1548
1528
1516
1588
1560
1548
1520
1536
1548
1604
1508
1604
1488
1560
1508
1600
1488
1600
1532
1564
1540
1576
1516
1660
1524
1564
1564
1512
1560
1532
1500
1588
1508
1512
1572
1400
1584
1484
1500
1572
1524
1524
1628
1412
1636
1476
1464
1604
1512
1528
1592
1404
1564
1524
1428
1628
1416
1536
1544
1520
1564
1580
1408
1612
1384
1572
1596
1496
1540
1544
1444
1668
1428
1512
1512
1428
1632
1492
1436
1612
1524
1528
1572
1364
1596
1516
1508
1532
1532
1520
1640
1424
1572
1464
1512
1548
1532
1520
1592
1504
1540
1524
1492
1564
1520
1524
1520
1548
1512
1560
1468
1564
1472
1524
1432
1528
1424
1532
1468
1480
1492
1536
1464
1576
1464
1504
1532
1464
1580
1512
1492
1544
1508
1508
1612
1400
1632
1456
1508
1556
1504
1472
1616
1388
1656
1496
1476
1560
1452
1500
1552
1416
1556
1476
1396
1588
1400
1524
1484
1412
1536
1536
1392
1608
1384
1516
1524
1436
1536
1520
1392
1600
1412
1496
1504
1368
1560
1452
1436
1548
1472
1468
1548
1380
1624
1488
1472
1484
1452
1436
1588
1452
1580
1488
1532
1512
1472
1428
1472
1452
1488
1452
1412
1468
1448
1472
1444
1512
1468
1520
1428
1476
1424
1504
1440
1512
1396
1476
1428
1468
1484
1484
1416
1532
1380
1448
1468
1400
1516
1464
1468
1528
1472
1456
1548
1352
1552
1392
1436
1488
1452
1432
1536
1288
1528
1380
1388
1512
1388
1440
1500
1360
1564
1460
1368
1560
1312
1464
1452
1404
1528
1488
1328
1592
1384
1504
1448
1388
1488
1464
1356
1580
1392
1492
1516
1396
1532
1444
1408
1536
1436
1452
1508
1348
1556
1416
1444
1464
1468
1320
1548
1332
1516
1356
1460
1372
1528
1448
1508
1436
1448
1480
1412
1440
1424
1432
1404
1448
1380
1528
1376
1424
1368
1452
1360
1492
1352
1436
1344
1416
1440
1432
1384
1476
1348
1420
1452
1408
1516
1392
1372
1452
1444
1460
1480
1272
1576
1412
1440
1476
1364
1404
1520
1296
1580
1352
1356
1444
1292
1436
1468
1316
1440
1332
1356
1536
1356
1468
1396
1372
1476
1416
1300
1516
1320
1484
1408
1356
1448
1452
1348
1492
1340
1472
1452
1336
1480
1388
1396
1500
1392
1412
1472
1340
1512
1320
1416
1428
1444
1364
1448
1332
1500
1356
1388
1396
1416
1372
1384
1340
1392
1392
1372
1348
1376
1416
1388
1400
1316
1436
1368
1436
1400
1432
1336
1508
1312
1436
1356
1416
1408
1432
1312
1460
1316
1436
1420
1316
1444
1396
1380
1440
1348
1360
1460
1272
1508
1344
1372
1416
1376
1380
1512
1236
1528
1320
1384
1476
1328
1396
1452
1336
1500
1388
1320
1448
1244
1424
1376
1300
1356
1380
1300
1532
1256
1388
1348
1360
1436
1352
1264
1472
1312
1428
1404
1276
1460
1384
1368
1412
1336
1360
1440
1252
1420
1280
1352
1344
1348
1332
1428
1292
1396
1316
1384
1372
1384
1316
1392
1352
1352
1308
1288
1332
1372
1388
1336
1368
1284
1396
1300
1344
1324
1356
1308
1428
1308
1432
1332
1344
1368
1348
1316
1468
1300
1400
1376
1320
1444
1320
1308
1408
1308
1368
1436
1236
1484
1268
1328
1412
1352
1372
1424
1176
1480
1268
1312
1408
1276
1396
1396
1272
1428
1316
1308
1492
1240
1404
1324
1300
1364
1348
1260
1480
1228
1380
1296
1288
1396
1384
1264
1396
1224
1348
1368
1296
1428
1328
1340
1420
1308
1332
1404
1252
1412
1256
1336
1320
1376
1304
1348
1236
1380
1288
1348
1276
1340
1308
1320
1336
1372
1348
1316
1300
1340
1312
1276
1360
1276
1380
1280
1316
1320
1304
1232
1348
1204
1364
1280
1280
1364
1308
1280
1384
1240
1336
1344
1276
1432
1296
1284
1384
1280
1304
1340
1144
1428
1224
1292
1344
1276
1320
1388
1188
1444
1252
1280
1408
1260
1348
1340
1196
1372
1240
1256
1432
1264
1356
1304
1252
1336
1340
1264
1432
1208
1364
1296
1264
1368
1312
1260
1408
1248
1356
1328
1260
1388
1292
1264
1352
1260
1300
1364
1260
1380
1244
1292
1284
1328
