25505
25567
6392

612
612
696
704
632
768
564
696
656
616
660
684
604
772
588
720
692
644
688
672
684
760
664
672
676
608
696
616
656
636
680
624
704
660
708
616
704
640
708
664
724
688
692
676
736
680
704
668
660
748
644
680
628
588
628
704
652
780
584
724
704
644
680
700
644
768
600
688
688
620
732
676
648
764
624
704
768
588
784
628
680
736
668
708
780
556
816
584
700
724
596
716
776
660
720
664
600
740
568
664
720
660
740
688
552
736
572
760
668
628
668
748
640
784
620
716
700
644
736
696
656
700
644
684
728
632
716
620
704
664
724
660
764
672
744
640
724
624
680
640
688
680
688
672
708
640
692
680
648
728
604
724
716
696
688
684
616
776
604
740
692
660
716
704
620
796
612
676
704
624
788
696
676
740
620
668
720
548
768
656
692
724
648
664
808
584
816
644
688
736
636
700
768
628
780
672
684
756
604
720
716
636
740
704
644
780
580
744
692
648
632
640
588
740
572
740
688
672
680
644
624
680
616
676
712
660
732
648
724
676
708
640
716
668
720
612
732
668
740
596
636
672
692
668
740
628
708
704
696
736
576
700
672
644
696
700
624
760
568
760
688
640
640
708
628
872
620
716
716
636
748
648
640
740
620
692
764
584
748
612
664
748
636
680
748
580
768
600
640
716
604
676
680
608
732
712
640
760
572
748
700
628
648
668
624
756
580
760
712
668
672
684
672
764
568
704
668
644
704
656
656
700
652
648
692
620
696
676
728
616
708
668
720
608
688
648
780
636
736
612
736
736
652
628
712
672
744
636
620
708
636
776
688
632
688
716
620
716
544
756
684
644
660
700
632
740
548
728
724
644
724
644
636
792
624
696
732
580
784
612
672
724
636
688
768
600
836
652
708
720
588
652
708
592
760
624
648
704
604
732
708
660
676
652
628
740
592
712
660
680
668
688
608
728
608
736
704
704
716
720
688
720
672
716
740
660
704
652
740
660
728
624
692
656
704
644
736
596
704
652
740
716
680
692
716
652
716
692
676
724
600
684
652
648
724
704
640
796
584
736
676
656
720
704
636
784
600
736
716
612
744
644
664
732
588
708
744
576
788
652
732
748
632
652
740
556
796
660
680
764
636
676
740
568
672
740
700
808
548
696
644
636
704
652
632
764
612
760
652
684
684
696
600
744
600
756
652
660
696
740
700
692
668
704
728
656
688
664
740
640
732
648
712
652
640
636
720
604
748
616
676
684
640
656
692
616
724
664
688
752
596
700
652
632
692
672
652
756
552
768
668
648
672
684
668
804
624
764
680
604
776
644
668
732
608
724
740
588
764
580
664
688
604
664
712
548
780
608
712
728
620
660
740
604
760
636
684
732
608
732
696
648
692
684
632
764
572
728
628
680
676
728
648
740
624
764
672
648
640
672
700
708
676
672
684
672
716
680
736
652
720
656
728
700
704
656
756
580
732
648
684
684
684
760
712
588
704
656
692
800
604
772
724
744
728
668
620
776
556
796
680
636
632
604
604
800
572
716
620
592
784
712
680
716
592
720
748
584
756
588
676
716
604
716
708
544
732
612
728
736
552
672
712
664
780
664
636
764
620
740
664
628
696
700
640
700
592
752
664
692
684
744
696
712
540
676
724
724
664
688
660
660
680
660
680
636
692
712
740
600
676
604
736
708
700
692
768
668
788
600
676
704
664
692
700
628
764
644
644
716
604
728
648
644
740
676
656
780
568
748
688
660
700
668
644
764
568
732
668
636
732
576
632
724
588
720
716
580
776
620
736
688
600
668
728
584
748
572
720
724
640
704
728
628
748
636
716
716
616
716
664
676
700
680
624
736
624
752
660
736
644
716
672
740
628
728
676
720
656
716
684
660
652
664
708
692
684
640
708
628
756
644
728
660
652
680
736
628
768
636
708
700
624
708
704
612
732
644
708
788
596
744
676
644
720
668
632
760
568
768
644
648
724
684
640
752
564
752
708
652
776
632
696
784
636
744
736
620
788
600
748
728
628
692
712
552
792
604
728
708
636
740
648
676
700
664
664
724
544
764
648
672
696
672
664
672
572
700
656
736
628
692
644
760
684
752
668
700
664
680
620
632
660
640
684
672
664
704
716
636
732
644
736
684
692
684
728
604
740
588
684
668
612
676
708
616
760
636
684
728
576
744
648
684
744
632
664
764
532
756
620
640
684
640
668
780
564
760
628
624
740
632
696
708
596
724
716
612
772
564
696
644
608
676
700
600
772
576
700
644
640
696
684
600
740
616
704
704
632
736
640
660
680
696
664
740
624
708
636
720
652
700
664
740
648
724
644
716
652
696
708
688
704
660
708
716
700
712
732
596
728
624
740
672
668
692
740
616
760
632
752
716
628
692
712
620
736
620
772
772
536
744
660
664
708
644
644
768
560
804
636
644
708
660
652
784
588
784
652
624
744
636
684
696
548
780
676
608
736
608
704
712
620
708
676
608
748
588
732
676
608
676
708
612
704
588
672
648
620
732
684
664
664
672
668
748
664
740
656
744
684
756
580
652
700
764
672
692
644
772
668
652
676
656
764
696
596
624
744
688
744
544
696
672
628
608
672
632
800
628
740
692
652
732
668
616
748
668
756
736
548
764
672
644
700
620
688
756
516
760
596
668
720
592
652
756
604
804
676
688
748
584
700
684
592
700
636
572
732
584
744
652
608
688
708
604
796
608
764
684
652
696
700
644
708
608
684
660
612
704
632
688
664
668
640
732
676
760
668
732
664
724
672
704
636
704
716
716
624
708
676
692
688
616
728
724
676
696
716
632
752
584
736
672
688
708
716
644
792
612
716
684
616
728
684
632
748
588
684
700
556
740
592
676
724
676
708
748
536
776
612
668
740
632
700
764
572
768
616
636
704
604
700
688
572
684
672
644
784
600
728
676
656
712
692
580
752
552
736
700
688
688
704
664
760
652
692
712
632
788
648
632
676
700
720
668
640
656
632
700
604
744
668
736
624
652
656
684
628
708
660
668
700
648
692
660
640
704
704
624
760
584
744
656
648
700
708
620
776
596
764
700
604
700
652
652
752
620
760
720
556
776
616
648
700
616
644
720
544
780
612
636
672
628
660
724
532
764
640
652
720
604
700
740
684
800
716
612
752
572
740
668
660
692
704
612
748
568
716
628
644
668
676
644
724
672
748
696
628
668
624
688
664
704
656
720
648
704
624
692
620
736
668
740
660
664
644
716
648
716
660
672
712
632
712
692
648
684
660
636
792
608
740
656
676
704
704
644
800
632
808
732
648
756
660
664
748
624
696
752
576
772
640
744
752
612
660
764
608
780
612
660
716
648
700
736
536
784
636
688
736
664
684
704
592
744
668
636
724
568
764
736
676
664
684
628
800
624
732
660
628
680
712
676
708
636
668
684
672
732
684
664
616
688
656
664
648
740
688
744
664
788
672
744
632
652
684
760
604
700
652
692
744
580
668
648
700
768
672
576
760
572
732
608
636
708
692
572
748
564
780
676
604
732
700
660
736
556
716
756
628
792
588
692
748
648
668
708
572
796
620
668
668
604
672
704
580
800
660
692
772
660
748
716
624
720
660
664
772
552
704
636
644
700
692
620
720
588
740
664
672
668
684
648
696
636
692
664
668
712
660
716
636
700
664
676
640
668
604
708
632
764
684
756
716
704
708
740
668
760
676
664
724
624
720
672
628
680
644
600
756
572
740
652
620
700
696
608
744
572
740
680
628
728
644
652
732
588
728
732
564
768
620
696
704
620
704
764
596
804
640
724
740
656
716
724
572
752
604
636
716
604
708
696
636
716
688
652
752
596
760
660
680
712
736
652
748
632
752
644
660
696
712
664
684
672
740
704
700
648
680
728
636
716
668
660
752
708
712
692
584
712
620
692
652
676
724
716
600
720
640
660
740
576
748
664
664
712
692
676
752
560
732
632
688
740
696
628
760
592
760
676
592
720
644
676
764
600
732
732
572
780
596
636
684
628
696
740
620
812
572
708
680
616
684
692
572
780
612
680
728
624
712
644
636
732
640
628
704
628
752
708
684
668
672
632
760
648
756
680
712
716
728
664
652
656
668
664
664
712
676
708
628
736
668
728
676
700
684
776
624
752
636
680
672
652
680
704
624
764
664
672
700
592
736
644
620
700
676
632
764
552
740
628
628
724
652
608
760
552
744
652
660
780
684
668
752
596
724
696
568
800
636
720
680
636
676
716
564
804
600
644
680
680
716
724
580
732
620
716
748
596
688
644
652
696
720
640
692
532
724
684
708
648
656
596
756
628
724
596
684
704
764
692
676
664
684
628
708
728
692
656
584
748
708
716
632
600
656
772
616
724
568
716
660
628
664
692
612
740
604
648
732
624
732
628
636
732
668
624
716
592
812
640
668
720
684
632
760
612
764
612
580
748
652
692
720
576
736
688
612
764
612
740
708
624
724
728
596
772
580
732
732
648
696
688
624
804
628
680
656
648
752
676
628
728
716
656
840
1148
1756
2144
2724
3380
4088
4728
5444
5844
6380
6624
6828
6868
6960
6948
7052
7076
7092
7100
7100
7128
7144
7172
7096
7208
7100
7144
7120
7120
7092
7156
7004
7196
7012
7104
7036
6996
7000
7032
6964
7096
6940
6956
7036
6936
7112
6972
6940
7000
6888
6880
7008
6828
7036
6868
6900
6964
6908
6860
6996
6780
6968
6856
6852
6928
6804
6868
6948
6792
6896
6888
6816
6964
6772
6884
6876
6828
6844
6828
6728
6972
6756
6864
6844
6796
6844
6856
6780
6912
6740
6816
6848
6740
6828
6764
6792
6800
6764
6744
6832
6708
6852
6748
6784
6724
6796
6736
6812
6696
6780
6736
6804
6704
6748
6732
6736
6736
6716
6728
6732
6716
6664
6676
6668
6712
6684
6660
6724
6648
6668
6692
6688
6820
6604
6720
6676
6660
6680
6660
6584
6772
6612
6632
6652
6544
6716
6652
6632
6668
6572
6612
6724
6508
6704
6560
6600
6648
6552
6572
6680
6464
6656
6556
6540
6640
6516
6568
6636
6484
6584
6548
6464
6632
6448
6572
6548
6516
6556
6604
6464
6660
6408
6560
6508
6500
6528
6540
6456
6592
6448
6528
6516
6456
6532
6460
6480
6504
6504
6468
6516
6412
6508
6436
6516
6428
6504
6436
6484
6420
6472
6404
6464
6396
6428
6412
6456
6476
6436
6456
6444
6408
6396
6420
6316
6452
6324
6464
6416
6384
6324
6388
6316
6468
6268
6404
6392
6320
6416
6384
6308
6420
6276
6344
6388
6236
6420
6312
6308
6396
6304
6300
6388
6160
6396
6272
6288
6312
6232
6232
6332
6136
6332
6236
6220
6348
6220
6304
6336
6176
6312
6260
6188
6344
6188
6256
6212
6144
6292
6272
6180
6300
6152
6260
6228
6156
6296
6240
6164
6216
6160
6268
6248
6144
6196
6176
6220
6188
6176
6144
6268
6140
6240
6136
6196
6092
6160
6152
6256
6168
6192
6040
6124
6108
6232
6136
6108
6128
6148
6208
6156
6048
6132
6208
6116
6156
6044
6168
6116
6072
6084
6140
6068
6220
6004
6136
6076
6012
6080
6064
6008
6192
6048
6128
6096
5944
6172
6036
6044
6124
6024
6056
6132
5900
6168
6012
6012
6020
5976
6028
6100
5856
6100
5996
6004
6108
5964
5964
6032
5912
6028
5940
5952
6088
5940
6040
5960
5912
5996
5992
5884
6052
5908
6040
5984
5904
5936
5980
5932
5984
5900
6012
5992
5880
5924
5908
5944
5924
5908
5888
5960
5880
5968
5916
5980
5860
5960
5920
5964
5856
5928
5872
5948
5828
5928
5884
5876
5908
5868
5876
5872
5816
5872
5892
5792
5948
5800
5904
5828
5836
5868
5864
5752
5880
5732
5876
5812
5768
5860
5832
5732
5888
5724
5816
5848
5744
5924
5796
5788
5844
5752
5780
5864
5676
5884
5716
5752
5780
5716
5756
5832
5644
5864
5740
5724
5820
5696
5776
5772
5684
5836
5768
5652
5816
5632
5744
5692
5680
5728
5724
5632
5788
5628
5732
5676
5680
5756
5744
5660
5724
5640
5712
5700
5688
5748
5656
5700
5692
5724
5664
5716
5628
5720
5632
5724
5636
5708
5620
5664
5608
5668
5612
5648
5584
5668
5604
5588
5628
5572
5628
5620
5576
5632
5588
5520
5664
5492
5684
5564
5580
5656
5604
5548
5672
5436
5660
5556
5568
5568
5556
5492
5644
5492
5556
5624
5504
5708
5496
5484
5616
5504
5572
5588
5428
5692
5460
5520
5524
5476
5492
5596
5440
5636
5476
5456
5588
5476
5560
5528
5416
5560
5480
5412
5556
5404
5536
5464
5436
5488
5436
5380
5548
5400
5540
5444
5424
5456
5464
5420
5484
5380
5436
5448
5440
5500
5424
5452
5404
5440
5376
5432
5372
5468
5372
5428
5380
5444
5364
5416
5384
5420
5396
5428
5320
5436
5344
5376
5388
5336
5392
5372
5352
5428
5404
5316
5440
5264
5400
5368
5332
5380
5356
5260
5436
5236
5392
5324
5256
5380
5316
5240
5368
5240
5356
5376
5220
5404
5260
5316
5344
5260
5300
5372
5156
5400
5212
5284
5332
5272
5304
5376
5172
5368
5216
5248
5296
5256
5292
5284
5164
5316
5160
5164
5256
5172
5252
5212
5180
5220
5224
5168
5280
5120
5224
5184
5228
5260
5264
5272
5340
5348
5480
5524
5504
5592
5632
5784
5816
5916
5936
5980
5956
6072
5940
5960
5916
6076
5972
6000
6000
6008
5988
5988
5916
6028
5964
5972
5916
5848
6004
6036
5904
5904
5900
5932
6112
5880
5980
5884
5912
5972
5908
5856
5996
5784
5944
5900
5884
5984
5880
5828
5976
5812
5940
5944
5756
5944
5796
5888
5916
5776
5856
5912
5756
5992
5776
5840
5864
5796
5872
5884
5748
5952
5748
5808
5864
5744
5816
5788
5744
5852
5784
5748
5860
5704
5840
5752
5808
5800
5764
5720
5892
5692
5752
5660
5768
5812
5764
5700
5784
5716
5804
5760
5772
5784
5732
5772
5712
5780
5704
5788
5704
5764
5672
5764
5676
5768
5608
5772
5768
5752
5660
5720
5624
5744
5604
5676
5744
5652
5720
5640
5612
5728
5680
5624
5756
5560
5744
5668
5660
5688
5644
5600
5748
5548
5720
5640
5604
5708
5616
5600
5728
5592
5684
5656
5580
5724
5548
5604
5672
5592
5624
5632
5468
5708
5504
5616
5632
5568
5588
5624
5484
5664
5512
5568
5596
5492
5596
5592
5536
5596
5516
5496
5604
5476
5572
5500
5504
5544
5556
5476
5568
5432
5564
5504
5552
5516
5572
5524
5544
5500
5536
5496
5500
5508
5484
5500
5476
5512
5452
5524
5492
5476
5432
5468
5428
5556
5404
5488
5456
5452
5456
5480
5400
5504
5384
5432
5484
5380
5448
5400
5396
5464
5396
5388
5536
5340
5500
5376
5384
5460
5412
5244
5532
5260
5496
5372
5348
5364
5456
5348
5520
5280
5368
5372
5280
5500
5268
5400
5464
5380
5364
5356
5220
5444
5248
5376
5432
5356
5356
5388
5276
5460
5276
5284
5308
5216
5360
5324
5268
5364
5292
5256
5356
5208
5308
5248
5312
5360
5356
5280
5352
5244
5324
5256
5280
5300
5284
5280
5308
5316
5280
5276
5264
5260
5212
5256
5204
5308
5208
5276
5252
5244
5196
5256
5160
5324
5212
5284
5240
5228
5220
5212
5140
5276
5148
5204
5260
5140
5208
5156
5128
5224
5196
5156
5284
5096
5276
5156
5176
5212
5152
5104
5228
5064
5236
5124
5124
5216
5112
5132
5224
5108
5216
5176
5100
5256
5068
5148
5168
5096
5148
5172
5044
5252
5020
5152
5144
5120
5108
5136
4996
5260
5052
5148
5116
5084
5116
5100
5068
5132
5056
5060
5132
5060
5144
5024
5068
5080
5100
5004
5136
5000
5116
5020
5072
5044
5076
5024
5044
4996
5060
5032
5072
5044
4988
4944
5028
5128
4980
5004
4996
5056
5060
5076
4924
5016
4948
5084
4992
4964
4992
5056
4916
5092
4912
4964
5016
4960
5080
4980
4940
4992
4952
4932
5084
4932
5056
4908
4928
5052
5000
4916
5016
4824
5060
4956
4908
5016
4876
4876
4988
4872
5004
4944
4848
5020
4840
4924
4932
4892
4948
4988
4852
5048
4828
4912
4916
4880
4956
4952
4856
4956
4820
4904
4916
4840
4896
4860
4844
4964
4872
4852
4900
4812
4904
4848
4908
4844
4864
4812
4904
4804
4920
4812
4868
4836
4872
4848
4888
4888
4840
4816
4812
4860
4836
4828
4752
4876
4820
4864
4788
4816
4808
4864
4772
4868
4732
4836
4848
4836
4836
4816
4748
4856
4696
4744
4872
4748
4824
4684
4700
4800
4732
4708
4844
4664
4876
4732
4728
4800
4740
4736
4856
4612
4828
4720
4700
4812
4676
4696
4800
4668
4768
4740
4660
4844
4636
4736
4764
4704
4780
4736
4628
4828
4596
4712
4712
4700
4728
4748
4628
4732
4604
4688
4724
4652
4720
4704
4720
4760
4676
4672
4756
4648
4724
4620
4668
4640
4672
4596
4688
4616
4724
4636
4696
4612
4636
4596
4648
4624
4628
4604
4640
4604
4620
4620
4548
4664
4544
4616
4596
4612
4592
4628
4516
4664
4508
4620
4620
4588
4652
4608
4568
4704
4564
4616
4648
4492
4660
4564
4552
4652
4560
4548
4652
4428
4604
4476
4540
4632
4576
4548
4656
4456
4692
4468
4560
4576
4528
4516
4620
4408
4664
4564
4508
4692
4436
4596
4552
4468
4504
4564
4504
4612
4384
4520
4516
4492
4524
4500
4428
4580
4456
4488
4500
4484
4556
4460
4492
4544
4484
4452
4532
4428
4508
4424
4476
4456
4496
4436
4524
4432
4492
4396
4536
4468
4484
4448
4428
4468
4472
4480
4464
4444
4416
4448
4388
4552
4404
4500
4420
4440
4436
4448
4352
4504
4336
4432
4432
4388
4432
4416
4380
4528
4372
4444
4436
4300
4420
4368
4384
4452
4292
4324
4460
4288
4492
4312
4344
4396
4348
4364
4496
4280
4476
4316
4352
4436
4292
4324
4352
4232
4392
4324
4276
4440
4248
4348
4328
4348
4336
4340
4224
4492
4224
4396
4256
4344
4324
4356
4244
4432
4288
4348
4312
4272
4324
4276
4260
4292
4272
4268
4304
4248
4336
4252
4316
4256
4324
4272
4308
4240
4352
4244
4304
4240
4300
4220
4308
4316
4220
4196
4240
4260
4284
4220
4168
4300
4212
4316
4208
4284
4316
4252
4152
4316
4152
4268
4268
4204
4272
4240
4228
4344
4084
4172
4220
4188
4328
4156
4120
4240
4164
4208
4252
4108
4276
4128
4200
4300
4196
4144
4236
4060
4292
4144
4184
4236
4116
4200
4268
4116
4224
4128
4092
4252
4124
4280
4184
4104
4168
4148
4104
4288
4032
4180
4136
4140
4180
4168
4092
4192
4036
4144
4152
4124
4140
4088
4120
4140
4096
4092
4148
4076
4132
4044
4108
4056
4120
4064
4132
4060
4108
4076
4164
4056
4116
4052
4108
4132
4088
4084
4108
4084
4112
4056
4004
4108
3944
4076
4076
4100
4100
4060
3988
4188
3964
4100
4020
3996
4144
4104
3988
4144
3984
4092
4064
3972
4092
3976
3980
4056
3984
4044
4124
3928
4128
3948
4052
4056
3964
3968
4088
3932
4124
3924
3980
4084
3964
4000
4056
3948
4056
3944
3936
4084
3908
4024
3976
3952
3980
3988
3916
4064
3872
4004
3952
3988
4000
3988
3928
4036
3920
3988
3952
3960
3980
3944
3972
3968
3960
3888
3948
3896
3964
3892
3976
3896
3972
3876
3948
3900
3916
3880
3964
3916
4036
3884
3892
3892
3868
3920
3972
3908
3940
3876
3880
4016
3852
3956
3872
3880
3952
3984
3892
4036
3796
3928
3892
3868
3908
3860
3812
3960
3808
3900
3920
3820
3952
3828
3812
3916
3800
3860
3916
3808
4004
3780
3860
3888
3824
3856
3924
3776
3960
3760
3828
3904
3812
3824
3908
3732
3944
3760
3736
3868
3772
3920
3792
3800
3788
3812
3776
3932
3732
3872
3820
3812
3796
3780
3788
3880
3740
3800
3772
3788
3828
3772
3812
3844
3844
3804
3836
3772
3836
3756
3836
3740
3836
3736
3848
3780
3796
3732
3804
3716
3804
3716
3748
3784
3716
3788
3764
3744
3804
3744
3700
3844
3688
3820
3716
3716
3736
3748
3700
3852
3628
3796
3736
3720
3788
3724
3680
3836
3656
3772
3780
3708
3772
3636
3680
3788
3684
3708
3756
3596
3812
3604
3732
3740
3648
3696
3740
3616
3828
3644
3708
3748
3656
3692
3708
3628
3704
3632
3652
3740
3564
3732
3660
3676
3684
3696
3596
3716
3568
3716
3584
3664
3656
3684
3596
3704
3592
3676
3652
3652
3668
3620
3628
3612
3660
3624
3644
3624
3684
3624
3708
3624
3640
3528
3660
3660
3600
3560
3688
3568
3704
3548
3560
3596
3620
3668
3600
3564
3696
3636
3604
3652
3480
3676
3612
3592
3608
3616
3580
3736
3512
3676
3596
3560
3616
3588
3552
3704
3480
3604
3580
3528
3672
3472
3536
3656
3572
3604
3640
3472
3652
3452
3604
3620
3532
3532
3580
3464
3692
3516
3528
3548
3448
3552
3560
3476
3580
3468
3500
3588
3456
3564
3480
3500
3532
3504
3472
3592
3436
3560
3496
3544
3540
3520
3464
3580
3456
3520
3476
3528
3500
3500
3512
3472
3500
3468
3520
3480
3524
3484
3548
3436
3536
3420
3540
3472
3460
3432
3496
3404
3536
3424
3440
3512
3428
3500
3484
3436
3504
3428
3428
3568
3376
3484
3436
3440
3492
3448
3428
3564
3356
3552
3408
3444
3484
3420
3424
3580
3392
3496
3444
3412
3512
3376
3436
