7483
7506
1877

668
668
620
712
628
608
832
536
724
604
628
732
652
624
780
516
736
624
588
768
660
648
748
572
704
724
588
816
592
664
704
644
708
716
536
772
572
680
716
620
632
716
548
784
604
636
684
604
712
672
620
744
696
624
744
596
708
640
688
664
720
632
748
616
716
624
684
628
716
648
712
660
644
692
692
644
572
620
616
764
624
696
616
664
704
728
576
772
612
704
668
644
668
668
556
712
696
620
780
544
712
648
688
772
632
612
764
556
756
572
596
764
684
624
776
484
716
628
612
756
588
620
696
532
696
704
568
788
600
716
752
640
636
712
560
780
572
620
616
608
672
712
552
752
572
628
728
588
696
652
620
644
652
584
784
592
712
576
668
596
716
604
740
636
716
612
676
608
684
616
676
696
616
628
648
608
644
636
620
796
564
684
600
672
680
664
532
776
604
676
620
628
684
668
572
728
604
652
740
568
716
632
580
720
600
624
804
576
744
596
592
728
624
588
764
556
772
636
584
724
568
608
728
580
724
684
564
784
588
668
684
632
624
692
516
784
568
672
704
632
656
716
576
748
592
652
720
612
696
660
652
716
664
600
712
584
696
604
704
620
688
620
716
652
696
620
692
620
704
652
684
696
628
660
680
648
672
636
600
756
568
680
640
680
668
696
572
768
588
712
664
628
680
680
568
732
572
628
724
556
672
576
588
712
624
584
764
516
764
596
584
716
628
592
804
520
760
580
600
696
600
592
720
560
688
636
552
768
592
656
664
616
632
696
540
768
560
668
668
664
668
676
556
744
592
644
704
632
708
664
632
684
684
548
624
604
708
600
668
636
732
572
664
604
676
684
716
596
692
668
664
680
600
632
680
664
716
656
616
784
588
708
652
660
692
716
572
780
576
752
684
620
676
664
556
732
572
620
720
524
700
632
656
776
608
616
740
508
732
624
620
748
636
600
748
500
764
596
580
692
584
668
728
600
700
656
544
752
592
676
684
628
668
700
572
780
556
620
632
620
632
672
564
756
636
636
672
628
684
632
644
656
612
572
724
636
724
588
696
636
700
604
688
620
652
568
652
612
704
612
636
700
632
656
636
628
676
628
608
844
624
668
600
644
708
660
532
728
540
716
704
576
624
628
564
732
556
684
668
548
760
640
620
696
460
604
700
592
784
576
576
692
604
588
756
492
720
580
628
744
556
632
628
556
712
684
560
768
572
708
668
652
644
656
540
796
612
716
664
636
592
656
568
748
592
624
652
612
660
616
612
620
660
588
708
624
700
604
696
608
708
580
668
620
632
596
688
592
700
600
620
696
572
664
652
656
688
644
592
764
552
720
644
616
668
684
628
756
508
664
700
632
648
640
580
768
576
676
696
528
732
624
600
752
628
636
744
484
744
564
636
696
564
580
712
488
732
592
624
712
572
664
704
596
740
644
560
768
568
660
616
624
672
688
552
748
568
724
688
660
664
700
616
752
612
656
680
648
656
616
644
664
644
604
688
620
668
576
668
592
716
604
676
632
624
592
676
580
684
580
640
688
584
656
656
576
684
628
592
740
520
692
624
604
640
612
556
752
512
712
624
628
716
636
584
764
588
648
652
524
724
568
604
736
612
604
732
476
764
572
680
720
620
608
736
536
784
560
616
700
588
668
732
556
696
596
596
752
576
696
620
628
624
644
544
740
508
652
612
632
656
668
628
708
576
592
656
688
704
624
644
668
684
604
636
580
676
644
716
556
696
612
704
640
604
572
716
556
680
544
620
688
580
612
636
580
664
604
560
748
540
704
584
616
692
672
584
756
484
700
616
600
692
616
568
716
548
672
696
548
712
536
584
724
580
636
732
516
784
540
616
680
564
628
708
524
748
580
640
700
552
612
636
540
684
616
572
704
568
720
664
652
644
692
596
752
576
672
616
644
644
672
568
684
604
664
684
648
648
636
640
608
680
600
636
560
608
584
676
544
664
532
644
636
620
620
716
584
760
632
664
696
564
636
636
616
692
604
608
740
508
688
524
556
676
604
520
696
488
696
588
568
660
572
568
776
560
692
712
636
804
664
612
800
548
636
724
532
692
568
604
696
604
596
680
476
748
556
708
748
592
644
644
620
672
576
508
636
508
668
584
636
592
616
576
724
564
688
636
692
636
716
648
704
616
664
656
632
608
588
592
592
624
600
648
592
624
588
708
600
744
592
708
688
676
640
700
588
716
568
612
680
512
588
580
568
684
600
592
740
496
712
616
608
668
588
580
776
516
708
612
588
652
604
588
744
460
684
704
584
728
572
660
752
576
644
724
512
784
556
672
732
604
572
676
504
756
572
644
704
584
668
664
532
652
640
640
732
528
664
628
660
620
648
564
724
588
672
620
664
620
704
628
712
596
628
676
660
644
612
620
604
680
600
708
632
656
624
680
552
696
532
644
648
636
632
720
572
732
572
616
668
532
644
628
572
688
556
600
740
536
736
608
616
696
628
600
772
508
732
612
616
676
632
624
744
516
716
696
604
784
604
644
704
564
628
704
508
748
516
656
692
604
632
696
504
712
528
664
680
576
664
660
596
704
588
592
692
580
696
604
676
684
684
564
692
536
620
632
724
620
648
604
708
604
592
556
564
652
680
620
576
636
564
644
588
572
584
704
580
712
524
692
636
584
604
688
596
744
584
672
720
572
676
636
592
740
596
616
772
524
756
568
556
648
604
588
752
476
728
596
624
692
580
588
724
544
708
628
540
692
564
652
688
564
648
696
536
760
516
668
652
596
624
660
516
752
516
644
684
556
592
600
572
684
616
608
692
536
644
604
668
620
648
580
708
576
680
588
652
588
688
620
720
644
624
648
648
636
664
640
596
684
564
704
628
624
592
644
516
724
524
664
612
612
628
668
560
724
564
656
712
548
688
632
592
708
552
608
716
496
740
580
628
668
572
608
716
460
712
620
604
656
584
644
740
524
692
612
564
780
568
628
656
564
688
616
564
720
544
656
668
560
656
696
536
768
560
668
612
524
596
688
712
688
548
580
684
600
684
568
636
560
604
548
668
564
632
548
672
608
696
604
676
628
644
612
616
584
628
588
588
676
568
668
600
576
604
628
564
736
560
676
640
564
644
640
556
724
520
628
676
560
704
612
588
732
596
632
712
460
712
536
604
688
596
572
720
512
740
584
596
688
552
592
704
504
704
644
592
724
532
652
668
612
668
664
508
716
520
676
640
556
588
716
576
712
484
644
684
620
664
632
624
692
604
576
660
544
636
572
660
632
704
580
652
568
636
588
680
560
676
564
672
588
572
620
640
552
632
612
584
672
516
672
628
624
644
652
544
720
524
692
620
612
660
676
536
732
536
652
644
536
720
628
612
708
524
644
704
500
744
568
636
676
560
612
744
468
764
508
608
628
572
604
700
460
696
584
636
700
540
664
680
584
640
620
520
744
532
700
676
616
612
656
540
700
500
648
620
592
636
588
580
680
592
580
656
512
600
632
708
616
656
556
696
616
620
548
660
612
716
552
608
604
620
640
628
568
660
604
584
676
540
652
604
592
596
624
564
736
516
724
656
576
620
620
544
744
520
684
636
536
704
604
596
716
532
616
692
508
756
532
604
656
572
580
704
480
732
528
604
680
560
568
664
508
668
552
572
724
548
652
660
568
616
632
528
712
500
636
608
584
580
640
568
712
528
636
648
604
608
604
564
628
600
632
692
604
648
564
656
580
652
536
656
604
652
616
688
556
676
544
628
592
540
632
652
592
664
588
616
676
508
692
612
620
668
652
552
712
476
684
620
592
652
624
548
724
484
672
620
532
712
612
600
708
536
648
716
492
732
544
640
668
560
600
692
500
760
532
628
652
556
628
736
508
624
568
604
752
532
688
664
600
644
656
520
716
508
696
676
600
656
620
508
744
568
736
604
572
548
620
640
636
588
580
648
568
608
552
600
528
636
552
652
588
608
560
672
556
680
560
612
628
604
644
636
560
672
628
612
716
556
692
608
616
676
664
556
712
476
636
616
552
636
624
568
732
516
668
668
536
700
584
600
700
536
612
708
476
712
524
576
660
572
616
716
468
756
536
616
700
596
656
692
524
684
576
548
656
476
624
616
576
612
600
536
740
524
652
596
600
572
652
556
716
556
660
656
576
604
620
572
580
584
604
676
600
624
588
676
564
628
532
676
604
648
568
676
508
708
556
656
636
560
604
640
572
724
620
580
644
500
680
644
588
664
636
576
752
452
676
568
540
648
632
560
728
536
676
668
512
704
576
584
672
528
644
724
484
740
464
572
596
540
564
684
440
728
536
668
668
556
584
628
512
676
568
560
660
492
608
604
572
620
640
572
684
512
652
628
604
596
640
568
692
556
656
652
584
616
636
636
584
580
600
688
632
612
540
648
580
684
508
596
568
624
588
640
512
724
588
636
600
548
668
668
564
668
624
616
716
492
676
596
556
588
568
524
736
496
668
584
544
628
588
536
708
500
660
636
508
688
588
588
720
736
1024
1288
1248
1644
1596
1880
2072
2124
2264
2448
2316
2556
2388
2468
2520
2396
2468
2504
2416
2544
2460
2428
2556
2444
2540
2496
2508
2528
2572
2448
2596
2404
2532
2464
2492
2436
2500
2396
2500
2444
2532
2500
2452
2420
2420
2424
2460
2496
2436
2492
2416
2456
2412
2456
2348
2504
2400
2460
2396
2392
2412
2460
2348
2496
2392
2468
2492
2400
2480
2468
2372
2504
2380
2380
2472
2312
2520
2412
2392
2452
2412
2356
2504
2272
2520
2384
2364
2472
2428
2368
2492
2304
2432
2412
2304
2496
2364
2376
2464
2332
2440
2432
2204
2504
2320
2400
2432
2328
2380
2464
2300
2508
2352
2416
2428
2332
2444
2428
2320
2428
2328
2312
2464
2328
2404
2312
2324
2368
2388
2304
2388
2240
2404
2356
2376
2260
2420
2336
2404
2344
2360
2284
2400
2332
2468
2368
2372
2356
2336
2412
2344
2408
2340
2400
2256
2400
2304
2348
2348
2308
2340
2408
2288
2424
2276
2324
2336
2252
2372
2332
2252
2408
2320
2304
2436
2192
2404
2340
2316
2364
2320
2260
2400
2172
2380
2300
2240
2348
2280
2276
2428
2244
2380
2336
2208
2392
2252
2300
2316
2200
2324
2408
2192
2472
2260
2312
2324
2228
2300
2344
2156
2368
2236
2352
2352
2232
2292
2348
2264
2356
2304
2264
2336
2164
2296
2240
2268
2260
2284
2172
2348
2228
2360
2240
2264
2204
2332
2240
2324
2268
2264
2260
2244
2252
2280
2248
2240
2308
2232
2304
2232
2220
2256
2308
2152
2304
2188
2292
2216
2248
2284
2340
2152
2340
2156
2284
2284
2208
2256
2276
2168
2288
2204
2200
2356
2140
2336
2204
2196
2304
2252
2188
2352
2100
2332
2212
2192
2280
2256
2236
2324
2088
2280
2244
2172
2292
2136
2232
2316
2132
2264
2260
2104
2332
2156
2260
2264
2172
2220
2288
2124
2328
2140
2248
2232
2132
2220
2236
2124
2216
2188
2180
2236
2092
2240
2184
2216
2172
2200
2176
2284
2104
2244
2164
2188
2164
2232
2100
2180
2124
2212
2208
2184
2104
2120
2172
2188
2224
2128
2220
2204
2196
2148
2184
2120
2320
2136
2252
2172
2156
2172
2228
2092
2260
2112
2204
2204
2072
2244
2204
2108
2216
2124
2112
2248
2016
2256
2136
2116
2220
2120
2100
2288
2020
2272
2140
2116
2184
2132
2120
2276
2056
2216
2188
2076
2252
2092
2152
2232
2116
2180
2240
2064
2308
2036
2160
2172
2152
2180
2196
2044
2244
2068
2180
2180
2068
2156
2152
2064
2156
2108
2124
2204
2080
2156
2084
2092
2076
2172
2100
2188
2020
2112
2044
2116
2056
2156
2044
2104
2056
2088
2108
2124
2068
2136
2152
2108
2184
2080
2176
2116
2116
2120
2168
2044
2204
2040
2184
2116
2056
2100
2132
2012
2200
2020
2140
2140
1996
2176
2092
2028
2152
2036
2052
2172
1948
2172
2020
2036
2120
2036
2048
2168
1916
2176
2044
2044
2136
2044
2036
2140
1956
2140
2124
2032
2188
2020
2104
2172
2020
2084
2120
2012
2220
1984
2116
2100
2052
2076
2136
2016
2204
2000
2104
2080
2020
2052
2052
2020
2104
2032
2052
2092
1956
2080
1980
2024
2040
2124
1972
2012
1924
2100
2044
2088
1956
2068
2012
2120
1944
2040
1996
2076
1972
2028
1988
2060
2104
1996
2120
2040
2020
2012
2056
1928
2172
2000
2060
1988
1964
2028
2068
1904
2080
1908
2044
2048
1900
2028
2020
1964
2100
1960
2020
2100
1852
2084
1956
1972
2076
2008
2000
2108
1836
2100
1952
1980
2028
1984
1980
2124
1876
2112
2040
1956
2100
1936
2008
2048
1916
2032
2060
1920
2104
1900
2044
2000
1940
1988
2072
1912
2104
1936
2008
1932
1932
1992
1976
1932
2004
1932
1928
1980
1916
2020
1956
1988
1932
1996
1916
2020
1908
1976
1960
2020
1920
2028
1912
1968
1928
1928
1964
1984
1936
2012
1960
1912
1984
1880
2008
1984
1964
1984
2020
1880
2044
1832
1984
1940
1912
1984
1988
1864
2064
1868
2008
1988
1812
2020
1932
1904
2028
1884
1968
2044
1788
2008
1876
1948
1996
1908
1916
2052
1804
2060
1848
1964
1988
1928
1936
2060
1812
2044
1916
1852
1988
1892
1948
1988
1860
1956
1968
1804
1992
1768
1952
1940
1876
1896
1964
1836
2004
1796
1888
1872
1828
1904
1904
1868
1900
1884
1912
1944
1852
1940
1828
1908
1900
1988
1876
1920
1836
1924
1880
1920
1772
1900
1876
1972
1908
1856
1908
1960
1864
1924
1888
1880
1984
1824
1928
1884
1892
1888
1884
1732
1968
1780
1976
1892
1820
1908
1920
1788
1964
1784
1888
1920
1756
1948
1892
1836
1956
1816
1872
1928
1744
2016
1860
1884
1920
1820
1844
1984
1776
2016
1828
1828
1916
1828
1876
1972
1756
1916
1836
1780
1952
1788
1920
1896
1796
1872
1920
1772
1948
1724
1868
1864
1840
1824
1884
1768
1916
1768
1856
1832
1768
1820
1852
1816
1860
1828
1860
1896
1800
1856
1788
1864
1796
1908
1788
1872
1812
1868
1800
1876
1740
1908
1812
1848
1848
1796
1816
1844
1780
1884
1856
1808
1912
1788
1888
1800
1760
1788
1840
1736
1916
1704
1880
1792
1736
1820
1856
1748
1936
1728
1836
1840
1688
1888
1812
1776
1892
1744
1800
1868
1648
1916
1756
1804
1884
1788
1812
1900
1640
1900
1760
1780
1860
1732
1816
1888
1736
1892
1796
1736
1868
1732
1808
1804
1744
1820
1864
1740
1900
1704
1868
1788
1776
1796
1824
1700
1824
1740
1836
1804
1756
1800
1816
1792
1784
1772
1764
1828
1788
1860
1800
1856
1748
1836
1772
1792
1764
1788
1848
1856
1668
1816
1748
1832
1848
1800
1836
1804
1756
1852
1704
1712
1780
1640
1848
1812
1820
1708
1768
1628
1884
1676
1804
1744
1728
1812
1804
1656
1832
1648
1812
1836
1696
1844
1724
1700
1836
1692
1760
1832
1584
1852
1720
1764
1824
1692
1708
1856
1624
1872
1724
1704
1784
1688
1704
1764
1640
1804
1744
1708
1840
1676
1756
1764
1680
1724
1744
1660
1812
1664
1788
1732
1696
1712
1780
1672
1828
1700
1788
1708
1688
1716
1764
1740
1716
1712
1724
1756
1700
1736
1684
1756
1636
1752
1620
1712
1664
1700
1716
1788
1624
1756
1652
1740
1760
1704
1728
1700
1632
1764
1728
1700
1796
1616
1792
1764
1696
1752
1748
1624
1808
1536
1760
1684
1624
1724
1704
1628
1820
1576
1728
1720
1596
1812
1712
1672
1796
1636
1668
1724
1532
1788
1636
1688
1708
1640
1716
1752
1528
1788
1676
1720
1788
1640
1676
1736
1608
1760
1640
1644
1768
1660
1692
1668
1596
1684
1652
1564
1748
1596
1772
1672
1660
1672
1728
1636
1752
1672
1764
1680
1600
1656
1580
1600
1648
1668
1628
1644
1640
1724
1660
1700
1564
1728
1664
1748
1628
1668
1680
1748
1576
1704
1584
1660
1668
1568
1660
1696
1604
1692
1636
1620
1752
1604
1740
1640
1644
1692
1664
1548
1732
1512
1708
1644
1576
1688
1668
1572
1692
1496
1660
1696
1544
1696
1596
1628
1772
1576
1700
1732
1516
1784
1608
1676
1692
1568
1640
1740
1564
1816
1608
1660
1648
1580
1600
1700
1540
1660
1624
1612
1700
1536
1636
1644
1592
1628
1668
1552
1724
1536
1652
1588
1588
1608
1700
1564
1660
1536
1624
1648
1660
1628
1636
1608
1604
1636
1644
1652
1584
1628
1628
1696
1580
1732
1576
1668
1636
1644
1628
1668
1484
1660
1532
1608
1600
1520
1616
1604
1548
1660
1564
1544
1700
1496
1668
1560
1560
1632
1612
1528
1696
1456
1652
1556
1520
1628
1560
1512
1700
1488
1644
1608
1496
1672
1528
1552
1656
1524
1656
1660
1468
1720
1504
1576
1644
1584
1604
1668
1436
1668
1500
1588
1616
1544
1612
1648
1500
1656
1560
1548
1608
1520
1604
1572
1552
1556
1564
1480
1660
1520
1644
1552
1564
1544
1612
1532
1636
1556
1624
1580
1584
1580
1624
1572
1592
1588
1544
1584
1548
1580
1532
1584
1472
1636
1500
1620
1556
1556
1544
1620
1428
1624
1492
1620
1636
1504
1588
1608
1532
1608
1560
1460
1660
1436
1656
1508
1492
1524
1632
1444
1660
1372
1592
1496
1488
1596
1544
1512
1664
1428
1608
1560
1488
1620
1496
1504
1656
1520
1628
1612
1380
1684
1484
1564
1572
1476
1568
1588
1400
1624
1440
1532
1572
1512
1556
1544
1432
1588
1508
1544
1620
1476
1596
1516
1532
1532
1552
1424
1580
1412
1552
1480
1528
1500
1572
1480
1564
1504
1580
1520
1544
1516
1548
1536
1516
1596
1512
1556
1540
1532
1512
1588
1436
1576
1416
1556
1500
1504
1516
1536
1416
1596
1436
1496
1524
1436
1540
1532
1436
1584
1464
1484
1604
1404
1596
1516
1472
1540
1484
1452
1612
1336
1584
1488
1456
1548
1484
1432
1580
1348
1556
1536
1428
1596
1468
1492
1536
1424
1556
1564
1388
1576
1396
1504
1512
1396
1456
1532
1348
1600
1432
1508
1524
1468
1524
1520
1396
1524
1500
1480
1544
1404
1540
1524
1508
1460
1492
1376
1532
1436
1528
1468
1548
1484
1468
1392
1500
1436
1476
1460
1532
1504
1524
1428
1416
1536
1520
1516
1428
1468
1524
1576
1436
1540
1420
1536
1456
1420
1432
1488
1356
1564
1372
1468
1496
1404
1488
1476
1404
1548
1404
1404
1524
1344
1568
1440
1428
1488
1448
1408
1572
1312
1544
1416
1408
1496
1452
1412
1548
1340
1532
1464
1336
1536
1364
1436
1500
1392
1488
1492
1300
1552
1344
1436
1476
1412
1468
1516
1340
1568
1392
1496
1500
1396
1444
1496
1400
1472
1404
1408
1500
1404
1468
1416
1436
1432
1500
1384
1500
1380
1516
1412
1476
1400
1464
1384
1472
1420
1460
1404
1408
1400
1480
1452
1400
1452
1364
1464
1444
1432
1424
1468
1336
1544
1408
1496
1448
1404
1460
1476
1316
1516
1356
1460
1468
1376
1480
1420
1340
1508
1412
1400
1504
1308
1536
1428
1388
1484
1396
1324
1536
1276
1548
1412
1364
1488
1380
1356
1508
1296
1500
1464
1360
1524
1364
1420
1468
1356
1468
1468
1292
1516
1312
1420
1404
1336
1388
1436
1284
1484
1308
1400
1420
1376
1444
1420
1360
1436
1396
1400
1436
1356
1424
1348
1432
1432
1460
1324
1432
1340
1432
1332
1372
1292
1416
1340
1436
1396
1388
1360
1372
1368
1404
1368
1300
1372
1320
1388
1368
1348
1392
1416
1256
1472
1312
1436
1384
1356
1392
1420
1308
1552
1332
1388
1412
1316
1416
1372
1340
1452
1328
1332
1460
1280
1464
1272
1380
1428
1420
1320
1460
1168
1528
1400
1336
1444
1340
1348
1420
1228
1400
1416
1276
1416
1256
1332
1416
1328
1368
1396
1272
1540
1356
1492
1408
1284
1292
1344
1236
1540
1392
1428
1344
1280
1360
1428
1348
1324
1228
1292
1476
1468
1484
1280
1204
1204
1408
1384
1560
1396
1376
1264
1396
1340
1496
1324
1332
1276
1344
1432
1456
1372
1372
1300
1232
1400
1328
1416
1364
1304
1288
1356
1228
1420
1272
1344
1300
1260
1336
1352
1228
1432
1232
1340
1392
1284
1448
1324
1224
1392
1316
1356
1476
1236
1440
1296
1276
1364
1324
1280
1420
1220
1432
1288
1272
1372
1344
1280
1404
1212
1456
1324
1276
1420
1284
1328
1360
1244
1332
1360
1216
1432
1244
1368
1356
1316
1328
1368
1204
1412
1244
1360
1340
1300
1344
1348
1276
1356
1332
1316
1352
1296
1344
1276
1316
1260
1316
1292
1368
1232
1324
1272
1336
1248
1368
1280
1340
1348
1372
1308
1312
1268
1356
1328
1260
1356
1256
1344
1300
1260
1260
1312
1184
1400
1204
1344
1296
1276
1340
1336
1200
1412
1180
1324
1340
1252
1380
1296
1272
1428
1256
1276
1348
1148
1432
1296
1292
1368
1276
1276
1404
1176
1404
1252
1280
1348
1280
1260
1356
1172
1360
1276
1208
1396
1264
1304
1344
1264
1312
1312
1200
1408
1204
1328
1304
1252
1284
1308
1176
1344
1232
1332
1288
1288
1304
1316
1292
1300
1268
1244
1288
1260
1352
1292
1308
1248
1364
1252
1348
1260
1300
1240
1344
1228
1388
1228
1296
1292
1316
1308
1312
1228
1320
1256
1268
1344
1196
