27006
27062
6765

1164
1164
1076
652
180
348
572
892
1168
864
660
604
444
748
684
668
712
664
708
892
696
784
544
536
644
764
812
904
704
680
556
516
700
712
732
716
708
700
772
668
692
560
640
640
828
812
892
684
640
552
668
716
820
776
764
708
592
632
580
612
768
792
796
816
548
672
512
648
772
780
732
828
572
796
572
644
732
664
740
828
680
812
684
612
780
592
712
728
676
780
764
612
824
600
716
684
584
784
756
612
844
620
720
732
588
796
736
648
768
660
676
752
552
752
652
684
692
684
668
748
556
760
644
700
740
732
692
728
632
708
692
660
740
692
748
700
704
660
732
632
748
696
724
648
748
644
724
652
720
696
700
648
756
700
720
704
656
764
716
696
740
672
688
772
612
812
624
672
704
672
664
768
568
816
664
676
748
640
700
712
576
784
684
628
768
592
752
732
636
764
704
588
820
588
768
764
664
768
712
596
820
596
692
684
584
784
712
656
796
676
684
748
568
752
632
708
748
732
692
756
588
772
644
704
688
688
672
720
620
700
680
684
760
716
684
696
708
660
740
644
784
728
756
632
712
652
756
668
700
716
752
696
788
636
720
680
620
752
668
664
732
632
644
744
620
808
604
680
712
672
668
756
596
840
632
652
740
684
744
764
568
748
716
596
820
624
756
696
616
644
780
568
876
556
700
680
636
732
680
636
844
616
712
696
632
796
720
624
772
672
724
740
572
804
676
708
724
704
692
768
612
776
632
692
720
712
696
752
640
720
708
656
716
696
688
708
736
688
732
676
752
728
716
660
740
636
744
656
680
708
708
684
788
636
692
708
672
780
664
604
728
676
704
780
536
764
632
712
752
644
680
792
604
796
584
668
800
660
672
688
612
796
652
592
780
636
796
712
604
752
736
604
820
580
788
756
664
756
760
668
848
612
744
740
608
808
684
616
740
632
708
724
584
792
644
696
732
684
640
752
632
808
652
692
668
668
640
728
668
728
652
656
724
720
724
676
684
656
752
644
708
652
684
604
736
640
780
636
644
648
680
652
776
636
684
680
668
796
680
680
768
696
700
752
588
828
644
664
716
664
652
728
520
796
624
716
764
640
716
744
632
816
672
636
808
636
796
732
644
732
688
584
832
572
748
668
676
764
700
600
812
584
688
644
612
760
688
652
740
648
704
772
596
768
640
724
716
732
676
720
624
796
656
704
680
732
664
732
684
716
656
664
700
716
712
656
724
664
732
660
700
704
724
660
764
624
752
684
732
732
728
632
760
612
732
712
660
768
696
708
772
652
696
744
592
852
632
684
712
660
688
760
584
836
604
672
744
632
724
748
592
844
672
684
792
564
708
680
640
764
668
588
796
568
748
680
604
724
700
632
808
608
736
708
612
760
664
660
740
616
720
736
604
764
612
696
704
704
700
744
620
764
652
704
648
692
640
728
712
736
700
672
692
724
680
660
716
620
740
612
672
676
728
648
764
628
760
644
732
780
716
656
752
644
744
628
588
776
668
656
700
624
740
772
588
784
628
748
760
656
708
748
556
820
596
708
764
620
712
688
592
792
660
680
796
632
824
628
688
740
756
584
780
492
832
708
668
732
608
604
756
588
688
712
668
736
644
632
708
620
700
712
604
804
660
716
668
704
688
760
660
764
692
724
696
728
664
704
656
704
660
664
660
684
676
652
740
712
740
660
680
684
684
636
752
620
760
672
672
704
672
672
804
612
732
672
564
760
704
716
728
604
716
768
592
804
552
688
780
668
668
680
524
828
580
672
740
648
740
704
556
816
676
668
756
580
788
732
652
724
648
640
792
584
776
696
712
764
668
640
796
616
744
700
644
744
632
700
704
652
712
760
588
700
604
724
692
684
652
712
604
748
636
712
636
736
668
708
700
724
696
656
716
776
728
700
704
628
796
716
768
728
692
668
804
640
776
648
700
744
708
684
768
576
732
680
616
780
628
696
732
656
744
724
576
836
576
720
708
612
712
728
580
856
588
740
748
624
732
704
644
812
656
708
776
616
744
676
660
800
672
648
812
588
804
648
656
732
676
620
788
600
748
676
652
748
684
696
736
648
700
684
612
748
612
688
660
704
644
744
656
748
672
712
652
744
660
740
728
776
724
692
672
752
696
676
720
680
796
644
692
732
708
652
764
612
796
644
712
744
652
640
772
604
740
676
636
788
616
700
732
616
708
684
536
824
612
736
712
640
732
740
620
864
588
724
732
620
756
732
620
796
640
684
764
564
764
652
652
724
668
668
796
568
756
632
660
704
660
616
748
620
756
668
672
744
680
676
736
676
716
744
644
776
648
720
660
740
668
748
660
764
676
716
620
716
612
720
696
704
716
688
680
744
688
692
740
620
752
616
708
724
664
664
748
596
784
636
688
676
632
672
796
644
780
644
632
816
640
680
740
624
740
696
592
852
604
708
684
636
752
764
580
788
568
752
732
608
736
684
636
820
636
716
748
604
776
652
700
764
632
620
796
556
800
588
604
784
740
708
712
628
740
688
680
724
676
676
764
672
708
664
632
744
628
696
708
728
676
704
648
724
700
756
688
792
660
704
644
716
760
692
656
756
672
704
756
632
764
620
716
728
668
704
772
620
820
636
620
756
680
652
692
604
804
732
640
712
556
728
796
640
708
688
620
840
588
716
720
716
780
732
572
836
544
724
692
628
772
692
632
796
640
716
740
576
760
664
704
756
652
668
784
592
776
652
704
732
704
632
720
588
712
660
672
748
680
668
716
684
676
692
652
752
652
720
764
764
604
668
620
748
644
712
620
748
672
752
724
668
716
680
676
732
652
700
736
652
836
656
700
684
596
644
776
576
764
568
692
780
668
684
724
556
740
644
668
836
596
700
724
656
768
672
564
784
536
740
680
604
696
656
588
852
596
732
676
616
772
700
644
772
604
728
740
604
756
620
676
728
668
668
756
576
748
616
708
716
716
664
740
632
736
644
636
704
656
688
700
680
684
704
652
748
640
684
632
712
632
708
632
740
684
724
640
792
636
744
684
648
692
672
640
760
632
720
752
588
776
656
716
728
684
696
756
564
796
620
684
732
600
644
736
620
772
624
624
764
588
736
732
652
748
676
620
828
592
756
704
632
744
696
612
812
564
748
712
624
740
668
644
784
596
688
720
624
772
644
684
748
684
664
776
616
784
628
700
688
684
648
756
616
724
636
624
692
668
676
660
656
660
712
664
736
676
708
636
752
612
700
648
724
664
700
640
756
616
740
704
668
700
656
700
776
656
704
720
632
808
640
720
700
628
668
752
564
800
592
712
764
636
700
740
572
832
684
692
792
620
732
712
608
708
628
584
808
548
752
668
636
732
656
616
836
544
700
636
664
784
684
644
764
560
700
708
620
836
740
764
732
664
704
780
664
736
636
716
696
700
608
656
700
776
680
636
704
712
684
732
660
708
716
672
716
628
732
652
760
580
772
668
712
676
720
656
812
616
744
708
680
756
652
636
720
620
708
676
584
776
596
640
740
668
700
756
568
852
612
688
748
648
748
848
636
800
656
676
784
516
664
712
660
764
644
592
796
560
768
700
684
780
716
604
796
572
776
716
656
764
712
688
764
588
696
736
628
760
596
664
696
692
696
776
636
756
620
704
676
684
644
784
712
744
676
680
716
712
660
680
700
688
744
684
740
692
692
636
732
584
688
612
752
724
656
636
796
664
744
664
628
708
640
680
764
608
728
756
632
792
596
744
740
620
716
788
596
792
552
728
752
660
700
696
572
792
628
684
764
596
748
684
636
780
652
596
796
552
756
652
628
716
672
628
816
580
756
680
684
768
700
668
768
604
708
704
640
756
636
720
724
692
692
748
644
764
636
732
684
712
676
748
688
764
692
756
732
728
704
708
716
656
680
640
704
688
680
640
768
636
776
652
692
696
708
664
788
612
752
676
696
752
648
640
732
584
704
732
664
832
612
708
712
608
708
764
568
784
584
744
720
604
696
712
596
784
584
676
812
620
748
680
604
732
652
640
788
556
768
660
628
716
684
600
784
540
748
668
664
728
676
640
752
608
716
724
616
756
604
712
676
668
668
728
612
752
632
692
680
712
648
748
676
740
664
708
704
752
672
724
708
640
732
668
748
696
680
652
768
600
748
636
692
716
720
672
784
588
764
668
672
784
668
724
800
640
768
732
600
788
592
708
712
616
692
724
580
812
588
720
736
612
732
748
648
824
596
684
764
608
752
668
608
756
660
664
796
556
768
668
656
736
688
648
816
572
744
660
652
724
644
652
736
596
676
712
668
776
584
688
728
740
692
760
652
792
604
700
660
684
692
772
676
716
700
668
760
728
700
696
700
628
700
640
700
728
716
632
744
556
764
644
704
700
684
656
780
616
788
696
672
748
576
632
768
644
732
708
652
848
600
704
724
656
744
764
584
844
636
772
740
632
704
756
660
844
580
728
792
636
748
640
636
784
644
616
792
572
788
684
696
728
676
656
784
580
772
676
808
1068
1212
1504
1852
2040
2528
2980
3504
4436
5548
6692
7036
7208
7216
7344
7304
7492
7356
7460
7432
7532
7460
7528
7456
7512
7508
7512
7504
7532
7456
7524
7536
7444
7568
7420
7464
7484
7440
7416
7488
7332
7504
7324
7400
7376
7380
7280
7404
7220
7448
7296
7232
7380
7280
7328
7380
7236
7324
7304
7216
7420
7136
7288
7288
7252
7344
7300
7136
7336
7096
7280
7300
7208
7272
7208
7156
7356
7156
7212
7228
7092
7288
7208
7164
7264
7128
7152
7312
7088
7296
7124
7156
7216
7176
7152
7284
7052
7196
7068
7120
7208
7132
7108
7172
7080
7144
7140
7068
7156
7036
7124
7092
7144
7084
7152
7060
7168
7052
7092
7036
7128
7016
7096
7052
7088
7056
7048
7048
7132
7032
7060
7072
6960
7080
7000
7056
7068
7028
7004
7096
6908
7088
6956
7056
7056
6988
6992
7104
6896
7052
6932
6964
7044
6908
6952
7044
6896
7032
7004
6908
7112
6868
6968
6952
6836
6940
7012
6880
7108
6780
6980
6952
6852
6948
6872
6804
6976
6784
6916
6936
6824
6928
6856
6784
6944
6804
6872
6996
6776
6956
6800
6864
6856
6812
6784
6928
6752
6940
6836
6860
6884
6808
6784
6844
6776
6812
6828
6804
6872
6740
6776
6740
6788
6740
6828
6756
6808
6720
6780
6736
6796
6672
6780
6740
6764
6744
6760
6732
6784
6684
6772
6772
6672
6764
6656
6708
6704
6656
6716
6800
6608
6812
6652
6704
6712
6648
6664
6780
6596
6836
6628
6664
6720
6596
6652
6716
6544
6716
6632
6592
6796
6520
6704
6684
6600
6676
6636
6524
6784
6500
6708
6632
6544
6644
6616
6544
6688
6436
6620
6652
6496
6668
6568
6556
6652
6540
6584
6664
6460
6656
6524
6564
6600
6516
6496
6608
6468
6620
6460
6536
6544
6508
6524
6588
6476
6516
6516
6464
6560
6436
6544
6476
6484
6432
6564
6448
6516
6396
6512
6452
6512
6348
6468
6436
6472
6552
6424
6488
6460
6372
6456
6496
6428
6516
6392
6384
6420
6384
6364
6420
6264
6552
6336
6440
6424
6284
6396
6540
6336
6464
6280
6360
6484
6320
6384
6392
6288
6484
6372
6264
6448
6236
6440
6396
6288
6440
6416
6276
6396
6140
6428
6392
6268
6364
6296
6264
6412
6200
6320
6352
6220
6364
6260
6292
6348
6236
6268
6340
6124
6288
6172
6252
6292
6300
6244
6344
6144
6320
6204
6260
6264
6192
6196
6264
6204
6236
6200
6196
6276
6176
6224
6156
6204
6156
6264
6184
6268
6184
6248
6180
6248
6108
6204
6128
6136
6168
6156
6164
6244
6108
6180
6180
6064
6168
6060
6144
6148
6108
6132
6200
6020
6204
6028
6104
6140
6068
6092
6152
5956
6216
6080
6124
6172
6016
6184
6200
5984
6164
6076
6056
6224
5952
6128
6084
5996
6124
6064
6000
6212
5924
6116
6084
6004
6080
5988
5972
6164
5956
6048
5992
5888
6120
6004
6020
6028
5908
6008
6100
5936
6096
5952
6028
6016
5980
5988
6056
5888
6028
5932
6012
5980
5964
5944
5964
5892
5960
5964
5932
5948
5908
5948
5920
5980
5880
5984
5904
5956
5884
5924
5840
5956
5812
5940
5880
5876
5904
5864
5868
5956
5820
5916
5896
5844
5984
5856
5928
5908
5808
5840
5916
5768
5968
5752
5880
5896
5780
5844
5908
5740
5964
5788
5820
5872
5744
5848
5852
5752
5884
5776
5736
5892
5652
5876
5792
5716
5812
5760
5692
5932
5652
5880
5780
5760
5856
5784
5748
5876
5656
5780
5776
5676
5812
5708
5756
5768
5688
5732
5784
5636
5788
5664
5784
5756
5716
5680
5796
5648
5756
5644
5724
5704
5728
5692
5756
5708
5736
5720
5692
5708
5648
5660
5624
5720
5612
5724
5672
5716
5640
5660
5604
5752
5588
5716
5636
5636
5720
5660
5632
5688
5524
5668
5632
5560
5684
5552
5660
5644
5552
5628
5688
5504
5724
5532
5640
5612
5528
5596
5668
5488
5712
5504
5580
5644
5500
5608
5604
5492
5652
5548
5548
5668
5432
5636
5576
5548
5628
5544
5480
5680
5392
5644
5532
5476
5580
5484
5460
5620
5432
5592
5524
5436
5576
5460
5492
5512
5448
5492
5568
5436
5564
5428
5512
5476
5492
5472
5532
5376
5532
5424
5476
5476
5440
5412
5460
5392
5448
5432
5452
5444
5452
5484
5436
5508
5380
5476
5356
5432
5348
5396
5336
5504
5360
5484
5340
5364
5428
5404
5332
5492
5296
5432
5452
5332
5376
5356
5416
5548
5252
5380
5396
5292
5460
5204
5424
5444
5348
5324
5316
5248
5532
5336
5344
5404
5324
5484
5372
5224
5396
5328
5320
5420
5168
5404
5328
5292
5316
5220
5256
5424
5152
5360
5252
5244
5328
5232
5212
5356
5248
5336
5276
5232
5348
5232
5280
5244
5204
5236
5288
5180
5324
5200
5292
5220
5256
5216
5320
5244
5332
5228
5300
5260
5240
5176
5212
5156
5196
5212
5188
5216
5164
5196
5176
5248
5112
5244
5164
5188
5192
5184
5140
5260
5100
5268
5168
5156
5200
5120
5136
5220
5096
5212
5196
5100
5260
5084
5208
5224
5104
5188
5232
5100
5340
5064
5180
5168
5096
5176
5184
5008
5248
5008
5108
5156
5016
5156
5100
5012
5100
5004
5084
5232
4936
5124
5056
5092
5140
5076
5044
5192
4912
5140
5016
5000
5100
5080
5092
5172
4972
5120
5064
4984
5124
5016
5096
5068
4992
5016
5120
4988
5108
4948
5036
4980
5016
4984
5060
4936
5056
5004
5064
5016
5012
4976
5032
5004
5032
5028
5016
5012
4980
5008
5000
5044
4872
5000
4944
4988
4964
4964
4964
5060
4868
5012
4928
4952
4992
4936
4944
5012
4848
4976
4932
4804
5008
4852
4972
4956
4916
5012
5004
4820
5048
4808
4968
4908
4832
4928
4936
4816
5008
4808
4924
4936
4788
4924
4912
4844
4944
4848
4876
4968
4780
4964
4864
4816
4924
4844
4836
4984
4756
4952
4836
4820
4892
4868
4820
4884
4760
4904
4840
4764
4844
4784
4864
4836
4824
4820
4860
4772
4884
4772
4892
4844
4880
4824
4888
4788
4836
4792
4836
4796
4820
4772
4824
4804
4756
4788
4752
4808
4820
4796
4764
4812
4676
4824
4732
4760
4772
4760
4756
4860
4684
4860
4740
4728
4800
4696
4748
4784
4628
4792
4764
4680
4860
4648
4772
4772
4680
4780
4796
4600
4856
4556
4764
4748
4632
4708
4704
4596
4860
4636
4688
4716
4572
4772
4740
4628
4744
4608
4624
4764
4568
4780
4652
4612
4696
4668
4632
4756
4492
4700
4628
4604
4672
4612
4624
4716
4580
4700
4652
4592
4716
4604
4668
4668
4648
4620
4680
4596
4716
4564
4668
4608
4644
4564
4696
4556
4676
4564
4632
4568
4656
4588
4604
4604
4592
4656
4576
4600
4564
4572
4544
4632
4456
4604
4488
4544
4536
4548
4516
4636
4448
4636
4508
4516
4596
4504
4560
4560
4348
4648
4524
4536
4568
4444
4544
4572
4352
4652
4540
4504
4700
4368
4556
4544
4476
4512
4552
4468
4668
4412
4468
4484
4396
4600
4456
4408
4524
4500
4452
4528
4304
4536
4424
4420
4460
4428
4444
4588
4352
4520
4408
4436
4476
4424
4440
4556
4408
4508
4488
4440
4496
4364
4444
4404
4460
4432
4476
4332
4488
4380
4492
4404
4424
4364
4496
4412
4424
4420
4448
4424
4444
4368
4408
4408
4328
4432
4380
4408
4432
4404
4372
4412
4300
4468
4336
4372
4380
4348
4328
4436
4252
4456
4332
4340
4412
4316
4356
4436
4268
4444
4392
4292
4452
4224
4392
4376
4280
4384
4388
4252
4484
4212
4388
4352
4284
4372
4348
4240
4440
4212
4332
4356
4208
4384
4304
4232
4356
4248
4272
4416
4320
4608
4628
4792
5044
5092
5188
5480
5476
5844
5832
5888
5936
5916
5980
6076
5908
6004
5988
5980
6080
6012
6080
6020
5996
5972
6096
5980
6064
5904
6004
5996
6080
5944
5992
5904
6004
5988
6008
5928
5948
5884
5968
5988
5884
5928
5836
5868
5924
5896
5928
5976
5784
5976
5868
5904
5892
5864
5844
5952
5776
5988
5880
5868
5908
5796
5884
5944
5772
5924
5884
5780
5976
5760
5876
5820
5712
5884
5852
5716
5932
5688
5880
5860
5796
5868
5832
5732
5928
5716
5840
5840
5756
5888
5800
5748
5860
5704
5732
5852
5644
5872
5712
5752
5784
5776
5740
5864
5656
5800
5732
5700
5776
5720
5732
5784
5668
5740
5724
5684
5760
5648
5740
5700
5724
5692
5796
5704
5772
5652
5748
5660
5772
5632
5732
5668
5696
5704
5696
5640
5732
5636
5708
5688
5612
5688
5656
5676
5676
5612
5652
5712
5532
5740
5596
5648
5640
5604
5592
5692
5524
5704
5576
5572
5668
5564
5628
5644
5508
5684
5596
5524
5708
5484
5660
5652
5516
5652
5568
5496
5736
5436
5640
5592
5500
5576
5564
5452
5644
5432
5560
5548
5488
5628
5524
5492
5604
5500
5500
5604
5408
5636
5480
5524
5544
5492
5444
5580
5412
5584
5460
5488
5492
5464
5496
5524
5412
5504
5492
5444
5492
5396
5508
5404
5500
5452
5560
5416
5536
5420
5532
5412
5520
5360
5508
5404
5444
5412
5444
5404
5480
5396
5468
5412
5336
5460
5360
5408
5452
5392
5432
5512
5308
5524
5308
5388
5396
5376
5400
5432
5228
5512
5356
5340
5388
5272
5380
5416
5236
5376
5328
5304
5508
5268
5352
5412
5264
5444
5252
5164
5424
5288
5464
5320
5260
5376
5368
5248
5396
5200
5420
5432
5228
5356
5288
5320
5340
5188
5288
5420
5228
5356
5180
5240
5312
5312
5240
5324
5212
5400
5268
5260
5236
5244
5248
5276
5184
5272
5268
5192
5236
5164
5276
5260
5252
5164
5272
5176
5292
5224
5272
5172
5320
5164
5272
5168
5192
5200
5204
5152
5224
5108
5244
5196
5084
5232
5148
5168
5196
5104
5168
5232
5068
5272
5124
5224
5208
5124
5152
5232
5040
5276
5100
5120
5212
5072
5152
5164
5048
5200
5108
5060
5256
4972
5188
5116
5072
5204
5148
5024
5244
4964
5204
5120
5020
5124
5096
5016
5224
5012
5140
5120
5008
5168
5048
5052
5124
5032
5076
5152
4936
5144
5004
5048
5068
5048
5024
5060
4944
5180
5068
5020
4984
5044
5056
5060
5016
5060
5064
5016
5060
4984
4988
5004
5064
5008
5080
4980
4996
4940
5000
4976
5108
4928
5024
4980
5012
5044
5004
4932
5000
4852
5036
4988
4912
5032
4920
4952
4976
4868
4936
5000
4832
5084
4892
4988
4952
4844
4916
5008
4844
5088
4892
4904
4964
4828
4952
4932
4816
5000
4880
4868
5020
4808
4992
4864
4812
4948
4900
4860
5068
4788
5008
4912
4844
4928
4872
4768
4932
4780
4964
4924
4788
4924
4848
4868
4896
4804
4872
4920
4768
4952
4816
4876
4836
4816
4792
4908
4732
4884
4776
4824
4848
4840
4820
4816
4776
4840
4896
4860
4816
4752
4804
4780
4848
4732
4820
4740
4780
4776
4796
4728
4816
4664
4820
4772
4732
4756
4748
4732
4812
4676
4784
4764
4704
4888
4740
4780
4784
4712
4764
4780
4576
4824
4652
4756
4764
4680
4732
4768
4604
4836
4620
4704
4760
4636
4764
4744
4632
4796
4680
4648
4840
4588
4828
4736
4652
4716
4676
4600
4812
4520
4748
4668
4628
4720
4704
4632
4748
4612
4732
4688
4576
4784
4644
4660
4696
4620
4644
4688
4516
4676
4556
4644
4608
4612
4564
4664
4564
4724
4608
4672
4632
4612
4640
4612
4596
4616
4632
4524
4576
4540
4596
4472
4556
4428
4616
4528
4616
4572
4636
4540
4656
4504
4672
4604
4568
4600
4568
4572
4660
4512
4644
4608
4484
4632
4468
4596
4568
4512
4592
4604
4376
4680
4500
4568
4536
4476
4592
4608
4396
4596
4416
4540
4604
4440
4504
4516
4452
4580
4432
4388
4596
4400
4584
4476
4440
4532
4528
4420
4576
4380
4568
4392
4448
4500
4548
4420
4568
4336
4528
4520
4392
4556
4440
4468
4472
4396
4460
4496
4420
4552
4412
4452
4440
4424
4404
4520
4376
4456
4396
4480
4460
4448
4392
4428
4432
4440
4416
4372
4460
4420
4452
4352
4412
4308
4468
4376
4360
4364
4420
4316
4428
4304
4444
4380
4344
4412
4372
4372
4456
4280
4416
4372
4300
4476
4336
4380
4396
4304
4380
4356
4164
4460
4252
4388
4352
4280
4352
4392
4208
