19453
19494
4873

2236
2236
2100
2252
2076
2232
2204
2148
2212
2204
2156
2232
2084
2188
2204
2128
2192
2112
2160
2192
2128
2160
2184
2124
2200
2100
2200
2092
2164
2160
2200
2104
2124
2072
2200
2132
2172
2172
2148
2196
2116
2156
2140
2112
2128
2172
2060
2188
2048
2164
2128
2108
2104
2120
2044
2208
2056
2180
2160
2092
2148
2104
2084
2180
2040
2132
2200
2040
2200
2088
2136
2196
2092
2068
2152
2000
2176
2024
2044
2164
2048
2052
2152
1996
2212
2068
2092
2148
2032
2116
2108
2024
2128
2116
2076
2236
2028
2172
2068
2040
2088
2156
2092
2192
1960
2124
2124
2084
2104
2060
2036
2136
2040
2120
2116
2044
2124
2068
2132
2116
2088
2080
2092
1996
2108
2032
2152
2036
2076
2040
2112
2056
2068
2024
2096
2036
2092
2072
2068
2092
2028
2068
2092
2072
2048
2056
1976
2136
2028
2128
2072
2076
2100
2104
2028
2184
1988
2108
2076
2008
2108
2060
2028
2104
1964
2036
2088
1948
2112
2004
2032
2080
1988
2024
2116
1936
2136
2000
2044
2096
1988
2044
2116
1952
2136
1984
2000
2088
1964
2052
2076
1976
2064
2012
1988
2112
1928
2088
2048
2004
2028
2008
1964
2116
1976
2116
2072
2032
2024
1984
1984
2060
1960
2020
2044
2008
2064
1988
2044
1992
2012
1960
1996
1940
2044
1920
2044
1928
2024
1960
1996
1948
1992
2012
2028
1976
1984
2028
1992
2040
1940
2028
2008
1988
2044
2024
1996
2076
1916
2036
1992
1980
2036
2044
1964
2068
1900
2044
1996
1912
2056
2024
1980
2052
1920
2024
2072
1876
2012
1888
2008
2048
1904
1948
2052
1872
2048
1836
1940
2024
1964
1968
2028
1932
2088
1920
1924
2044
1932
2044
1984
1888
1996
1992
1964
2052
1848
1996
1964
1964
1960
1940
1912
2068
1896
1996
1940
1924
1960
1968
1940
1968
1892
1948
1984
1904
1940
1876
1972
1964
1984
1920
1944
1884
1968
1892
1984
1848
1932
1904
1980
1916
1896
1908
1988
1892
1944
1948
1940
1976
1884
1980
1976
1916
1948
1948
1912
2068
1888
1976
1936
1948
1968
1976
1872
2004
1824
1988
1952
1912
1988
1924
1916
2008
1832
1940
1884
1840
2012
1884
1932
1940
1776
1988
1980
1856
1980
1820
1916
1952
1868
1888
1936
1792
1948
1836
1844
1980
1836
1992
1940
1880
1944
1920
1852
1960
1816
2012
1908
1896
1924
1928
1852
1960
1824
1980
1908
1904
1900
1880
1864
1904
1828
1900
1916
1884
1916
1856
1916
1864
1924
1880
1948
1864
1888
1880
1960
1844
1904
1852
1924
1896
1884
1868
1912
1796
1916
1900
1896
1916
1800
1884
1864
1852
1880
1872
1828
1960
1740
1900
1876
1856
1884
1840
1820
1948
1760
1916
1896
1836
1924
1844
1868
1948
1796
1908
1916
1772
1944
1784
1836
1884
1796
1856
1924
1740
1964
1740
1868
1860
1820
1888
1884
1788
2016
1828
1864
1896
1736
1888
1844
1804
1824
1792
1792
1948
1760
1884
1788
1832
1868
1872
1840
1948
1788
1904
1856
1868
1868
1816
1804
1840
1780
1848
1792
1776
1820
1812
1888
1828
1868
1848
1884
1796
1832
1764
1856
1756
1864
1784
1872
1800
1800
1792
1876
1760
1836
1768
1768
1832
1740
1836
1836
1788
1816
1808
1788
1900
1732
1900
1804
1776
1796
1816
1744
1884
1692
1852
1772
1728
1792
1744
1744
1852
1688
1812
1844
1724
1892
1740
1812
1836
1748
1792
1828
1692
1904
1716
1836
1816
1740
1800
1828
1716
1916
1760
1812
1836
1708
1832
1804
1752
1808
1748
1756
1832
1676
1836
1748
1784
1792
1764
1772
1832
1680
1792
1720
1796
1780
1780
1788
1776
1760
1748
1768
1748
1784
1696
1812
1712
1804
1740
1828
1756
1784
1752
1840
1672
1816
1736
1808
1792
1728
1736
1792
1736
1824
1744
1772
1820
1712
1792
1772
1704
1780
1756
1788
1848
1656
1840
1708
1708
1808
1780
1700
1792
1624
1820
1764
1672
1732
1628
1728
1816
1660
1752
1756
1676
1828
1648
1744
1776
1720
1780
1784
1660
1860
1664
1744
1732
1664
1780
1756
1640
1788
1676
1756
1772
1628
1760
1720
1688
1744
1704
1680
1756
1596
1780
1688
1708
1700
1696
1660
1772
1660
1752
1664
1704
1716
1732
1692
1720
1648
1724
1708
1708
1716
1656
1760
1688
1724
1672
1712
1700
1736
1680
1752
1676
1752
1652
1732
1756
1752
1768
1736
1644
1756
1708
1728
1692
1544
1676
1664
1628
1708
1648
1680
1768
1584
1788
1672
1652
1684
1660
1652
1812
1596
1772
1688
1656
1752
1624
1692
1748
1616
1748
1724
1592
1768
1672
1688
1760
1620
1748
1732
1628
1740
1672
1772
1736
1608
1636
1680
1604
1752
1572
1676
1740
1624
1748
1668
1684
1704
1668
1676
1764
1600
1740
1620
1692
1656
1684
1664
1712
1620
1728
1604
1680
1648
1688
1684
1696
1660
1656
1648
1652
1664
1640
1736
1628
1708
1608
1712
1672
1640
1628
1700
1580
1760
1624
1676
1628
1552
1640
1668
1596
1688
1612
1668
1748
1596
1716
1624
1652
1704
1664
1620
1728
1524
1728
1640
1636
1672
1608
1648
1764
1552
1696
1596
1588
1700
1592
1644
1672
1556
1684
1668
1588
1756
1584
1716
1680
1592
1672
1708
1548
1732
1532
1668
1672
1620
1660
1660
1572
1724
1572
1660
1620
1564
1684
1652
1584
1560
1548
1636
1680
1556
1692
1596
1636
1628
1608
1592
1684
1620
1692
1596
1628
1592
1616
1616
1636
1636
1624
1600
1596
1608
1628
1680
1564
1628
1560
1660
1660
1648
1600
1616
1492
1628
1544
1672
1632
1544
1592
1652
1556
1656
1556
1596
1652
1528
1684
1604
1556
1608
1564
1636
1696
1508
1660
1560
1552
1672
1564
1556
1672
1500
1660
1560
1528
1636
1520
1580
1624
1512
1608
1600
1508
1684
1516
1664
1632
1560
1616
1652
1512
1680
1516
1620
1572
1528
1580
1628
1560
1668
1540
1652
1624
1520
1604
1576
1604
1600
1560
1568
1640
1520
1652
1548
1592
1536
1556
1536
1544
1564
1684
1624
1564
1508
1440
1492
1556
1676
1636
1600
1484
1472
1552
1704
1624
1648
1468
1540
1604
1636
1600
1532
1360
1544
1532
1748
1704
1532
1484
1460
1444
1672
1648
1664
1608
1432
1592
1512
1500
1624
1528
1536
1628
1500
1744
1564
1504
1500
1484
1568
1704
1464
1652
1548
1472
1532
1416
1528
1672
1568
1616
1536
1436
1624
1428
1588
1520
1532
1652
1648
1464
1624
1420
1568
1500
1488
1600
1608
1500
1576
1464
1512
1576
1472
1556
1500
1540
1552
1532
1520
1580
1512
1644
1560
1588
1528
1572
1524
1532
1436
1556
1500
1556
1512
1556
1556
1540
1540
1500
1512
1512
1512
1520
1572
1472
1536
1456
1528
1492
1472
1500
1548
1448
1576
1468
1548
1532
1460
1532
1540
1472
1596
1444
1468
1548
1416
1536
1476
1476
1592
1492
1484
1580
1380
1596
1476
1496
1516
1472
1488
1572
1404
1584
1500
1492
1532
1432
1532
1536
1404
1520
1500
1452
1592
1388
1532
1468
1492
1500
1532
1428
1564
1424
1552
1424
1496
1496
1556
1400
1528
1420
1524
1512
1408
1528
1468
1512
1496
1456
1520
1536
1460
1528
1448
1548
1484
1508
1448
1500
1416
1512
1476
1516
1444
1500
1460
1456
1484
1468
1500
1504
1468
1516
1528
1444
1532
1388
1532
1468
1484
1448
1524
1388
1544
1408
1536
1476
1436
1520
1504
1420
1564
1464
1540
1540
1388
1548
1480
1488
1496
1428
1436
1556
1356
1588
1452
1452
1484
1396
1424
1548
1344
1564
1460
1432
1508
1404
1460
1464
1368
1516
1500
1412
1528
1384
1520
1460
1404
1472
1436
1372
1544
1372
1532
1432
1436
1488
1488
1408
1508
1408
1492
1476
1388
1500
1456
1516
1460
1440
1444
1508
1396
1424
1404
1476
1432
1516
1472
1492
1436
1484
1396
1460
1380
1472
1472
1448
1436
1392
1428
1440
1420
1480
1484
1380
1500
1384
1520
1452
1416
1400
1432
1340
1532
1368
1480
1436
1384
1428
1452
1400
1492
1340
1404
1436
1344
1532
1400
1396
1464
1400
1432
1508
1316
1516
1356
1428
1472
1404
1436
1500
1320
1480
1356
1388
1480
1368
1468
1440
1356
1464
1408
1372
1500
1344
1472
1416
1376
1448
1432
1360
1488
1344
1476
1412
1400
1408
1396
1428
1476
1356
1432
1404
1364
1452
1404
1452
1404
1408
1404
1412
1384
1436
1376
1424
1400
1424
1412
1388
1400
1408
1424
1432
1372
1404
1412
1396
1432
1368
1432
1416
1384
1432
1448
1348
1460
1320
1452
1388
1344
1380
1440
1348
1512
1292
1440
1388
1372
1468
1388
1316
1496
1360
1416
1452
1308
1500
1368
1396
1384
1336
1420
1504
1236
1428
1312
1412
1416
1300
1376
1440
1276
1452
1320
1344
1452
1312
1380
1380
1308
1460
1404
1332
1432
1304
1460
1356
1340
1404
1396
1276
1404
1252
1440
1396
1372
1372
1356
1356
1436
1332
1416
1392
1348
1436
1356
1388
1396
1396
1356
1352
1288
1368
1348
1400
1316
1356
1340
1396
1340
1336
1332
1432
1332
1404
1344
1356
1432
1356
1392
1364
1308
1356
1372
1308
1428
1272
1424
1376
1372
1396
1392
1300
1468
1280
1420
1400
1324
1404
1344
1312
1432
1288
1356
1372
1256
1440
1316
1316
1388
1280
1324
1444
1284
1496
1252
1364
1436
1316
1336
1360
1276
1496
1360
1308
1380
1296
1388
1316
1268
1372
1320
1252
1388
1244
1416
1368
1336
1340
1376
1324
1476
1236
1436
1328
1384
1356
1344
1236
1484
1316
1384
1304
1288
1372
1348
1384
1356
1428
1392
1356
1296
1348
1316
1392
1264
1372
1308
1360
1320
1308
1260
1348
1272
1368
1324
1312
1380
1292
1388
1360
1348
1380
1360
1284
1412
1244
1404
1312
1300
1332
1352
1292
1432
1232
1404
1328
1308
1400
1356
1300
1416
1280
1392
1360
1224
1384
1272
1300
1352
1276
1304
1360
1172
1440
1252
1344
1340
1256
1320
1388
1252
1440
1300
1340
1392
1272
1356
1340
1300
1356
1332
1284
1412
1208
1368
1256
1308
1320
1336
1240
1376
1252
1356
1300
1284
1316
1340
1292
1316
1240
1300
1288
1272
1320
1268
1296
1244
1324
1304
1316
1268
1340
1264
1356
1304
1376
1280
1308
1316
1344
1292
1324
1220
1340
1324
1308
1324
1192
1288
1272
1248
1312
1300
1200
1332
1200
1388
1304
1276
1296
1304
1268
1440
1220
1348
1280
1260
1392
1308
1228
1300
1164
1308
1324
1256
1416
1268
1268
1296
1252
1316
1348
1172
1412
1232
1336
1348
1232
1292
1312
1208
1400
1248
1284
1316
1220
1332
1296
1252
1320
1292
1260
1356
1216
1364
1244
1268
1268
1300
1256
1328
1188
1320
1256
1308
1304
1276
1252
1260
1252
1316
1264
1280
1304
1300
1292
1244
1288
1284
1264
1264
1276
1264
1316
1196
1316
1248
1256
1268
1244
1232
1284
1180
1332
1268
1244
1284
1208
1316
1276
1196
1264
1268
1244
1376
1140
1332
1244
1276
1324
1220
1192
1388
1196
1304
1204
1180
1332
1256
1204
1276
1148
1324
1356
1180
1376
1236
1292
1268
1188
1260
1308
1148
1348
1152
1276
1300
1216
1252
1272
1172
1364
1232
1276
1320
1244
1320
1268
1196
1324
1284
1256
1316
1180
1348
1244
1248
1240
1292
1228
1324
1180
1300
1204
1236
1244
1252
1244
1240
1224
1220
1204
1188
1240
1216
1228
1148
1244
1220
1288
1244
1292
1208
1276
1168
1300
1200
1272
1252
1232
1224
1236
1124
1284
1200
1220
1256
1164
1296
1252
1204
1240
1204
1172
1308
1152
1308
1212
1204
1272
1240
1180
1292
1108
1292
1216
1200
1324
1240
1224
1280
1144
1292
1228
1136
1348
1180
1248
1244
1172
1248
1260
1136
1312
1132
1272
1220
1204
1268
1268
1164
1300
1152
1232
1276
1172
1272
1204
1256
1288
1192
1176
1248
1208
1332
1168
1192
1176
1248
1204
1232
1164
1384
1660
2296
2980
3952
4640
5248
5500
5756
5888
6016
6032
5968
6120
6048
6128
6060
6092
6128
6152
6136
6148
6052
6180
6068
6156
6116
6132
6148
6176
6060
6176
6072
6120
6108
5952
6060
6000
6008
6084
6028
5988
6092
5880
6080
5956
5964
6032
5964
5948
6084
5868
6012
5916
5880
6000
5896
5896
6000
5856
5960
5916
5860
6044
5876
5960
5944
5876
5960
5956
5828
6048
5844
5960
5896
5860
5912
5932
5824
5972
5828
5900
5884
5816
5916
5900
5864
5908
5860
5872
5904
5752
5900
5776
5880
5852
5884
5816
5876
5760
5888
5788
5840
5784
5852
5844
5824
5812
5856
5812
5812
5792
5776
5852
5744
5856
5764
5812
5764
5776
5800
5816
5688
5816
5692
5732
5736
5792
5800
5780
5672
5816
5744
5752
5804
5656
5804
5744
5716
5780
5720
5696
5816
5616
5804
5688
5692
5720
5672
5708
5784
5572
5796
5668
5652
5780
5708
5708
5720
5576
5768
5704
5628
5748
5592
5668
5664
5592
5672
5684
5568
5764
5572
5724
5644
5588
5640
5636
5576
5752
5584
5664
5636
5572
5668
5636
5636
5696
5628
5620
5644
5564
5684
5548
5592
5596
5612
5548
5596
5500
5624
5532
5644
5532
5608
5556
5592
5532
5600
5528
5560
5496
5556
5560
5508
5604
5528
5536
5528
5524
5512
5572
5448
5604
5476
5540
5484
5480
5540
5540
5456
5592
5448
5488
5500
5408
5560
5484
5460
5540
5392
5444
5572
5400
5516
5404
5464
5520
5440
5396
5516
5340
5564
5404
5352
5504
5404
5460
5488
5344
5468
5440
5348
5496
5304
5452
5468
5372
5428
5432
5372
5564
5340
5436
5428
5396
5444
5372
5308
5420
5320
5404
5380
5316
5424
5368
5352
5420
5404
5376
5424
5296
5384
5328
5404
5368
5376
5328
5376
5284
5380
5296
5352
5296
5372
5324
5292
5276
5284
5292
5292
5300
5324
5348
5260
5360
5248
5340
5296
5304
5344
5316
5188
5360
5220
5320
5264
5220
5308
5276
5208
5352
5204
5288
5300
5160
5292
5204
5216
5320
5252
5252
5312
5128
5344
5156
5192
5244
5220
5212
5304
5112
5312
5160
5188
5284
5168
5212
5228
5112
5260
5204
5144
5268
5116
5220
5196
5148
5212
5156
5072
5260
5116
5228
5124
5088
5148
5196
5116
5236
5080
5156
5124
5104
5184
5116
5120
5144
5116
5120
5128
5072
5180
5076
5172
5112
5148
5064
5168
5100
5144
5020
5124
5112
5180
5108
5044
5076
5104
5100
5112
5024
5036
5148
5000
5184
5008
5160
5068
5048
5048
5060
5004
5140
5000
5040
5024
5000
5096
5076
4968
5120
4956
5044
5060
4920
5092
4960
4980
5108
5004
5020
5084
4872
5108
4976
5012
5024
4972
5032
5108
4936
5076
4912
4956
5036
4912
5028
5016
4904
5012
4972
4924
5080
4900
5028
4952
4948
5020
5004
4900
5056
4860
4988
4916
4916
4988
4944
4900
5000
4860
4908
4900
4900
4996
4932
4948
4924
4944
4948
4948
4860
4956
4880
4964
4872
4952
4892
4928
4876
4912
4860
4912
4828
4908
4884
4860
4900
4876
4892
4884
4816
4868
4884
4820
4920
4808
4876
4832
4832
4860
4872
4760
4908
4736
4868
4792
4796
4840
4864
4756
4916
4820
4916
4832
4688
4896
4804
4784
4860
4768
4820
4868
4712
4888
4684
4764
4836
4824
4812
4864
4664
4856
4680
4756
4844
4724
4764
4776
4684
4836
4756
4696
4788
4636
4804
4760
4712
4760
4764
4700
4844
4656
4812
4728
4716
4752
4740
4716
4804
4636
4728
4712
4704
4796
4712
4704
4700
4692
4740
4740
4700
4736
4644
4732
4620
4732
4648
4696
4644
4748
4640
4736
4620
4728
4628
4660
4676
4676
4672
4708
4640
4696
4668
4600
4736
4568
4680
4612
4616
4636
4640
4556
4728
4560
4692
4636
4620
4692
4640
4588
4712
4544
4680
4672
4552
4696
4556
4600
4700
4548
4588
4604
4492
4772
4516
4516
4608
4584
4620
4612
4476
4688
4516
4580
4648
4516
4604
4612
4492
4620
4528
4536
4620
4488
4612
4568
4544
4572
4528
4480
4636
4460
4604
4468
4520
4572
4536
4488
4548
4452
4548
4500
4520
4540
4480
4536
4504
4524
4488
4528
4496
4552
4452
4536
4444
4532
4420
4488
4472
4536
4452
4504
4412
4540
4448
4476
4484
4468
4468
4500
4440
4492
4476
4404
4524
4380
4504
4424
4440
4476
4456
4412
4528
4348
4492
4396
4372
4492
4456
4408
4468
4324
4468
4440
4332
4496
4352
4392
4436
4340
4452
4416
4280
4472
4300
4420
4420
4352
4408
4432
4320
4512
4312
4372
4380
4336
4412
4420
4316
4428
4340
4372
4444
4304
4392
4332
4344
4384
4388
4340
4424
4260
4420
4304
4360
4352
4380
4348
4376
4288
4396
4312
4312
4332
4264
4300
4332
4372
4332
4340
4308
4368
4300
4352
4256
4356
4280
4336
4304
4308
4264
4320
4212
4340
4256
4300
4324
4236
4300
4232
4260
4296
4272
4196
4360
4116
4384
4228
4272
4312
4240
4148
4320
4184
4316
4220
4216
4300
4240
4216
4316
4148
4332
4268
4196
4320
4176
4220
4288
4180
4264
4252
4180
4340
4160
4236
4244
4188
4212
4220
4084
4324
4124
4208
4212
4176
4248
4224
4116
4264
4160
4160
4248
4100
4256
4164
4176
4188
4152
4100
4208
4068
4236
4096
4184
4212
4172
4132
4216
4156
4232
4156
4152
4156
4132
4160
4132
4204
4168
4164
4152
4168
4100
4172
4060
4176
4072
4140
4092
4132
4112
4152
4072
4212
4060
4080
4132
4096
4128
4068
4028
4136
4088
4040
4136
4012
4160
4060
4084
4120
4100
4032
4156
3956
4132
4056
4076
4116
4020
4016
4120
3996
4152
4088
4008
4128
3980
4108
4096
3940
4056
4076
4000
4148
3964
4072
4068
4072
4088
4076
3904
4176
3960
4044
4044
3984
4056
4032
3956
4092
3988
3984
4000
3904
4068
3972
3992
3984
3948
3912
4028
3924
4040
3936
4036
4028
4012
3980
4040
3960
4024
3976
4016
4032
4008
3996
3940
3988
3976
3972
3920
3948
3900
3968
3900
4048
3912
3988
3936
3960
3932
4000
3892
4036
3892
3960
3964
3940
3996
3956
3896
3980
3876
3884
3984
3864
4020
3892
3952
4004
3944
3912
3996
3780
4028
3920
3896
3956
3884
3916
3996
3780
3884
3836
3872
4040
3832
3852
3932
3860
3948
3900
3780
3996
3820
3940
3848
3840
3912
3884
3768
3924
3768
3876
3840
3788
3856
3824
3800
3924
3828
3856
3888
3820
3924
3820
3876
3864
3860
3836
3916
3784
3900
3776
3836
3812
3824
3776
3868
3812
3852
3812
3868
3868
3836
3808
3804
3868
3832
3852
3828
3832
3832
3868
3732
3844
3692
3800
3780
3796
3820
3828
3708
3856
3724
3800
3784
3740
3812
3796
3776
3876
3784
3788
3852
3692
3840
3728
3772
3852
3764
3756
3820
3648
3864
3736
3740
3812
3704
3768
3860
3696
3816
3708
3660
3836
3676
3760
3720
3652
3752
3744
3652
3828
3592
3704
3672
3632
3712
3716
3644
3836
3612
3732
3696
3632
3708
3668
3668
3764
3680
3704
3708
3636
3744
3648
3684
3688
3692
3692
3740
3640
3740
3648
3740
3708
3724
3676
3736
3668
3700
3596
3632
3612
3632
3664
3636
3724
3640
3664
3636
3652
3612
3648
3580
3748
3624
3716
3676
3672
3652
3664
3580
3740
3620
3672
3696
3640
3716
3636
3572
3652
3552
3532
3692
3492
3724
3520
3580
3660
3580
3620
3636
3476
3636
3540
3588
3664
3512
3552
3664
3500
3676
3548
3532
3692
3540
3624
3616
3584
3652
3592
3480
3688
3500
3644
3568
3548
3584
3580
3492
3664
3484
3596
3576
3520
3584
3544
3512
3612
3480
3544
3576
3520
3592
3508
3560
3572
3540
3512
3536
3496
3604
3508
3536
3508
3536
3504
3576
3524
3536
3516
3576
3548
3556
3532
3520
3564
3476
3524
3508
3544
3496
3484
3420
3604
3472
3564
3520
3524
3528
3524
3464
3612
3452
3540
3524
3428
3532
3452
3448
3540
3436
3436
3512
3388
3572
3432
3464
3516
3420
3432
3516
3328
3544
3384
3444
3500
3420
3440
3512
3360
3572
3432
3432
3572
3380
3444
3452
3448
3484
3440
3444
3596
3332
3464
3412
3444
3440
3432
3380
3540
3332
3464
3392
3336
3444
3420
3420
3476
3388
3440
3396
3332
3420
3348
3416
3388
3416
3392
3468
3388
3436
3320
3388
3356
3448
3372
3352
3360
3368
3332
3400
3368
3364
3352
3340
3464
3332
3408
3384
3412
3372
3444
3344
3492
3308
3408
3348
3324
3356
3388
3324
3452
3272
3364
3340
3268
3372
3276
3296
3376
3316
3372
3388
3216
3460
3320
3332
3324
3260
3328
3428
3220
3416
3224
3340
3420
3268
3288
3368
3260
3408
3276
3252
3424
3268
3336
3304
3276
3376
3320
3244
3412
3232
3364
3280
3260
3300
3272
3220
3352
3228
3324
3292
3248
3260
3224
3280
3328
3216
3252
3272
3244
3336
3244
3292
3236
3272
3212
3284
3244
3324
3216
3276
3188
3256
3204
3236
3244
3268
3260
3288
3244
3296
3232
3180
3296
3204
3272
3212
3208
3216
3244
3188
3320
3120
3276
3196
3220
3292
3280
3172
3292
3100
3224
3220
3168
3288
3196
3180
3264
3132
3204
3236
3072
3264
3112
3208
3268
3180
3192
3240
3088
3304
3124
3212
3220
3124
3172
3224
3148
3300
3148
3188
3260
3100
3212
3208
3164
3196
3168
3140
3280
3072
3228
3136
3144
3144
3144
3120
3244
3092
3204
3156
3148
3168
3112
3116
3144
3092
3148
3180
3116
3180
3084
3188
3172
3176
3128
3164
3144
3164
3064
3148
3092
3160
3112
3156
3124
3116
3120
3188
3112
3168
3112
3116
3212
3084
3148
3088
3052
3108
3116
3032
3184
3040
3148
3108
3064
3108
3084
3044
3184
3044
3140
3108
3068
3192
3060
3076
3176
3056
3140
3124
3036
3168
3028
3072
3100
3044
3044
3016
2992
3124
3052
3028
3140
3004
3076
3112
3004
3164
3068
3076
3096
2924
3076
3112
3100
3104
3008
2996
3148
2948
3084
2992
3024
3072
3060
3024
3152
2972
3060
3000
3012
3048
3016
3024
3028
2968
3044
3052
3032
3064
2984
3064
3004
2992
2964
3028
3020
3052
3012
3072
3000
3060
2968
3004
3036
2988
2988
3016
2988
3080
3032
2980
3048
2948
3036
2968
2956
3008
2976
2964
3092
2896
3008
2932
2964
3004
2952
2936
3064
2884
3008
2996
2948
3056
2948
2912
3020
2908
3012
3008
2836
3072
2916
3004
3036
2924
2924
3004
2856
3060
2832
2960
2996
2920
2972
2992
2872
3016
2876
2920
3032
2840
2932
2908
2936
3008
2908
2876
3004
2876
3008
2912
2968
2988
2884
2840
2952
2876
2932
2888
2888
2936
2900
2944
2948
2892
2916
2912
2916
2956
2876
2980
2856
2972
2888
2924
2876
2928
2812
2976
2880
3008
2864
2904
2856
2856
2848
2920
2816
2932
2860
2860
2948
2824
2912
2848
2872
2908
2892
2832
2996
2808
2964
2876
2876
2908
2860
2836
2972
2840
2972
2824
2764
2932
2808
2852
2932
2824
2916
2916
2772
2912
2744
2916
2908
2808
2836
2952
2784
2980
2752
2904
2912
2812
2860
2868
2772
2912
2784
2828
2900
2752
2884
2816
2796
2860
2796
2780
2904
2744
2856
2780
2828
2804
2788
2788
2872
2760
2824
2752
2812
2812
2792
2796
2812
2768
2800
2832
2808
2820
2728
2804
2744
2796
2704
2824
2772
2796
2756
2848
2716
2820
2716
2780
2796
2748
2784
2800
2748
2820
2760
2744
2824
2672
2800
2748
2764
2788
2756
2704
2832
2664
2876
2764
2752
2796
2744
2740
2880
2672
2820
2748
2716
2832
2688
2752
2812
2660
2752
2772
2668
2892
2684
2764
2804
2720
2780
2780
2636
2844
2668
2776
2800
2692
2772
2732
2652
2768
2640
2712
2800
2652
2800
2728
2764
2780
2708
2704
2804
2648
2784
2700
2756
2728
2708
2692
2752
2624
2732
2660
2732
2760
2704
2700
2704
2692
2664
2684
2688
2724
2684
2764
2688
2756
2648
2712
2684
2700
2660
2720
2636
2720
2612
2680
2696
2636
2688
2668
2616
2704
2636
2672
2768
2600
2712
2640
2656
2712
2660
2636
2760
2564
2732
2652
2652
2712
2628
2612
2740
2560
2732
2684
2616
2752
2584
2648
2692
2564
2664
2716
2568
2744
2536
2668
2696
2556
