2529
2528
632

704
704
580
728
596
676
636
620
624
684
548
728
612
636
696
572
688
704
540
700
684
644
748
524
712
660
600
684
640
540
824
568
692
616
552
692
660
592
760
572
728
688
512
760
624
604
668
572
656
764
480
748
568
636
648
580
596
720
496
712
560
584
664
588
660
640
556
688
656
604
688
564
660
620
624
624
684
556
676
572
696
632
656
608
684
628
688
628
668
608
648
624
692
628
556
632
612
636
628
620
596
660
520
724
560
652
660
640
644
696
536
752
608
648
692
576
672
636
548
708
644
576
764
560
764
668
608
692
676
588
800
548
736
676
556
668
628
592
696
504
676
712
552
720
580
556
688
568
632
696
464
744
576
656
680
608
616
668
484
752
652
648
696
616
704
712
596
648
616
660
776
632
724
624
652
668
748
600
676
512
652
596
680
620
696
572
628
640
676
604
632
596
672
652
604
676
604
608
604
640
624
668
520
716
588
680
648
628
628
664
540
752
588
616
684
592
712
660
556
684
652
596
748
536
752
636
596
688
632
568
752
496
728
644
588
664
604
572
764
588
688
660
532
692
568
588
700
620
632
676
508
744
572
612
636
612
708
744
508
740
588
660
708
632
704
696
608
676
672
696
708
636
636
640
620
636
652
584
716
568
692
600
640
560
648
524
600
604
628
588
580
600
640
632
548
704
628
700
664
636
624
700
536
720
580
652
628
572
640
696
564
748
596
624
700
568
684
652
536
696
596
568
732
520
724
640
564
700
636
560
760
516
692
604
532
676
604
552
708
564
700
676
556
780
600
624
748
604
648
684
528
816
588
676
684
608
640
708
552
736
588
648
696
644
652
664
616
740
672
596
708
552
672
648
684
604
672
560
700
572
720
608
668
556
692
596
700
652
660
620
660
616
676
660
572
680
596
660
632
640
668
708
508
724
536
644
692
636
688
728
500
744
612
652
672
540
720
696
588
744
588
568
768
524
740
616
628
736
636
556
728
488
748
636
596
740
692
612
732
512
696
652
532
732
604
664
688
584
656
700
540
748
540
652
688
680
684
700
584
804
584
632
608
588
696
688
592
636
592
592
680
584
648
564
636
620
720
592
652
580
628
588
644
588
704
596
668
672
648
632
652
604
688
668
636
740
600
628
636
612
656
712
552
732
564
628
608
608
676
712
540
764
584
628
672
564
692
640
572
720
600
604
740
520
748
616
600
712
632
604
792
520
744
608
564
700
620
608
700
540
676
644
644
772
560
600
648
604
616
684
532
788
596
712
664
608
656
668
504
692
584
656
632
604
668
660
600
660
656
620
676
604
640
580
632
596
716
600
680
604
648
604
632
556
660
568
632
664
652
652
632
576
688
684
612
732
600
692
676
648
676
680
556
752
528
636
640
604
692
688
540
780
584
656
676
516
704
632
596
764
564
584
728
492
728
564
628
700
628
580
756
508
744
608
620
716
652
640
736
556
708
612
524
728
620
672
680
572
644
676
540
792
584
644
688
652
684
732
576
764
620
660
604
620
700
684
588
652
672
632
628
556
664
596
672
604
640
612
660
536
668
588
748
584
716
564
644
668
604
608
652
624
668
632
568
732
632
712
648
620
684
716
572
784
584
672
668
600
680
700
572
764
564
648
680
532
684
612
572
720
576
568
720
500
752
596
620
684
600
572
700
500
724
548
576
696
648
628
712
536
700
644
560
744
620
672
664
636
728
740
584
760
572
692
692
664
680
720
576
696
544
664
640
576
620
640
604
644
640
620
652
604
684
640
684
604
732
608
656
592
616
608
676
540
696
592
636
656
624
656
648
572
680
652
604
740
556
684
628
632
676
664
508
764
552
700
620
576
696
700
552
728
540
700
740
564
724
660
604
764
600
588
704
528
776
612
636
732
636
600
704
500
764
604
604
672
596
640
704
532
704
632
568
720
564
664
660
580
660
668
580
768
532
660
620
648
652
680
568
728
604
684
636
628
624
632
640
612
628
596
672
672
716
664
696
564
668
580
660
648
680
628
696
592
740
612
632
640
620
620
696
600
696
640
588
736
600
692
632
604
684
692
556
776
532
664
636
592
688
668
560
796
564
716
696
512
692
588
516
680
544
616
704
500
748
592
612
696
636
628
764
560
788
652
640
704
604
620
704
544
656
604
552
700
604
656
664
660
716
676
512
728
616
724
664
616
624
644
568
684
560
664
628
660
656
652
628
604
656
644
704
624
668
608
708
604
724
540
600
592
668
644
668
512
688
584
636
676
616
620
612
556
692
660
600
748
552
700
648
596
664
620
540
764
532
668
636
572
680
628
544
772
540
668
684
540
732
588
580
708
580
612
676
492
764
588
648
732
604
628
700
540
816
612
632
684
608
636
692
580
724
640
580
708
556
660
668
620
652
656
544
724
576
688
612
624
624
676
588
732
612
664
636
636
620
592
588
636
624
624
688
668
712
632
636
512
732
560
700
652
700
636
716
500
776
560
668
644
584
628
664
560
672
616
604
776
568
640
588
584
720
664
552
760
540
708
596
552
652
648
516
764
556
692
660
564
772
648
576
720
572
672
732
524
764
588
640
692
588
616
724
472
764
592
624
668
620
632
728
572
716
632
632
728
616
692
632
612
660
684
568
752
560
724
576
620
612
712
596
736
592
672
612
644
584
624
640
652
720
612
636
644
656
632
684
588
748
568
616
624
628
616
684
540
724
588
668
708
588
692
664
592
736
604
520
728
580
704
620
580
736
664
556
752
532
760
696
596
636
628
572
792
516
640
652
572
732
596
572
716
584
652
684
528
764
532
608
680
640
652
716
508
736
588
660
668
620
664
716
572
724
608
600
704
572
656
620
624
624
652
580
736
588
676
592
664
636
684
572
676
604
656
600
644
636
684
644
656
684
608
640
628
660
636
696
568
724
572
652
644
628
620
668
540
756
572
644
676
584
680
676
596
756
576
552
696
524
700
600
572
688
652
572
792
544
764
640
644
716
644
540
716
508
644
668
572
776
604
608
680
584
664
668
520
752
588
676
712
620
620
696
508
732
556
620
672
632
672
712
580
700
592
604
708
572
644
632
628
668
700
588
720
580
720
584
632
576
668
604
716
652
624
588
664
632
640
588
588
696
624
648
660
592
608
672
612
772
560
620
624
672
688
708
532
724
572
684
664
528
636
640
580
756
636
620
716
512
716
612
624
696
588
520
760
552
760
604
564
676
596
576
748
508
684
628
584
724
556
624
716
576
708
728
548
748
548
628
668
600
636
660
508
748
568
676
660
600
660
676
584
700
584
612
700
612
700
652
628
648
672
592
700
556
676
592
688
628
704
572
680
632
684
636
684
652
716
672
652
708
600
604
648
624
600
648
576
744
548
636
660
644
596
672
508
848
572
600
632
596
760
660
564
700
604
584
660
476
720
628
568
640
616
652
860
472
528
420
568
948
960
788
640
156
276
460
796
1232
964
656
436
176
404
616
656
996
764
744
576
476
508
580
456
764
708
800
740
624
536
540
508
664
632
688
748
620
672
528
572
592
712
608
788
664
740
596
660
512
620
592
756
752
804
684
620
448
484
532
644
856
800
764
648
460
464
560
564
852
728
764
696
548
592
556
484
760
560
668
744
576
616
556
488
708
564
588
700
520
768
648
576
656
604
572
756
496
716
604
588
676
576
544
740
528
724
664
608
772
600
620
708
588
720
712
564
764
564
656
636
604
644
708
564
740
564
660
668
636
656
668
600
740
668
648
652
588
656
596
636
652
684
588
680
592
668
564
660
592
720
628
688
648
664
600
660
600
660
624
592
696
600
660
656
640
672
696
600
752
536
664
660
652
692
700
564
784
560
636
644
588
704
612
544
736
580
628
728
528
740
616
616
708
652
612
752
492
712
576
576
684
588
572
736
540
712
620
544
708
552
584
680
540
684
644
572
748
544
636
660
660
664
668
544
756
596
640
588
612
648
668
596
684
592
620
668
644
692
628
684
636
684
596
696
564
636
592
692
536
708
656
668
632
604
632
724
600
684
580
568
696
592
660
608
608
652
644
548
748
508
620
624
628
712
668
516
756
540
672
696
528
664
596
584
796
600
608
716
544
780
592
596
696
580
580
732
532
764
580
584
728
612
608
704
520
724
628
580
720
556
624
680
572
664
648
576
772
572
720
672
628
656
648
548
740
564
680
648
648
640
668
608
696
624
624
668
636
656
600
668
604
692
612
688
620
660
584
676
604
728
576
644
624
608
588
664
604
696
604
608
696
568
648
644
616
680
700
564
748
548
724
688
616
656
680
604
764
504
676
676
624
692
568
632
776
644
604
720
540
764
588
576
692
596
628
720
504
764
588
644
700
636
612
692
508
668
604
636
772
572
620
720
616
668
620
580
776
596
672
616
632
652
668
588
716
560
640
612
592
680
620
564
620
616
616
692
596
680
604
692
584
668
540
640
616
664
616
692
588
712
584
660
676
648
644
716
620
740
596
612
736
572
652
620
564
676
648
628
900
672
936
1032
1084
1168
1172
1140
1408
1160
1284
1252
1192
1412
1308
1232
1376
1236
1336
1356
1140
1376
1232
1292
1364
1208
1200
1380
1160
1408
1228
1296
1332
1220
1232
1364
1180
1308
1212
1220
1332
1192
1284
1296
1192
1284
1292
1220
1336
1156
1316
1288
1248
1244
1284
1204
1328
1176
1284
1224
1208
1212
1280
1240
1296
1268
1260
1268
1248
1256
1228
1288
1252
1356
1252
1300
1232
1252
1244
1320
1176
1308
1152
1252
1240
1220
1224
1244
1156
1288
1224
1240
1296
1160
1300
1268
1180
1288
1264
1176
1348
1132
1312
1268
1164
1232
1220
1136
1332
1132
1296
1276
1176
1316
1232
1180
1292
1132
1244
1324
1116
1360
1168
1216
1260
1164
1224
1320
1100
1340
1176
1220
1260
1176
1272
1328
1132
1296
1172
1192
1260
1156
1244
1252
1184
1252
1252
1188
1300
1140
1280
1192
1228
1224
1260
1152
1268
1160
1296
1216
1248
1180
1236
1188
1272
1220
1276
1268
1272
1220
1200
1240
1156
1252
1148
1212
1208
1224
1228
1272
1132
1276
1116
1212
1240
1168
1220
1304
1196
1292
1136
1168
1276
1148
1244
1236
1156
1236
1212
1168
1300
1080
1300
1236
1164
1272
1224
1128
1324
1088
1308
1240
1092
1240
1164
1232
1352
1104
1164
1240
1100
1344
1148
1200
1224
1116
1184
1280
1088
1284
1072
1228
1284
1176
1172
1232
1076
1260
1156
1228
1288
1132
1200
1220
1164
1232
1196
1152
1264
1132
1264
1200
1196
1196
1228
1140
1268
1104
1200
1200
1248
1224
1224
1180
1220
1192
1204
1196
1156
1124
1180
1228
1192
1264
1148
1224
1220
1200
1164
1240
1096
1284
1124
1228
1180
1136
1164
1216
1096
1240
1116
1156
1232
1128
1288
1252
1160
1232
1148
1104
1316
1044
1216
1180
1160
1168
1144
1124
1300
1040
1260
1252
1100
1268
1104
1168
1276
1064
1128
1280
1060
1324
1076
1188
1236
1120
1148
1240
1092
1316
1096
1196
1236
1172
1164
1196
1052
1268
1172
1164
1224
1116
1228
1220
1152
1164
1156
1132
1212
1052
1172
1160
1180
1140
1148
1124
1256
1148
1184
1144
1180
1160
1200
1168
1152
1188
1144
1204
1148
1148
1116
1172
1056
1236
1096
1196
1132
1132
1160
1244
1084
1244
1120
1216
1228
1168
1196
1164
1032
1216
1088
1156
1236
1012
1168
1164
1144
1220
1104
1108
1284
1020
1192
1092
1100
1236
1212
1080
1264
1044
1240
1132
1068
1212
1120
1160
1256
1036
1192
1208
1028
1228
1052
1208
1244
1116
1144
1220
1000
1244
1016
1160
1180
1108
1144
1224
1068
1240
1072
1112
1160
1076
1116
1140
1124
1176
1148
1112
1188
1036
1180
1132
1164
1132
1188
1092
1232
1092
1128
1076
1136
1076
1128
1124
1164
1140
1096
1140
1160
1136
1120
1164
1096
1272
1112
1172
1132
1132
1108
1144
1056
1256
1036
1124
1128
1080
1156
1176
1048
1192
1044
1112
1216
1052
1164
1100
1084
1224
1116
1072
1244
996
1216
1104
1120
1216
1112
1076
1280
1012
1236
1152
1088
1220
1100
1100
1180
1020
1156
1164
1032
1216
1032
1136
1156
1036
1104
1188
1068
1260
1056
1188
1148
1092
1116
1180
1060
1192
1068
1124
1172
1092
1128
1128
1100
1096
1100
1048
1168
1072
1148
1064
1132
1076
1128
1060
1164
1052
1148
1132
1196
1112
1172
1136
1140
1136
1084
1124
1156
1088
1108
1156
1052
1156
988
1120
1160
1100
1108
1136
1020
1208
1032
1180
1152
1056
1124
1144
1016
1204
1048
1080
1168
1080
1188
1056
1032
1148
1072
1044
1228
940
1172
1076
1100
1160
1056
1036
1228
984
1220
1120
1048
1136
1028
1100
1244
1028
1104
1096
1016
1252
1028
1088
1092
1028
1092
1140
988
1220
1020
1132
1128
1080
1108
1144
1036
1220
1084
1132
1156
1032
1100
1100
1068
1072
1096
1032
1136
1044
1128
1064
1124
1044
1100
1036
1184
1072
1084
1044
1128
1084
1136
1076
1100
1104
1088
1128
1148
1080
1100
1124
1048
1172
976
1124
1116
1068
1080
1128
1004
1220
980
1120
1124
1048
1124
1108
1016
1164
1028
1104
1148
1004
1144
1048
1024
1136
1028
1056
1196
956
1212
1052
1076
1152
1052
1044
1248
960
1188
1048
1028
1156
992
1052
1092
1012
1084
1124
948
1156
944
1116
1100
1056
1092
1068
964
1172
980
1124
1088
1088
1052
1096
960
1148
972
1036
1092
1052
1056
1028
1096
1144
1104
1004
1072
1024
1136
1048
1112
1044
1108
1064
1068
1020
1076
1092
1100
1000
1096
1068
1116
1152
1044
1072
1104
1040
1040
1124
972
1192
972
1096
1060
1052
1044
1076
956
1220
968
1092
1088
936
1080
1092
996
1128
964
1072
1168
972
1108
972
1032
1208
1044
1028
1164
944
1176
996
1028
1148
1040
984
1112
900
1164
1072
1004
1100
1008
1096
1176
988
1104
1088
1016
1176
956
1096
1076
1024
1064
1092
984
1196
972
1088
1068
1056
1060
1048
988
1124
1004
1048
1040
988
1036
1020
1064
1020
1052
1028
1068
1012
1100
1024
1064
1024
1148
1040
1132
1036
1060
1052
1096
1000
1080
1012
1048
1116
1028
1048
1092
1016
1096
1080
1016
1156
948
1096
1080
1020
1064
1072
948
1140
924
1092
1084
992
1096
1056
988
1140
928
1092
1128
896
1068
964
996
1124
1036
1036
1136
860
1140
964
1020
1056
1020
1024
1132
868
1100
980
1004
1100
956
1060
1140
996
1080
1060
960
1116
940
1080
1076
1020
1044
1052
968
1128
936
1048
988
1020
1048
1032
1024
1084
996
1024
1052
1000
1004
1012
1036
1012
1060
1008
1076
1012
1032
1004
1068
952
1108
1000
1068
1036
1020
1020
1116
972
1076
984
1016
1068
948
1028
1060
976
1008
1000
952
1112
896
1052
996
932
1048
1076
956
1212
968
1100
1064
936
1028
988
968
1136
896
1016
1092
892
1104
1000
940
1052
956
1004
1072
848
1088
1000
1008
1068
976
992
1108
908
1108
976
1020
1152
1004
1068
1140
964
1056
1020
980
1132
908
1004
1012
1004
1060
1056
932
1068
884
1052
1008
1000
996
1028
980
1044
988
1004
1016
968
1012
1000
1048
1008
1020
948
1036
984
1000
940
1032
968
1096
948
1040
988
988
988
1064
956
1044
968
1020
1060
940
1044
1060
948
1028
1016
928
1112
892
1068
1036
968
1016
1000
924
1124
900
1036
1032
912
1056
1008
936
1100
892
1008
1052
924
1116
964
972
1040
976
952
1112
856
1096
972
1008
1108
988
996
1056
908
1084
988
968
1076
944
1004
1060
932
1020
980
960
1152
892
1060
996
976
1020
1020
940
1048
940
996
988
996
960
992
1000
1096
956
988
1012
972
980
988
988
972
1012
960
1036
1004
964
952
1048
956
1036
944
1016
1024
996
964
1024
916
1084
960
944
1028
932
1004
984
892
984
948
888
1052
820
1040
984
888
976
1016
944
1144
892
1036
1032
940
1012
924
920
1132
904
948
1024
884
1084
908
904
1012
940
972
1052
824
1080
912
984
1020
960
980
1092
876
1096
964
1012
1052
904
960
1000
916
1032
1008
968
1112
904
1008
1012
980
988
1048
948
1084
908
1032
988
992
992
1024
960
964
932
984
972
968
936
932
984
980
1032
940
988
960
996
996
1048
908
1044
916
1040
1020
964
960
1032
920
1084
948
920
960
864
988
1044
956
1036
944
900
1108
900
1024
960
924
1008
956
888
1100
832
1036
1004
936
1060
976
928
1088
840
980
1040
864
1060
884
964
1036
956
996
1056
832
1080
908
1004
1004
944
996
1056
888
1068
960
976
1052
904
964
988
888
996
968
900
1068
904
1004
944
940
920
1004
916
1020
884
1012
944
1012
976
1012
972
996
932
988
956
948
940
920
972
912
1020
940
1000
936
932
916
996
864
1044
896
996
972
948
976
1016
864
996
944
940
1028
848
964
1004
916
1020
960
900
1048
812
1024
1016
940
1032
1004
932
1128
856
1040
980
896
1024
928
924
1048
844
980
1000
828
1020
868
976
1016
924
940
1044
788
1048
896
1016
980
860
912
1056
860
1040
912
940
996
856
956
976
860
972
972
932
1044
868
988
964
992
1020
1028
884
984
844
1024
932
956
860
956
928
1044
940
948
932
936
948
948
1040
892
956
852
1024
976
956
932
1020
872
1064
904
988
936
892
940
988
860
1000
864
916
992
884
1004
944
860
976
952
908
1076
828
1044
948
880
996
956
856
1064
808
996
960
876
1008
908
920
1036
852
972
1020
852
1036
860
948
984
884
964
1036
816
1016
852
988
956
892
904
1000
820
1000
864
916
972
868
932
928
828
916
888
872
1012
924
968
940
908
876
920
868
948
960
980
1020
964
944
972
948
944
892
928
932
976
892
896
936
876
992
836
936
952
956
960
980
860
988
816
924
908
872
928
1004
864
1008
824
924
996
836
932
940
824
968
916
904
1036
784
1020
964
884
956
884
836
1056
788
972
936
864
1032
884
856
984
808
952
964
820
1024
864
948
984
888
920
1008
812
1056
836
976
948
872
888
944
812
1000
876
940
972
860
904
928
896
964
940
900
984
828
964
872
924
896
1004
904
1012
884
964
908
984
904
968
924
940
948
948
936
944
916
924
980
864
976
848
952
908
860
880
948
824
1008
848
980
956
904
944
956
832
1012
880
916
956
824
976
944
888
992
876
884
1024
784
1012
912
900
980
908
860
1036
772
960
868
844
1008
892
888
984
780
952
960
836
1036
824
920
948
900
932
960
812
1016
788
940
972
892
944
964
828
980
888
916
936
836
888
900
856
948
916
876
968
852
972
892
916
816
892
820
940
836
944
896
956
860
940
892
900
908
884
920
940
912
968
968
856
984
816
956
932
908
920
968
812
1000
828
944
904
824
964
988
856
988
828
884
944
740
936
868
832
964
872
852
1008
744
956
860
852
948
888
860
1036
772
1032
936
888
1000
864
872
988
816
936
900
764
976
788
904
892
828
936
1000
820
1020
844
940
964
892
884
968
900
996
828
924
932
876
900
896
824
876
892
848
920
812
924
860
888
836
912
788
900
816
908
876
856
804
908
948
920
932
876
932
956
908
940
952
868
1036
880
1004
920
868
908
908
820
1040
848
976
884
780
896
912
808
952
784
892
960
784
944
856
796
892
812
808
944
716
980
860
828
896
828
824
1004
748
972
872
868
980
884
900
988
840
992
980
828
1020
820
972
964
860
892
956
840
1004
824
940
932
924
936
1000
876
968
860
916
908
812
852
860
880
888
856
856
888
800
852
888
868
840
828
916
916
904
880
880
856
944
948
908
836
872
840
884
924
884
968
940
844
968
796
912
908
840
876
948
808
992
728
928
856
772
888
860
700
956
852
940
916
756
932
844
820
900
820
900
1088
752
936
884
900
928
804
820
1020
808
944
836
792
980
824
824
936
808
972
952
780
980
832
920
880
812
908
956
800
956
764
932
892
856
808
876
816
904
804
860
888
840
860
836
816
868
880
836
912
832
932
