29762
29826
7456

588
588
724
632
644
760
732
640
784
588
752
668
620
736
684
660
764
596
732
728
580
764
604
704
724
632
704
732
552
796
600
668
708
680
728
756
588
788
664
676
704
580
720
676
616
736
696
676
752
584
764
680
680
688
696
612
764
652
768
668
684
672
672
648
684
656
700
700
676
700
660
688
656
700
672
728
664
728
688
764
664
744
644
736
684
696
704
712
616
764
680
688
732
608
712
688
640
708
716
580
808
544
780
628
644
644
748
672
796
572
720
660
612
760
676
696
764
584
688
684
548
772
592
632
712
636
676
732
536
804
624
704
732
672
736
744
592
780
652
692
768
640
760
676
620
732
704
676
772
584
744
664
668
668
704
604
732
624
768
720
736
736
708
660
708
644
700
656
688
708
648
688
620
724
676
752
644
728
660
720
656
780
640
700
668
692
716
716
628
724
648
680
728
600
748
680
640
704
720
704
816
584
776
676
676
712
644
624
812
592
780
644
600
716
640
648
732
624
788
712
584
816
676
772
684
580
720
780
564
768
624
816
772
672
680
696
612
816
604
636
724
668
792
708
676
728
628
616
764
660
780
640
636
688
780
712
768
568
736
688
756
712
696
640
660
668
720
668
640
672
668
760
680
732
612
700
684
728
700
728
612
752
668
716
704
656
712
700
628
748
672
692
724
612
740
680
652
748
684
648
776
604
792
644
616
700
704
652
764
556
804
696
644
748
652
696
740
604
760
716
568
768
616
736
748
632
720
708
588
812
640
704
664
612
756
724
616
752
608
704
756
620
700
684
688
756
708
668
740
588
764
684
724
700
696
652
752
656
752
680
708
692
724
696
672
664
724
724
708
700
716
692
640
780
680
696
612
636
668
724
616
728
652
752
688
636
676
712
644
740
616
668
736
624
740
660
656
740
672
624
772
588
820
692
688
756
736
696
792
572
768
664
636
756
652
668
716
576
724
684
596
772
640
732
712
644
692
712
584
820
628
744
684
652
728
716
604
764
636
692
720
632
768
696
648
748
724
716
756
640
740
676
716
692
700
644
748
652
764
668
696
680
736
684
684
676
680
668
688
680
680
696
628
712
628
704
660
692
708
724
588
764
620
704
672
644
728
716
636
768
664
704
756
632
760
640
636
748
708
684
748
560
784
652
676
704
720
668
736
620
800
736
596
764
600
688
732
556
744
684
596
780
596
732
684
664
724
696
576
792
600
744
708
640
716
740
648
804
664
716
712
668
772
700
692
728
716
704
724
616
760
644
696
664
732
704
728
664
740
632
724
692
720
684
672
708
700
692
672
672
692
716
660
752
620
736
696
700
708
748
636
768
620
716
656
620
708
684
636
748
652
692
736
600
764
664
668
760
692
676
768
576
832
676
676
700
720
688
732
504
768
712
664
732
628
672
744
600
736
708
676
828
620
708
664
676
728
712
616
768
560
712
692
632
708
700
636
764
648
728
720
632
752
728
720
748
704
684
784
680
740
560
644
696
792
720
740
668
760
696
720
620
636
608
644
744
732
720
692
652
684
724
620
736
596
672
664
664
728
708
620
768
612
740
696
644
736
732
660
780
640
696
740
620
776
636
672
760
676
684
772
596
828
636
628
684
660
684
768
584
796
636
636
740
624
652
692
604
772
724
644
796
620
700
696
612
740
672
620
788
636
720
720
664
736
696
652
728
624
708
700
676
756
636
664
708
728
700
724
648
776
664
728
732
764
680
720
636
740
644
708
656
744
628
692
720
688
692
668
696
732
680
608
724
640
776
708
664
724
732
604
760
544
712
708
700
728
668
616
792
596
708
696
644
788
644
652
756
672
688
740
556
816
656
676
700
652
680
748
556
804
608
656
740
600
692
720
628
780
668
660
808
576
708
660
668
728
728
636
796
616
712
672
660
708
688
668
764
628
744
712
688
760
688
720
708
688
652
708
676
752
636
712
644
728
648
728
644
728
676
728
628
712
636
668
728
668
700
696
692
728
688
632
744
632
748
688
648
704
680
588
768
600
716
660
628
764
700
656
740
648
704
700
600
768
628
676
732
644
668
740
552
776
604
676
780
628
720
740
572
760
600
572
816
600
740
680
628
788
692
668
788
632
804
700
660
684
688
600
780
588
748
644
680
716
724
680
752
632
716
680
660
736
656
696
716
728
672
720
668
760
668
728
624
740
660
736
692
740
696
704
624
696
652
644
692
676
700
676
648
740
672
644
780
648
748
656
672
704
656
644
804
620
756
676
664
776
688
624
768
632
744
708
628
772
608
636
700
640
712
760
596
820
632
696
752
704
732
744
576
828
660
696
752
632
724
688
560
760
672
604
732
580
772
724
668
684
644
604
788
572
724
660
700
684
660
648
800
652
644
620
684
776
700
724
692
732
704
728
604
700
660
732
624
740
676
712
636
704
712
780
664
716
628
700
792
700
692
668
652
784
712
620
764
612
748
696
700
772
704
580
716
584
792
692
644
748
680
616
776
596
744
740
636
808
664
676
760
652
720
732
592
840
636
696
732
652
704
756
600
828
624
680
752
640
700
728
652
800
684
732
804
640
756
676
656
716
696
636
724
600
736
684
708
712
712
684
764
700
752
700
716
736
688
672
664
716
696
728
644
760
632
732
668
728
624
744
712
748
656
688
620
768
640
636
728
732
780
652
628
760
728
668
764
584
748
680
664
720
676
628
784
584
776
700
696
736
644
664
808
648
780
684
608
820
660
704
736
640
708
748
584
796
612
692
708
676
756
772
604
796
636
712
732
648
704
676
636
748
656
660
780
640
784
644
684
704
692
668
756
600
752
660
684
648
668
636
736
668
744
696
728
728
684
672
664
716
688
704
648
720
652
732
660
768
640
704
696
736
736
740
652
776
684
728
760
704
752
720
664
756
696
676
776
592
748
652
680
796
724
660
756
564
764
660
632
756
640
656
776
596
756
708
600
796
624
684
740
676
764
764
612
804
616
724
720
664
720
728
616
752
664
672
744
596
728
652
740
816
664
644
716
604
756
624
652
720
732
640
752
620
764
668
724
684
700
704
732
668
712
692
696
708
668
692
668
728
644
684
620
692
660
740
656
760
644
724
684
692
708
692
604
756
612
704
736
624
748
700
648
764
656
668
756
600
804
680
700
756
680
640
788
568
764
660
692
780
664
664
736
596
764
684
656
804
628
712
716
660
740
672
536
780
600
724
680
624
688
716
628
784
580
704
724
644
744
700
664
748
664
664
720
588
748
628
716
716
744
664
708
616
796
660
700
668
688
720
744
696
740
680
696
756
680
664
624
768
712
756
724
712
612
684
656
800
648
720
660
692
764
764
608
704
592
688
756
628
696
652
660
752
692
652
740
564
768
672
700
760
660
624
756
600
796
632
608
712
628
668
756
604
748
672
640
788
604
716
752
636
720
688
588
788
592
736
708
704
652
704
636
840
632
740
716
668
748
688
644
740
636
688
748
652
748
636
704
724
688
660
732
636
756
644
744
720
700
656
684
684
684
616
640
676
644
700
688
728
616
728
732
712
644
668
564
760
604
716
664
700
732
688
612
792
664
760
704
616
740
704
648
700
612
652
796
604
764
624
672
748
668
676
792
580
776
632
688
748
640
640
724
604
764
664
640
796
640
760
724
632
676
700
620
844
596
768
660
668
716
704
628
816
640
716
660
656
716
680
688
740
660
668
732
632
736
648
684
664
668
640
728
636
764
640
736
696
724
672
712
660
676
688
748
728
700
732
648
744
632
704
692
704
692
716
616
776
620
736
708
692
704
708
656
808
652
704
740
612
740
644
676
760
664
692
772
608
812
628
652
724
688
692
768
560
772
640
676
792
632
696
748
620
784
696
628
760
552
684
716
652
740
700
608
808
620
764
704
672
728
716
640
772
596
708
684
640
748
644
704
712
612
656
704
660
712
644
676
668
700
640
744
668
760
652
700
672
692
672
692
684
680
684
704
672
728
696
668
752
632
716
672
676
676
700
668
812
624
736
672
716
752
700
652
792
628
736
728
676
760
692
688
784
668
712
744
636
804
664
716
728
660
688
776
584
780
616
684
748
616
676
744
604
784
668
648
804
624
724
708
668
740
700
628
808
588
728
664
668
708
700
644
784
624
736
684
668
720
652
660
756
700
700
740
656
752
652
716
672
684
644
736
648
712
636
748
672
704
660
684
700
704
676
688
652
760
744
628
736
640
800
704
644
652
692
636
820
600
724
704
716
716
648
604
776
608
700
708
652
768
684
688
796
700
708
724
596
836
692
704
736
636
700
816
616
768
612
712
772
660
744
768
652
800
660
656
756
556
700
708
696
716
684
604
792
580
764
644
676
708
724
648
780
624
736
640
660
700
672
684
716
676
724
764
672
760
660
728
668
744
704
752
704
724
660
736
708
740
676
704
648
664
732
780
708
732
732
704
796
580
680
668
736
732
676
620
844
636
744
636
620
720
692
664
792
564
732
712
616
764
672
712
768
616
684
740
628
808
604
724
892
1384
2280
3292
4048
5144
5776
6580
7200
7504
7828
7976
7916
8108
8036
8096
8232
8128
8228
8180
8184
8252
8212
8164
8308
8080
8264
8184
8200
8212
8164
8100
8196
8044
8148
8072
8084
8140
8048
8076
8100
8040
8008
8004
7972
8072
8008
8056
7984
8024
7920
8020
8008
8068
7964
8024
7920
8016
7936
7956
7924
7880
7924
7972
7952
7976
7912
7852
7960
7844
7936
7860
7872
7908
7908
7852
8004
7776
7952
7876
7836
7892
7820
7788
7936
7764
7900
7860
7768
7920
7804
7824
7916
7784
7844
7884
7724
7956
7740
7872
7916
7784
7820
7884
7704
7900
7676
7772
7820
7684
7792
7788
7668
7824
7688
7748
7828
7644
7788
7704
7700
7708
7648
7640
7804
7612
7756
7672
7716
7744
7712
7660
7756
7608
7696
7640
7672
7648
7668
7600
7744
7664
7628
7676
7584
7564
7644
7636
7672
7684
7576
7628
7576
7648
7564
7676
7584
7668
7548
7584
7616
7560
7608
7588
7536
7620
7580
7576
7636
7476
7620
7556
7576
7580
7548
7500
7672
7436
7632
7528
7512
7572
7492
7476
7580
7396
7556
7488
7452
7592
7420
7472
7520
7396
7520
7500
7412
7624
7376
7484
7524
7416
7476
7480
7356
7548
7364
7452
7440
7356
7460
7440
7348
7504
7364
7408
7472
7320
7508
7404
7364
7412
7348
7356
7444
7272
7392
7268
7380
7384
7348
7300
7376
7284
7384
7332
7364
7348
7316
7324
7320
7260
7264
7332
7292
7356
7284
7332
7228
7284
7220
7336
7284
7292
7232
7308
7200
7312
7152
7232
7272
7212
7264
7284
7232
7320
7228
7220
7312
7116
7220
7164
7160
7216
7212
7256
7324
6996
7268
7208
7188
7184
7108
7120
7268
7072
7216
7108
7084
7280
7096
7128
7232
7108
7136
7112
7048
7292
7096
7128
7088
7040
7144
7192
6968
7132
6964
7164
7204
7064
7088
7104
7044
7132
6988
7100
7128
6972
7104
7024
7076
7088
7024
6976
7116
6988
7152
6972
7040
7012
7028
7000
7080
6972
7048
6972
7024
7012
7016
7004
7016
6984
6944
6948
6908
6956
6944
7044
6984
7024
6880
6976
6916
7000
6976
6992
6872
6968
6928
7012
6968
6872
6904
6936
6924
6976
6832
6844
6972
6796
6932
6788
6828
6908
6856
6812
6956
6760
6988
6824
6820
6880
6812
6812
6920
6728
6912
6788
6788
6892
6716
6840
6888
6728
6836
6812
6732
6912
6716
6860
6812
6756
6804
6832
6708
6912
6684
6808
6796
6708
6780
6776
6732
6876
6732
6796
6852
6696
6804
6684
6724
6760
6700
6680
6812
6652
6776
6652
6700
6664
6696
6656
6756
6676
6756
6716
6736
6692
6700
6708
6696
6688
6660
6684
6672
6676
6628
6712
6636
6732
6592
6668
6624
6628
6628
6652
6544
6668
6540
6628
6640
6576
6652
6580
6572
6640
6572
6584
6656
6492
6652
6592
6596
6656
6552
6568
6668
6480
6708
6564
6564
6620
6548
6552
6616
6396
6576
6492
6500
6604
6444
6548
6588
6484
6576
6548
6432
6608
6380
6532
6540
6460
6500
6532
6424
6620
6392
6512
6484
6416
6480
6492
6436
6520
6392
6464
6536
6396
6496
6404
6452
6460
6428
6412
6492
6352
6480
6340
6444
6416
6444
6388
6460
6392
6424
6372
6428
6404
6400
6400
6412
6416
6368
6340
6436
6372
6416
6384
6328
6340
6328
6388
6364
6364
6340
6412
6312
6420
6268
6388
6408
6296
6344
6296
6264
6384
6268
6300
6408
6200
6356
6228
6268
6324
6244
6280
6408
6160
6392
6256
6272
6312
6196
6236
6348
6140
6344
6220
6216
6324
6144
6236
6280
6132
6236
6228
6140
6340
6156
6264
6256
6160
6224
6240
6136
6288
6032
6200
6192
6144
6256
6192
6136
6252
6124
6176
6228
6108
6236
6132
6176
6172
6160
6144
6216
6072
6228
6108
6200
6120
6144
6120
6180
6108
6164
6132
6160
6108
6140
6120
6120
6124
6080
6092
6120
6084
6100
6132
6036
6148
5992
6108
6068
6072
6072
6060
5988
6112
5972
6076
6056
5980
6076
6020
5988
6088
5972
6020
6116
5952
6136
5992
6056
6080
5992
5988
6100
5872
6048
5944
6036
6084
5916
5948
6044
5916
6052
5988
5928
6004
5888
6068
6012
5884
5980
5956
5908
6092
5852
5960
5920
5912
5936
5948
5876
6008
5800
5968
5928
5932
5936
5876
5824
6000
5944
5952
5900
5820
5944
5872
5948
5856
5812
5792
5940
5840
5920
5780
5892
5844
5884
5896
5908
5848
5840
5828
5904
5884
5884
5844
5816
5868
5832
5864
5788
5848
5888
5900
5760
5852
5744
5880
5824
5812
5796
5836
5792
5884
5704
5848
5852
5776
5788
5732
5744
5864
5684
5716
5812
5668
5876
5712
5752
5784
5732
5748
5856
5628
5860
5652
5708
5768
5664
5748
5840
5644
5816
5692
5692
5808
5652
5768
5716
5656
5744
5656
5612
5812
5608
5724
5712
5656
5688
5668
5608
5760
5580
5716
5668
5632
5684
5676
5652
5748
5640
5680
5708
5628
5704
5596
5656
5628
5628
5620
5696
5628
5732
5596
5668
5588
5592
5528
5604
5592
5616
5568
5636
5592
5628
5604
5596
5620
5540
5600
5596
5588
5564
5580
5512
5648
5508
5620
5516
5484
5528
5560
5500
5628
5452
5592
5576
5456
5572
5540
5512
5616
5452
5520
5604
5440
5624
5488
5496
5532
5452
5500
5596
5364
5584
5416
5508
5560
5436
5492
5564
5380
5576
5468
5480
5592
5388
5560
5484
5376
5488
5456
5408
5580
5372
5508
5480
5444
5476
5468
5364
5500
5328
5480
5472
5416
5452
5428
5428
5476
5360
5396
5392
5352
5448
5368
5444
5388
5408
5388
5452
5348
5428
5340
5468
5364
5404
5312
5356
5364
5380
5364
5404
5320
5356
5312
5336
5372
5288
5356
5340
5328
5376
5336
5332
5392
5304
5376
5336
5312
5360
5376
5284
5432
5200
5352
5300
5204
5352
5276
5304
5368
5200
5292
5352
5192
5356
5180
5244
5324
5228
5300
5360
5104
5360
5148
5240
5300
5180
5236
5300
5140
5336
5212
5260
5364
5180
5296
5256
5168
5276
5244
5176
5356
5120
5304
5192
5196
5204
5216
5144
5292
5084
5256
5164
5156
5168
5152
5124
5184
5120
5212
5204
5132
5228
5100
5172
5148
5172
5132
5232
5148
5228
5100
5228
5116
5176
5116
5164
5116
5116
5104
5156
5100
5140
5100
5080
5148
5028
5140
5112
5096
5112
5124
5092
5196
5008
5156
5068
5076
5132
5072
5024
5172
5008
5112
5076
4988
5120
5028
5064
5116
4972
5052
5124
4956
5128
4984
5076
5116
4992
5020
5088
4916
5148
4956
5060
5088
5016
5012
5080
4960
5132
4932
4964
5064
4940
5052
5004
4944
5004
4980
4956
5052
4892
5128
5024
4984
4976
5036
4932
4988
4828
5008
5032
4984
4984
4932
4972
5008
4948
4924
4992
4976
5048
4920
4936
4920
4956
4896
4944
4876
4976
4900
4992
4864
4992
4952
4980
4896
4872
4884
4940
4928
4984
4916
4896
4964
4864
4992
4932
4860
4880
4944
4908
5020
4776
4928
4844
4840
4856
4824
4796
4948
4792
4940
4884
4792
4924
4836
4844
4920
4816
4912
4948
4772
4972
4800
4872
4904
4792
4816
4840
4660
4928
4720
4844
4828
4740
4828
4876
4732
4884
4756
4832
4884
4700
4844
4772
4700
4788
4752
4708
4848
4696
4848
4772
4768
4800
4788
4724
4868
4696
4864
4780
4812
4808
4780
4768
4796
4724
4764
4744
4684
4716
4692
4768
4720
4772
4720
4748
4644
4740
4712
4800
4656
4784
4676
4780
4732
4720
4724
4732
4660
4724
4688
4664
4696
4588
4752
4708
4716
4732
4660
4604
4716
4540
4728
4636
4672
4692
4676
4660
4768
4572
4736
4668
4608
4724
4636
4696
4744
4572
4660
4700
4564
4784
4568
4700
4672
4560
4612
4700
4524
4708
4512
4652
4668
4604
4676
4676
4532
4688
4520
4576
4624
4476
4608
4572
4556
4604
4572
4544
4660
4452
4620
4536
4600
4508
4500
4492
4620
4492
4620
4564
4548
4544
4532
4532
4588
4572
4520
4564
4524
4588
4528
4572
4528
4568
4524
4588
4500
4576
4552
4640
4512
4592
4492
4560
4512
4476
4508
4512
4444
4584
4492
4476
4556
4400
4540
4488
4468
4524
4484
4508
4600
4320
4576
4480
4456
4532
4452
4380
4628
4360
4644
4452
4404
4476
4380
4440
4524
4388
4540
4508
4352
4532
4372
4480
4504
4412
4492
4524
4356
4548
4324
4456
4404
4292
4368
4392
4312
4476
4312
4392
4436
4316
4476
4392
4384
4456
4388
4396
4492
4304
4492
4360
4408
4380
4404
4340
4436
4280
4436
4356
4376
4352
4348
4388
4416
4388
4412
4440
4372
4404
4344
4428
4380
4408
4316
4380
4332
4364
4336
4388
4256
4388
4280
4372
4356
4312
4368
4380
4296
4348
4288
4320
4348
4188
4320
4264
4272
4312
4264
4264
4404
4216
4408
4284
4296
4316
4264
4252
4352
4192
4376
4284
4244
4408
4240
4272
4268
4180
4320
4300
4172
4344
4188
4316
4300
4212
4284
4336
4164
4376
4164
4336
4296
4228
4292
4276
4180
4316
4212
4252
4248
4116
4352
4220
4196
4208
4220
4220
4256
4120
4244
4164
4220
4220
4184
4176
4248
4164
4240
4188
4196
4188
4196
4248
4232
4192
4192
4160
4124
4188
4204
4268
4116
4172
4168
4252
4192
4160
4060
4148
4132
4292
4120
4164
4148
4156
4208
4140
4060
4164
4128
4180
4236
4088
4252
4164
4128
4164
4156
4160
4252
3972
4232
4148
4180
4232
4076
4076
4208
4040
4224
4088
4060
4188
4068
4116
4132
4012
4188
4140
4020
4180
3996
4120
4100
4028
4124
4152
3980
4152
3964
4100
4092
3996
4104
4100
4016
4180
4020
4092
4108
4028
4124
4024
4048
4068
4028
4048
4108
3948
4112
3996
4052
3972
4024
4012
4096
3948
4052
4036
4080
4016
4048
4012
4008
4024
4008
4048
4028
4028
4032
4036
3964
4036
3944
4044
3976
4012
3988
4056
3944
4068
3960
4044
4016
3936
4000
3996
3932
4040
3956
4000
4052
3852
4024
3956
3956
3996
3932
3952
4032
3804
4048
3944
3972
4032
3944
3948
4016
3856
4032
3924
3904
4028
3872
3940
3948
3848
4000
3976
3848
4040
3868
3972
3924
3860
3928
3928
3844
4048
3868
3964
3924
3864
3936
3932
3840
3968
3864
3924
3948
3828
3932
3876
3896
3932
3916
3872
3932
3808
3964
3872
3916
3872
3904
3860
3940
3864
3908
3840
3876
3812
3860
3840
3844
3836
3864
3876
3876
3868
3840
3848
3788
3908
3784
3892
3832
3808
3820
3872
3772
3876
3748
3860
3864
3792
3836
3840
3780
3908
3792
3828
3876
3720
3884
3796
3792
3864
3820
3824
3880
3664
3884
3756
3788
3788
3812
3788
3884
3652
3868
3660
3796
3848
3768
3864
3856
3752
3932
3848
3708
3860
3692
3828
3788
3700
3780
3776
3652
3860
3676
3820
3744
3676
3752
3756
3700
3796
3712
3800
3804
3704
3740
3716
3736
3788
3744
3740
3780
3680
3764
3696
3740
3708
3712
3692
3748
3696
3756
3720
3744
3644
3692
3728
3708
3692
3664
3748
3732
3724
3724
3752
3660
3748
3620
3732
3676
3644
3656
3740
3624
3780
3624
3756
3708
3632
3724
3708
3652
3736
3644
3728
3736
3604
3756
3644
3656
3720
3612
3632
3772
3580
3812
3636
3652
3692
3636
3652
3728
3512
3732
3616
3628
3736
3596
3684
3652
3548
3648
3632
3584
3772
3540
3648
3632
3576
3644
3664
3576
3696
3540
3640
3656
3576
3644
3564
3564
3612
3556
3588
3640
3512
3636
3572
3660
3572
3588
3604
3656
3508
3616
3480
3616
3532
3616
3540
3592
3536
3596
3536
3580
3548
3632
3588
3548
3548
3548
3564
3560
3564
3556
3540
3512
3632
3484
3608
3536
3500
3552
3572
3412
3596
3524
3652
3532
3452
3576
3576
3528
3564
3404
3520
3640
3480
3620
3468
3500
3560
3468
3480
3564
3360
3640
3444
3464
3536
3476
3480
3532
3348
3584
3468
3480
3528
3380
3548
3540
3424
3528
3496
3452
3588
3388
3544
3460
3456
3480
3488
3396
3580
3360
3516
3436
3420
3484
3468
3416
3520
3428
3476
3436
3372
3472
3448
3476
3440
3452
3460
3480
3388
3500
3412
3504
3428
3484
3436
3464
3420
3452
3388
3456
3388
3428
3380
3424
3440
3368
3428
3404
3388
3432
3476
3372
