9262
9276
2320

804
804
960
832
840
984
828
908
956
840
932
928
820
988
764
912
924
904
876
900
784
972
816
936
904
848
892
900
852
908
836
836
904
840
924
848
916
856
896
836
948
856
904
844
944
848
956
856
880
868
868
876
924
844
896
856
844
968
836
956
888
844
876
924
844
1020
808
944
908
848
888
856
788
944
804
908
960
768
932
860
832
980
788
852
932
724
972
844
892
964
812
876
1000
768
1008
824
848
940
844
880
956
772
944
852
840
964
796
924
968
852
924
904
796
992
800
952
900
852
880
928
800
952
796
884
872
848
900
908
880
900
836
860
940
852
900
836
896
876
916
828
916
828
908
856
928
804
936
864
952
924
840
828
836
836
920
840
808
872
768
908
888
840
868
876
800
964
748
912
840
832
900
896
812
988
756
872
880
772
952
848
836
940
820
904
980
772
984
800
856
920
824
880
956
744
964
780
844
924
820
840
928
756
920
860
820
968
776
924
904
828
900
900
820
992
808
948
884
836
844
860
804
960
796
908
884
868
900
916
884
900
864
872
860
780
840
820
912
856
932
820
900
832
892
828
960
804
956
828
876
856
844
860
868
772
860
828
792
952
756
948
860
836
824
948
828
976
764
884
868
820
868
840
852
1000
716
888
892
824
904
872
776
940
800
952
956
732
976
872
888
1004
836
856
932
776
1036
864
900
872
768
860
996
812
924
788
868
984
784
896
888
780
872
892
832
952
744
892
892
900
900
932
736
900
804
960
904
840
836
896
892
868
768
780
932
872
900
812
892
844
916
764
852
844
884
812
884
808
972
828
848
840
792
848
856
728
872
828
868
920
756
892
836
796
852
852
808
984
744
924
852
844
896
820
740
940
764
916
868
748
916
808
800
928
776
860
944
732
948
776
892
904
772
892
964
740
936
748
848
904
796
864
912
752
916
804
796
888
728
892
876
808
880
884
808
996
768
912
828
884
836
872
796
892
768
884
844
820
844
892
840
880
836
840
900
848
868
800
892
792
876
796
900
836
840
824
908
752
892
788
876
896
820
896
904
796
892
820
832
916
724
864
832
808
876
864
792
956
716
912
804
800
876
852
796
936
716
884
860
772
936
816
836
936
772
844
872
684
952
772
836
876
760
840
944
732
948
772
864
900
780
868
892
724
884
792
832
916
764
860
860
836
852
820
792
932
772
924
840
840
804
844
776
892
812
852
836
824
844
840
836
832
828
816
844
796
836
796
908
808
908
780
868
824
828
836
892
768
900
760
864
892
772
848
872
760
912
816
852
932
736
892
828
800
888
832
764
944
688
944
832
780
848
780
764
944
724
876
840
716
884
760
820
944
768
844
884
704
964
756
880
900
780
804
980
768
1020
780
856
880
756
836
896
764
868
756
788
932
768
892
820
796
848
848
816
892
768
856
820
848
836
848
776
868
768
808
768
792
800
828
876
892
880
836
872
808
840
812
892
764
888
764
872
796
800
800
904
784
904
784
868
876
768
852
876
800
904
812
824
912
716
904
816
828
828
824
716
896
684
936
872
752
832
780
760
916
676
852
800
816
912
744
748
872
768
836
900
712
952
748
856
820
744
792
892
716
960
780
812
816
740
872
952
796
876
772
832
936
780
864
820
780
828
860
772
836
744
848
776
812
828
892
820
844
764
836
896
876
792
828
828
848
860
772
840
812
792
796
804
724
856
764
884
832
776
808
828
716
880
736
808
864
788
860
820
744
888
792
796
908
720
948
852
820
884
800
764
940
656
888
796
796
892
836
792
944
716
884
828
748
884
760
824
908
756
848
844
700
968
744
816
816
760
812
908
704
888
704
804
808
744
844
832
728
868
784
832
888
756
860
796
788
804
828
772
880
728
860
784
804
768
844
780
880
776
808
772
796
780
812
812
804
836
764
860
828
800
800
876
760
892
752
856
824
776
808
884
736
888
764
828
844
740
828
836
760
904
800
788
912
696
916
812
776
864
788
772
924
660
904
788
744
852
796
784
912
708
852
812
740
904
748
816
896
756
868
896
688
880
688
804
816
732
784
844
704
928
748
804
828
748
832
844
768
860
768
808
872
752
844
812
832
824
856
788
864
740
844
792
840
768
832
760
824
772
840
816
812
764
844
844
812
820
752
828
796
792
796
836
736
876
724
848
796
764
808
836
760
904
764
820
840
732
868
824
764
844
728
772
924
716
884
784
788
848
768
752
888
636
900
788
776
864
744
772
900
692
908
812
720
868
708
796
832
748
872
888
744
940
740
840
836
760
820
860
708
924
748
864
820
736
832
828
780
868
800
788
836
732
836
808
836
812
812
776
864
740
828
796
844
784
852
744
804
760
792
800
848
780
808
780
764
852
744
800
748
756
800
860
704
872
712
852
788
780
812
860
724
888
732
844
868
720
832
828
740
844
728
780
904
716
916
792
784
860
732
792
892
620
884
724
716
868
704
804
820
656
836
784
764
876
752
796
852
740
828
840
648
884
720
892
836
764
768
812
716
892
692
816
828
796
852
848
720
804
728
736
860
788
836
748
792
820
892
788
800
644
828
820
812
648
736
744
836
780
768
764
840
748
808
792
784
860
744
804
760
756
748
788
696
892
744
820
744
732
804
860
724
868
728
836
848
696
844
828
740
872
704
788
888
680
884
728
752
856
756
744
868
664
888
740
768
844
764
780
872
664
868
772
708
808
704
828
840
700
844
844
716
916
724
856
796
748
780
828
756
932
680
788
780
732
752
776
728
800
732
776
796
700
780
756
796
756
796
732
804
720
796
772
828
712
780
736
820
772
780
764
820
752
852
772
748
820
720
812
832
772
812
780
680
832
684
832
780
764
808
828
708
872
700
808
804
696
828
804
728
872
756
792
856
668
916
740
756
836
756
796
892
628
880
736
768
836
732
764
832
660
844
736
684
808
692
796
796
736
836
828
740
924
692
844
808
768
800
808
708
860
712
828
764
724
768
784
784
828
772
788
820
740
808
812
816
712
788
724
852
736
772
728
816
732
876
740
772
740
744
772
772
724
812
756
732
820
720
816
764
724
808
808
716
852
660
860
792
748
780
788
684
884
672
844
816
676
824
744
692
824
692
804
856
640
884
712
772
836
732
764
864
620
940
752
804
868
748
776
848
672
872
748
736
828
712
812
820
720
812
780
688
876
696
856
764
720
772
812
684
804
664
804
768
756
820
780
740
772
752
764
796
716
812
756
824
756
828
732
804
744
792
756
860
712
840
736
784
792
772
780
776
716
824
764
732
824
700
840
764
720
812
784
684
852
668
852
772
732
820
828
716
844
660
824
820
692
868
788
740
844
740
784
812
636
896
708
780
804
728
768
860
664
836
752
764
840
716
788
720
744
860
800
700
816
716
824
804
732
816
792
652
828
692
892
788
700
724
844
760
880
720
736
724
748
796
752
680
768
780
808
796
728
780
780
824
740
804
704
756
720
780
800
864
668
820
712
820
828
732
728
760
716
872
784
756
812
680
828
796
788
844
788
696
868
660
856
732
692
788
780
724
884
644
820
780
700
832
732
708
832
716
836
864
612
908
764
780
796
704
804
880
620
876
700
808
856
752
780
836
664
844
720
764
844
740
796
744
728
808
812
732
820
664
844
768
716
752
804
740
852
708
828
768
756
748
752
712
764
764
756
728
764
836
752
796
736
816
716
780
756
788
760
796
676
812
720
768
772
760
800
812
708
820
744
728
812
652
808
768
740
784
768
732
888
652
804
716
696
796
796
732
860
660
820
780
668
828
748
692
832
688
812
816
636
852
668
744
804
708
776
820
644
892
700
760
772
704
768
800
640
820
708
748
824
728
772
748
708
780
796
732
828
664
812
736
728
720
780
696
788
660
788
756
748
744
784
768
792
764
776
792
764
764
732
772
652
792
692
780
696
740
744
816
680
868
744
808
804
732
792
808
704
836
736
760
840
640
836
740
676
756
720
644
836
652
844
728
708
832
796
720
864
604
796
744
660
844
732
724
788
656
788
800
664
856
708
792
792
696
764
808
628
900
676
744
724
640
744
796
668
808
700
764
804
684
792
776
740
796
776
736
852
692
820
748
752
736
752
676
812
692
768
692
748
740
784
772
752
764
756
784
760
764
748
776
664
828
724
816
748
760
752
828
680
880
712
788
764
708
776
752
656
812
728
768
820
640
800
712
708
812
752
700
828
624
824
696
688
796
768
744
848
668
820
724
640
832
724
756
800
696
828
812
644
868
668
760
788
708
768
796
620
860
676
764
816
716
836
808
728
800
688
748
832
764
768
752
716
776
804
724
812
676
752
712
768
708
748
708
824
740
780
732
796
732
852
752
724
748
768
772
748
756
744
828
752
856
664
748
732
764
748
764
608
792
656
780
772
704
712
708
632
840
716
748
780
648
828
700
664
768
708
716
860
628
852
712
676
808
756
740
880
636
860
764
732
864
732
752
816
680
824
780
624
856
660
752
768
692
784
812
664
856
668
756
724
696
788
752
644
820
724
804
1072
1324
1780
2060
2304
2532
2700
2812
3008
2936
3052
2976
3048
3052
3116
3000
3104
3068
3148
3084
3092
3064
3084
3024
3060
3136
3116
3116
3072
3052
3108
3140
2984
3104
3008
3096
3092
3032
3032
3072
2996
3124
2916
3064
3068
2972
3060
3044
2996
3116
2964
3020
3076
2916
3068
2972
2964
3060
2984
2988
3108
2868
3092
2968
2980
3048
2928
2932
3092
2860
3048
2956
2920
3064
2928
2972
3068
2912
3020
2984
2868
3096
2884
2992
3012
2944
2960
2988
2868
3092
2848
2952
2972
2932
2952
2948
2876
3024
2936
2964
2992
2904
2988
2936
2964
2964
2964
2892
2984
2876
3012
2932
3020
2940
2984
2892
2992
2920
2932
2856
2972
2944
2992
2912
2904
2924
2856
2936
2936
2908
2912
2944
2852
2984
2812
2884
2888
2884
2928
2944
2828
3012
2812
2948
2952
2844
2916
2904
2836
3032
2828
2908
2968
2804
2976
2820
2824
2960
2828
2820
2988
2788
3040
2844
2876
2936
2820
2832
2976
2772
2972
2844
2864
3000
2812
2852
2908
2800
2932
2884
2768
2948
2748
2896
2876
2776
2844
2864
2756
2976
2768
2892
2884
2856
2884
2860
2752
2916
2772
2824
2856
2848
2888
2812
2828
2864
2892
2824
2912
2780
2860
2772
2816
2768
2880
2788
2860
2800
2824
2796
2828
2796
2856
2792
2800
2848
2816
2812
2808
2812
2824
2836
2732
2876
2712
2852
2820
2820
2816
2820
2708
2940
2768
2856
2812
2744
2836
2804
2716
2872
2696
2776
2820
2684
2864
2724
2752
2860
2732
2740
2812
2652
2844
2716
2720
2868
2712
2772
2828
2672
2828
2708
2660
2824
2676
2760
2800
2680
2804
2768
2660
2832
2656
2800
2800
2728
2796
2792
2644
2832
2652
2776
2752
2744
2740
2736
2628
2856
2716
2768
2772
2700
2644
2744
2748
2776
2692
2660
2784
2708
2768
2616
2692
2656
2808
2632
2676
2680
2704
2700
2732
2652
2716
2636
2684
2732
2644
2728
2692
2636
2668
2716
2660
2792
2580
2720
2704
2704
2728
2676
2580
2808
2620
2748
2676
2572
2696
2672
2660
2840
2544
2652
2664
2556
2796
2636
2644
2736
2620
2660
2772
2552
2780
2544
2616
2696
2620
2604
2680
2512
2768
2636
2636
2748
2580
2648
2720
2596
2732
2624
2560
2748
2564
2696
2652
2588
2672
2652
2564
2740
2524
2640
2600
2616
2660
2632
2560
2672
2576
2624
2620
2596
2668
2632
2600
2604
2664
2560
2600
2532
2640
2604
2680
2572
2676
2560
2660
2600
2636
2588
2672
2600
2688
2568
2576
2628
2552
2612
2604
2588
2636
2572
2532
2680
2536
2652
2572
2560
2644
2604
2508
2684
2468
2636
2568
2516
2612
2600
2540
2696
2488
2580
2616
2476
2684
2508
2544
2632
2540
2556
2652
2440
2732
2508
2572
2624
2560
2584
2668
2468
2700
2528
2536
2580
2460
2544
2564
2472
2604
2552
2476
2644
2476
2636
2584
2552
2556
2532
2476
2648
2448
2580
2520
2524
2560
2564
2448
2572
2516
2556
2556
2520
2548
2488
2536
2564
2612
2532
2552
2520
2540
2500
2552
2472
2596
2472
2540
2544
2564
2520
2556
2484
2596
2504
2524
2560
2484
2544
2520
2468
2532
2516
2428
2596
2424
2596
2524
2452
2532
2500
2400
2596
2352
2536
2460
2416
2564
2488
2416
2572
2416
2532
2528
2364
2592
2408
2444
2528
2440
2500
2588
2360
2636
2420
2464
2512
2420
2460
2536
2376
2600
2440
2464
2560
2436
2492
2496
2400
2548
2448
2364
2560
2376
2460
2412
2416
2472
2488
2376
2532
2348
2508
2380
2440
2452
2492
2388
2484
2384
2428
2404
2420
2452
2412
2444
2404
2464
2424
2516
2428
2456
2356
2444
2368
2484
2340
2440
2380
2404
2412
2436
2396
2540
2424
2436
2508
2412
2500
2440
2372
2456
2404
2364
2516
2340
2448
2368
2332
2424
2380
2300
2512
2296
2536
2400
2172
2220
2240
2452
2804
2564
2428
2108
1892
2184
2404
2748
2852
2500
2312
2128
1976
2348
2348
2520
2656
2496
2464
2344
2132
2308
2228
2388
2552
2432
2460
2408
2252
2368
2252
2200
2396
2324
2532
2428
2364
2312
2256
2148
2408
2300
2496
2396
2352
2300
2340
2304
2360
2292
2416
2404
2520
2412
2308
2232
2192
2292
2396
2472
2548
2484
2352
2260
2088
2296
2252
2468
2500
2480
2440
2356
2160
2312
2248
2328
2424
2376
2484
2372
2268
2340
2296
2276
2444
2228
2412
2328
2344
2396
2300
2240
2400
2140
2404
2356
2272
2380
2284
2300
2380
2196
2300
2364
2228
2484
2244
2240
2312
2232
2320
2372
2200
2492
2236
2296
2340
2288
2292
2304
2148
2420
2252
2312
2356
2248
2324
2288
2196
2336
2252
2204
2340
2212
2328
2256
2232
2236
2276
2224
2396
2268
2352
2240
2284
2268
2300
2240
2328
2272
2328
2300
2244
2248
2228
2244
2220
2304
2232
2272
2216
2252
2224
2300
2192
2372
2220
2300
2296
2316
2288
2268
2144
2348
2260
2280
2300
2204
2312
2252
2164
2272
2196
2184
2332
2100
2288
2212
2212
2288
2212
2168
2396
2152
2300
2180
2164
2324
2192
2168
2304
2096
2256
2252
2144
2332
2148
2204
2228
2136
2240
2284
2120
2368
2136
2236
2236
2180
2216
2260
2104
2296
2124
2192
2280
2172
2236
2212
2156
2252
2212
2172
2272
2124
2256
2180
2220
2236
2240
2128
2240
2104
2224
2136
2220
2196
2196
2124
2192
2176
2192
2188
2220
2220
2220
2208
2132
2236
2144
2188
2196
2204
2200
2252
2144
2316
2116
2176
2156
2156
2220
2212
2076
2228
2112
2156
2232
2104
2212
2124
2100
2224
2140
2164
2284
2052
2248
2152
2112
2180
2148
2112
2296
2044
2236
2128
2120
2248
2108
2088
2244
2072
2224
2148
2048
2284
2116
2220
2188
2116
2184
2180
2060
2300
2048
2168
2160
2104
2160
2204
2092
2272
2068
2152
2188
2096
2156
2104
2048
2184
2120
2068
2212
2076
2192
2092
2144
2132
2184
2080
2204
2108
2168
2104
2140
2096
2108
2076
2152
2108
2108
2100
2060
2076
2108
2128
2052
2148
2060
2172
2132
2168
2128
2140
2028
2220
2044
2148
2104
2052
2088
2064
2008
2200
2020
2084
2096
2012
2152
2080
2036
2168
2072
2044
2164
1940
2200
2056
2048
2132
2060
2032
2200
2012
2212
2060
2056
2128
2036
2048
2188
2008
2156
2052
2004
2192
2016
2088
2132
2008
2124
2100
2028
2224
1976
2088
2112
2048
2088
2044
1936
2168
2016
2128
2088
2024
2056
2088
2056
2116
2040
1968
2108
2012
2160
2080
2048
1992
2036
2008
2124
2008
2100
2044
2076
2020
2040
1992
2108
2104
2044
2020
2044
2048
2072
1988
1984
2060
2004
2036
1964
2036
2112
2124
1956
2148
1940
2076
2044
1920
2024
2064
2040
2160
1972
1964
2064
1956
2104
2020
1972
2116
2036
2020
2044
1856
2112
2040
2004
2096
2012
1944
2112
1896
2128
1972
1972
2052
1960
1988
2124
1920
2064
1996
1936
2148
1928
2012
2028
1968
2084
2060
1872
2120
1872
2092
2020
1996
1996
2020
1932
2108
1932
1992
2008
1940
2004
1968
1932
2020
1976
1948
2036
1980
2072
1964
2008
2012
2024
1912
2016
1948
2044
1952
2000
1960
2024
1960
1984
1968
1964
1960
1976
1972
2016
2020
1944
2036
1924
2020
1992
1944
1948
1996
1916
2116
1892
2004
1968
1948
2044
1956
1864
2056
1868
1996
2016
1916
2048
1940
1912
2100
1936
1952
2036
1844
2096
1980
1932
1976
1888
1920
2068
1828
2076
1912
1916
2068
1904
1916
2012
1816
1984
1912
1880
2092
1876
1916
1972
1916
2012
1960
1816
2056
1860
2000
1968
1944
1956
1944
1868
2008
1836
1916
1948
1896
1972
1936
1932
1948
1900
1876
1968
1896
1952
1860
1944
1928
1968
1848
1940
1852
1932
1880
1944
1900
1968
1900
1940
1948
1960
1920
1944
1888
1956
1940
1868
2016
1848
1948
1948
1940
1912
1888
1796
2012
1820
1944
1900
1824
1924
1904
1828
2016
1800
1880
1916
1824
1992
1876
1864
1956
1820
1860
2008
1752
1992
1808
1856
1956
1860
1880
2012
1776
1988
1848
1860
1988
1844
1908
1940
1796
1940
1900
1808
1996
1792
1896
1888
1860
1928
1924
1788
2028
1804
1932
1912
1872
1916
1900
1816
1972
1820
1868
1912
1832
1868
1860
1844
1892
1868
1816
1892
1812
1924
1848
1892
1820
1880
1808
1900
1816
1844
1804
1884
1844
1912
1820
1864
1868
1832
1884
1888
1848
1884
1852
1796
1936
1796
1864
1800
1812
1828
1836
1760
1952
1744
1876
1844
1800
1852
1820
1768
1988
1788
1904
1900
1776
1920
1820
1804
1928
1804
1836
1948
1748
1948
1740
1816
1836
1796
1784
1940
1700
1996
1780
1792
1884
1800
1792
1904
1744
1892
1792
1752
1924
1748
1864
1808
1756
1836
1840
1704
1920
1716
1868
1796
1756
1820
1820
1776
1912
1788
1816
1860
1816
1884
1840
1780
1756
1808
1788
1836
1736
1812
1788
1864
1784
1800
1680
1856
1868
1860
1752
1844
1768
1860
1756
1796
1836
1788
1832
1820
1792
1856
1808
1716
1872
1660
1804
1812
1744
1808
1788
1648
1928
1672
1872
1748
1748
1824
1792
1716
1868
1704
1840
1912
1760
1900
1748
1744
1860
1712
1744
1868
1640
1916
1732
1812
1812
1668
1704
1888
1692
1880
1708
1700
1860
1756
1796
1796
1672
1832
1756
1672
1864
1684
1800
1772
1744
1836
1804
1620
1848
1632
1816
1776
1752
1740
1760
1724
1848
1700
1788
1744
1764
1796
1756
1772
1756
1752
1700
1780
1756
1804
1732
1788
1720
1840
1676
1764
1672
1752
1716
1756
1680
1800
1684
1756
1800
1736
1756
1756
1724
1828
1780
1704
1828
1648
1796
1732
1720
1744
1732
1636
1868
1632
1764
1732
1676
1764
1724
1692
1840
1632
1700
1756
1612
1808
1660
1720
1816
1700
1736
1816
1608
1812
1628
1692
1772
1696
1712
1784
1616
1856
1660
1660
1772
1696
1760
1760
1628
1780
1688
1672
1804
1612
1768
1748
1724
1748
1736
1668
1852
1592
1736
1684
1688
1684
1684
1660
1788
1660
1736
1700
1676
1696
1700
1664
1668
1728
1692
1720
1684
1732
1660
1752
1644
1764
1632
1756
1704
1700
1676
1768
1680
1772
1620
1680
1728
1668
1692
1684
1660
1748
1692
1640
1776
1564
1732
1708
1676
1728
1724
1604
1820
1576
1736
1688
1628
1708
1600
1536
1744
1588
1648
1676
1580
1780
1628
1672
1776
1628
1660
1744
1560
1804
1604
1668
1716
1612
1636
1748
1552
1736
1572
1628
1728
1608
1672
1740
1604
1700
1648
1592
1776
1572
1712
1644
1636
1668
1676
1584
1772
1588
1712
1624
1632
1652
1676
1612
1720
1604
1660
1636
1648
1636
1628
1660
1660
1668
1592
1684
1628
1676
1612
1684
1556
1668
1536
1660
1652
1664
1596
1652
1552
1696
1604
1620
1664
1556
1648
1652
1608
1684
1640
1564
1736
1544
1716
1680
1644
1684
1644
1592
1772
1504
1664
1656
1600
1676
1608
1556
1712
1500
1628
1648
1536
1708
1552
1644
1692
1576
1576
1724
1464
1772
1528
1672
1660
1604
1568
1696
1536
1716
1508
1572
1708
1580
1628
1628
1548
1716
1652
1576
1692
1504
1628
1628
1644
1660
1628
1544
1740
1584
1648
1600
1612
1644
1676
1580
1660
1600
1600
1572
1556
1608
1608
1584
1516
1552
1544
1712
1656
1572
1496
1596
1556
1684
1544
1592
1608
1616
1612
1660
1572
1692
1540
1572
1636
1552
1620
1624
1584
1688
1612
1576
1696
1456
1628
1572
1592
1560
1616
1500
1740
1484
1636
1520
1588
1656
1620
1536
1748
1532
1656
1656
1484
1672
1516
1572
1644
1476
1548
1608
1460
1688
1484
1588
1672
1520
1532
1660
1564
1716
1504
1560
1648
1528
1572
1600
1472
1596
1564
1560
1652
1456
1576
1556
1532
1560
1560
1488
1592
1484
1648
1572
1580
1500
1564
1552
1660
1532
1528
1500
1604
1596
1564
1556
1536
1584
1508
1604
1592
1584
1516
1564
1464
1632
1492
1580
1536
1532
1516
1556
1476
1604
1476
1532
1592
1492
1588
1564
1516
1572
1500
1508
1684
1464
1604
1516
1524
1592
1588
1476
1640
1412
1624
1556
1464
1596
1468
1472
