33778
33856
8464

660
660
656
684
628
692
700
676
620
644
652
608
724
572
700
648
684
668
648
576
740
608
748
644
616
684
684
620
716
536
696
660
600
764
652
660
712
604
784
732
568
704
580
640
768
660
660
744
548
820
592
600
692
612
740
728
572
764
620
608
748
580
764
708
568
688
648
648
756
552
724
660
640
724
692
592
724
540
724
692
608
680
668
676
732
660
680
712
576
760
616
712
692
616
608
772
640
756
604
704
676
720
652
656
656
708
692
644
644
672
700
660
728
608
728
640
636
644
656
608
724
532
692
664
668
704
620
632
776
612
692
644
584
748
628
684
724
568
668
684
528
760
556
620
716
636
724
756
536
764
600
680
736
572
704
660
560
772
608
616
752
556
756
668
612
708
648
588
756
532
752
624
628
704
676
628
732
560
684
656
620
724
668
688
716
628
656
684
596
756
624
688
648
684
652
704
568
704
612
720
644
704
660
688
656
676
672
660
620
668
668
624
724
600
752
632
660
676
728
648
764
548
748
628
656
728
672
636
696
532
676
652
564
748
624
680
696
620
664
688
544
772
584
700
680
604
684
744
540
772
568
652
728
576
704
684
564
772
604
640
776
568
740
648
600
728
708
612
752
504
748
616
656
680
648
624
712
588
692
640
604
712
664
632
664
652
668
752
608
696
636
672
652
684
620
708
596
676
628
676
632
684
672
684
656
636
716
692
652
720
720
664
684
572
748
712
660
688
668
576
736
556
748
632
652
680
628
616
740
600
728
644
604
780
636
636
672
624
732
752
528
764
544
684
696
604
688
748
532
764
580
688
712
552
668
700
604
784
616
636
752
524
752
616
612
684
680
628
788
564
804
664
652
664
636
616
740
604
732
668
636
692
636
656
664
648
692
712
584
700
648
700
656
684
636
724
604
692
624
672
604
688
596
636
640
648
696
648
592
620
616
608
716
588
728
580
636
720
688
576
712
580
820
644
624
708
664
660
776
564
732
668
616
768
592
692
728
620
732
760
548
788
604
680
768
592
588
744
584
904
548
628
624
600
732
704
568
760
636
644
700
548
700
628
596
704
676
660
720
516
724
652
676
712
676
632
732
588
716
624
644
700
680
680
676
628
624
720
608
688
596
692
644
712
572
676
612
764
668
660
568
700
652
664
580
600
684
664
660
688
680
652
728
560
724
668
680
696
628
588
728
512
748
588
620
712
632
640
740
548
712
620
568
756
616
660
676
612
712
664
528
764
572
696
684
612
696
704
556
780
560
648
720
588
720
668
604
788
640
644
744
536
768
628
612
664
628
620
732
528
728
600
644
692
664
652
696
588
740
700
652
668
632
644
660
644
660
696
596
684
620
676
620
696
640
692
592
676
632
680
636
712
596
644
644
648
696
664
636
692
652
636
720
584
772
668
656
696
668
628
740
524
768
628
612
704
616
648
724
552
724
668
596
776
632
732
736
632
732
672
540
760
552
708
684
620
720
684
552
796
572
668
708
596
716
668
596
788
636
680
756
568
736
632
640
712
628
624
732
564
748
620
652
680
652
624
684
588
708
652
644
668
640
628
624
632
616
676
588
692
660
704
620
740
624
716
612
680
660
700
624
720
624
692
680
612
692
612
624
696
628
624
720
576
772
584
580
700
660
636
740
512
812
636
624
684
600
684
728
516
708
616
596
752
560
692
724
628
696
644
568
824
552
680
684
664
724
660
524
776
616
740
700
560
708
652
564
728
608
688
716
552
728
624
672
716
652
636
768
580
784
636
664
672
668
652
672
592
728
676
668
700
652
668
652
672
648
708
608
676
652
744
656
716
592
696
632
700
680
684
620
740
620
696
632
584
684
648
668
748
644
636
720
564
772
628
632
696
632
652
764
548
744
596
612
696
660
720
720
504
764
668
600
768
584
704
740
624
724
616
568
764
600
764
648
608
676
672
616
812
544
752
644
672
756
712
568
704
576
664
740
568
712
548
580
676
636
636
724
572
756
620
700
648
676
636
672
564
740
680
640
616
660
696
684
680
616
668
660
724
632
644
612
752
620
704
600
668
676
712
596
720
604
696
680
640
744
656
596
704
604
668
700
528
736
624
688
752
648
612
736
564
844
628
644
724
636
692
736
564
780
596
596
764
544
676
644
584
748
700
620
804
568
752
696
644
704
672
564
720
540
700
708
576
728
632
612
724
612
664
680
536
720
624
684
676
652
636
728
560
728
592
692
636
668
620
704
640
732
632
640
664
684
636
628
680
664
724
648
644
636
700
616
720
584
708
628
696
692
648
576
708
592
712
652
588
696
616
616
680
560
648
732
556
764
592
640
696
648
688
724
468
776
584
684
720
564
612
680
548
788
608
612
756
600
748
704
628
732
644
588
764
536
708
640
632
692
676
556
748
572
720
684
632
724
636
608
732
624
636
740
596
760
604
636
664
636
620
700
576
768
620
696
636
664
620
680
604
680
608
652
668
708
652
656
700
604
680
632
632
652
696
596
708
548
680
596
652
704
692
636
760
632
712
636
600
716
636
620
752
600
640
700
572
776
620
616
724
612
684
736
512
780
572
668
704
592
656
672
548
768
604
592
704
588
752
644
612
744
652
588
748
564
776
644
608
676
684
624
768
556
724
696
676
744
668
620
740
624
680
652
576
788
660
680
656
636
612
676
540
708
620
712
640
676
604
660
632
672
636
648
628
676
628
632
668
604
672
600
672
668
620
560
692
580
756
624
636
636
664
600
716
540
688
632
616
728
616
648
716
612
656
672
564
756
564
664
728
604
620
692
524
844
552
628
692
588
668
732
536
804
592
688
768
544
712
668
628
732
592
576
756
596
736
620
612
708
688
584
820
560
740
600
636
712
700
596
648
572
640
712
596
700
568
696
732
692
604
576
508
712
616
692
592
692
628
708
624
620
620
688
656
716
636
668
672
600
680
632
704
740
636
536
680
592
756
596
616
684
676
660
724
576
724
652
616
732
636
680
696
576
672
696
552
752
556
668
692
604
656
712
500
820
552
692
704
620
692
684
560
756
544
616
724
580
756
676
616
732
684
668
788
568
740
620
672
752
684
604
780
596
720
616
648
720
620
608
704
588
648
652
552
704
620
660
652
652
604
704
604
724
596
684
604
700
632
704
668
696
656
640
636
696
620
620
664
592
716
620
668
688
640
556
692
524
728
604
680
724
668
640
756
580
704
620
600
700
596
656
716
604
700
680
556
784
580
656
672
592
696
712
532
824
584
676
696
584
696
684
572
780
576
652
740
552
704
600
636
740
620
588
708
536
720
584
612
668
636
628
764
600
716
648
672
704
644
620
696
636
656
680
596
700
600
668
660
700
680
732
636
764
656
720
628
684
584
652
612
636
632
664
620
696
620
640
704
588
692
604
632
708
660
652
764
576
736
604
680
700
636
624
736
576
808
688
664
752
604
640
684
592
704
676
552
768
560
676
692
588
660
696
528
784
536
676
696
560
692
692
552
756
568
660
736
584
744
632
636
732
632
620
748
596
772
624
656
732
668
572
696
580
760
664
644
692
660
652
680
616
636
664
616
724
608
692
656
648
604
668
592
732
608
660
604
736
620
636
596
636
652
648
612
668
604
632
680
584
716
632
676
668
600
580
700
568
744
584
632
692
624
660
732
580
764
624
612
740
612
652
704
584
704
696
564
796
572
716
692
636
708
688
500
804
564
664
688
544
664
652
576
772
588
692
708
600
688
628
700
756
608
620
736
612
764
664
652
680
664
636
720
588
696
604
664
640
680
604
632
664
712
720
576
704
592
660
604
660
592
636
572
652
612
708
568
680
576
716
680
668
652
636
668
776
644
684
708
596
708
576
604
692
636
588
704
544
784
620
676
684
608
660
748
552
740
636
628
756
544
696
724
612
684
656
580
812
560
684
676
604
728
692
548
804
540
660
704
588
700
612
604
792
596
708
712
540
724
588
620
688
584
600
716
556
736
596
660
648
616
612
692
592
728
632
644
692
672
644
716
644
636
652
628
680
632
676
616
688
612
668
600
680
636
664
616
732
608
684
636
632
660
636
628
732
632
724
700
600
740
580
644
684
600
624
728
552
748
568
700
736
652
668
700
564
756
596
636
744
588
648
700
600
740
620
556
756
564
708
688
628
716
676
588
816
552
716
668
612
696
636
596
776
568
700
696
616
764
620
648
724
652
616
744
584
748
584
668
672
652
624
716
612
708
616
664
648
648
640
700
660
640
652
648
684
636
668
640
712
620
696
632
712
632
684
596
724
608
708
636
628
648
644
632
724
596
652
676
580
708
592
688
728
588
652
776
608
796
584
656
680
588
676
724
556
748
572
636
748
564
648
660
532
724
616
600
772
516
668
652
616
676
632
544
776
536
740
644
628
716
632
572
768
548
700
684
604
760
620
652
708
628
664
724
580
728
596
684
680
664
652
716
616
708
620
668
680
708
644
668
676
692
664
596
644
664
696
600
644
560
716
624
696
604
664
596
712
560
708
676
884
1380
1904
2448
3140
3660
4536
5496
6536
7792
8392
8700
8900
8900
8976
9068
8924
9232
9052
9188
9204
9120
9172
9256
9096
9304
9144
9212
9292
9100
9200
9208
9084
9268
9100
9092
9252
9020
9112
9064
8984
9076
8984
8924
9144
8856
9052
8976
8924
9040
8956
8888
9048
8828
8960
8924
8816
8960
8832
8888
8956
8868
8804
8908
8848
9020
8828
8864
8840
8952
8880
8920
8768
8864
8736
8868
8888
8792
8796
8836
8872
8800
8828
8688
8836
8792
8916
8804
8832
8704
8816
8740
8816
8820
8804
8680
8800
8620
8820
8708
8720
8744
8688
8688
8808
8644
8708
8688
8584
8804
8652
8700
8728
8612
8676
8728
8572
8780
8512
8676
8704
8604
8660
8668
8540
8772
8572
8628
8668
8524
8616
8600
8548
8688
8568
8536
8704
8468
8652
8548
8564
8612
8568
8500
8676
8412
8600
8552
8500
8564
8484
8460
8628
8488
8600
8584
8448
8544
8412
8452
8492
8440
8444
8476
8380
8548
8412
8480
8420
8452
8368
8460
8408
8500
8404
8460
8396
8456
8396
8444
8352
8360
8364
8352
8416
8428
8424
8372
8452
8316
8444
8304
8364
8324
8364
8324
8436
8240
8392
8288
8296
8352
8284
8260
8392
8240
8360
8340
8204
8376
8204
8276
8332
8228
8312
8332
8148
8416
8156
8304
8320
8204
8244
8300
8132
8344
8100
8220
8296
8156
8256
8212
8132
8252
8156
8168
8288
8048
8252
8168
8160
8220
8168
8100
8288
8076
8260
8132
8108
8172
8116
8100
8228
8040
8152
8132
8068
8216
8064
8112
8128
8108
8108
8148
8036
8184
8032
8116
8064
8076
8024
8128
8016
8076
8016
8048
8024
8056
8004
8028
8016
7976
8016
7960
7992
8008
8012
7980
8036
7900
8020
7944
7984
7968
7932
7864
8008
7840
8016
7928
7932
7996
7924
7908
8024
7828
7980
7952
7864
8048
7828
7908
7984
7880
7940
7912
7760
8044
7788
7920
7900
7780
7892
7904
7780
8000
7772
7844
7916
7760
7904
7872
7764
7916
7784
7784
7924
7688
7876
7784
7796
7844
7796
7728
7864
7616
7864
7792
7780
7800
7744
7716
7816
7692
7784
7728
7708
7828
7716
7740
7756
7720
7696
7724
7644
7768
7636
7732
7696
7756
7648
7744
7692
7740
7664
7724
7680
7744
7680
7708
7688
7656
7704
7644
7652
7644
7600
7588
7688
7516
7672
7536
7604
7632
7592
7532
7696
7560
7744
7560
7536
7596
7528
7596
7668
7476
7628
7572
7484
7676
7452
7596
7620
7468
7572
7600
7468
7680
7372
7540
7572
7500
7552
7548
7408
7708
7452
7516
7524
7428
7548
7504
7384
7560
7424
7472
7536
7324
7524
7408
7436
7488
7436
7384
7572
7328
7528
7428
7428
7464
7384
7372
7492
7348
7468
7416
7364
7408
7328
7396
7376
7416
7388
7404
7332
7404
7236
7420
7352
7388
7316
7388
7340
7412
7308
7340
7252
7396
7336
7336
7316
7228
7372
7232
7328
7260
7264
7268
7452
7196
7292
7208
7308
7308
7252
7212
7368
7220
7388
7196
7184
7244
7176
7236
7324
7160
7284
7240
7164
7344
7164
7252
7260
7100
7228
7304
7156
7352
7084
7216
7204
7128
7228
7208
7080
7296
7092
7200
7240
7060
7192
7120
7080
7236
7076
7096
7204
7028
7224
7132
7104
7164
7080
7028
7156
6944
7168
7060
7100
7136
7048
7060
7164
7012
7116
7096
7052
7124
6980
7064
7052
7036
7012
7072
6988
7084
6992
7072
6996
7072
6968
7068
6996
7036
7012
7024
6956
7020
6956
7036
7032
6956
7020
6952
6992
6980
6932
6956
7020
6876
7032
6896
6940
6968
6936
6936
7048
6860
7072
6880
6908
6992
6900
6884
6960
6820
6944
6908
6828
7004
6780
6928
6948
6832
6900
6904
6776
7024
6764
6948
6884
6760
6860
6856
6788
6964
6708
6856
6908
6748
6912
6780
6756
6884
6784
6792
6896
6680
6868
6780
6824
6856
6788
6748
6888
6708
6888
6740
6792
6820
6748
6756
6844
6720
6792
6748
6724
6812
6732
6788
6728
6756
6748
6756
6684
6756
6664
6768
6660
6744
6664
6744
6656
6704
6684
6740
6680
6744
6604
6684
6716
6636
6732
6656
6692
6740
6680
6692
6708
6560
6740
6608
6680
6688
6620
6640
6732
6556
6724
6548
6584
6676
6596
6612
6660
6508
6680
6596
6524
6696
6492
6604
6628
6528
6652
6612
6488
6708
6428
6616
6560
6488
6596
6580
6472
6656
6408
6584
6552
6452
6576
6504
6468
6592
6460
6476
6604
6400
6588
6468
6524
6504
6496
6456
6556
6368
6544
6436
6496
6508
6468
6432
6540
6424
6524
6448
6472
6496
6436
6484
6440
6408
6396
6420
6420
6508
6400
6444
6368
6436
6360
6456
6412
6380
6388
6404
6364
6492
6360
6428
6424
6376
6464
6348
6376
6412
6364
6380
6444
6252
6436
6240
6344
6348
6312
6308
6400
6204
6392
6232
6316
6396
6268
6280
6380
6248
6360
6252
6204
6436
6244
6380
6316
6212
6280
6300
6168
6428
6116
6388
6308
6232
6284
6300
6172
6380
6128
6320
6328
6220
6312
6216
6204
6360
6228
6232
6292
6156
6332
6192
6264
6256
6220
6204
6304
6136
6292
6180
6236
6212
6200
6192
6256
6204
6196
6144
6176
6188
6032
6172
6192
6180
6104
6180
6128
6200
6112
6148
6080
6248
6120
6156
6088
6084
6168
6216
6120
6124
5972
6120
6156
6044
6148
6080
6108
6080
6068
6036
6164
5908
6136
6044
6176
6184
5984
6020
6084
5932
6168
5988
5992
6120
6060
6132
6140
5944
6072
6004
5964
6156
5904
6080
6052
5992
6096
6044
5924
6116
5840
6048
6028
5964
6016
5976
5904
6092
5904
6040
6004
5900
6004
5940
5960
6028
5900
5928
5996
5852
5988
5892
5924
5932
5896
5884
5996
5888
6016
5936
5956
5920
5912
5876
5984
5888
5948
5924
5884
5928
5848
5896
5896
5892
5848
5924
5876
5948
5856
5896
5804
5920
5800
5936
5864
5840
5828
5844
5812
5920
5776
5864
5836
5740
5900
5788
5804
5844
5772
5836
5844
5704
5920
5696
5776
5828
5748
5772
5896
5700
5916
5748
5796
5864
5704
5788
5812
5668
5816
5740
5724
5896
5656
5792
5780
5692
5852
5756
5692
5892
5608
5788
5736
5692
5804
5700
5656
5840
5624
5748
5732
5628
5776
5672
5700
5772
5684
5692
5732
5620
5776
5644
5708
5680
5644
5660
5772
5608
5704
5628
5672
5688
5668
5648
5712
5640
5644
5668
5628
5652
5596
5656
5656
5688
5608
5660
5612
5656
5580
5648
5584
5672
5500
5604
5620
5628
5656
5596
5528
5628
5536
5660
5644
5508
5624
5508
5596
5624
5476
5548
5644
5468
5692
5524
5600
5584
5464
5552
5652
5468
5676
5492
5540
5636
5484
5592
5596
5428
5596
5508
5428
5624
5388
5544
5512
5480
5572
5588
5464
5676
5396
5580
5516
5436
5556
5488
5420
5576
5356
5492
5484
5364
5512
5416
5456
5468
5388
5444
5520
5368
5496
5376
5432
5440
5416
5440
5452
5384
5496
5388
5452
5384
5400
5400
5468
5380
5404
5380
5372
5380
5392
5424
5396
5416
5332
5472
5400
5424
5340
5400
5356
5456
5284
5420
5332
5340
5420
5364
5332
5420
5308
5420
5392
5268
5412
5236
5360
5408
5292
5324
5412
5188
5420
5248
5364
5368
5272
5324
5376
5220
5440
5208
5320
5356
5228
5288
5308
5212
5356
5260
5248
5408
5116
5344
5308
5240
5328
5252
5132
5400
5128
5348
5204
5224
5308
5296
5196
5372
5124
5284
5248
5120
5276
5224
5268
5300
5192
5220
5268
5120
5240
5112
5244
5236
5220
5140
5252
5196
5256
5136
5192
5104
5144
5164
5236
5224
5176
5236
5180
5192
5148
5148
5132
5244
5108
5192
5160
5196
5128
5140
5072
5220
5108
5248
5128
5124
5160
5136
5076
5192
5012
5116
5124
5060
5196
5016
5104
5164
5096
5140
5164
4996
5248
5028
5156
5068
4908
5104
5168
5048
5188
5020
5036
5120
4992
5092
5128
4964
5108
5000
5016
5244
4952
5088
5000
4972
5096
5048
4956
5132
4912
5132
5088
5016
5100
5012
4976
5124
4924
5048
5020
4956
5028
4972
5016
5020
4952
4980
5052
4952
5072
4940
5004
4984
4980
4948
5012
4912
5020
4976
4992
4984
5000
4960
4972
4928
4924
4952
4932
4924
4956
4964
4924
4976
4856
4976
4888
4920
4924
4948
4860
4992
4804
4956
4884
4880
4928
4892
4860
4996
4816
4936
4908
4796
4988
4860
4908
4916
4816
4900
4948
4764
5016
4780
4900
4892
4796
4892
4932
4716
4988
4788
4876
4936
4772
4908
4864
4796
4928
4844
4796
4896
4680
4932
4844
4780
4876
4800
4760
4952
4676
4872
4804
4788
4892
4832
4808
4896
4656
4828
4824
4748
4860
4712
4776
4808
4772
4820
4844
4732
4808
4696
4804
4752
4788
4708
4816
4728
4832
4764
4796
4700
4752
4744
4816
4744
4728
4764
4740
4744
4720
4756
4728
4784
4664
4764
4688
4736
4736
4716
4684
4788
4604
4764
4696
4672
4728
4692
4700
4804
4616
4744
4716
4612
4788
4644
4700
4720
4616
4704
4740
4568
4800
4556
4704
4680
4600
4660
4720
4560
4792
4592
4660
4748
4596
4720
4716
4596
4756
4656
4628
4704
4492
4700
4620
4588
4696
4604
4568
4748
4552
4780
4648
4592
4632
4616
4572
4696
4488
4628
4600
4540
4628
4540
4588
4584
4532
4544
4612
4524
4636
4532
4604
4556
4608
4532
4600
4536
4608
4552
4596
4560
4576
4524
4600
4548
4528
4588
4556
4560
4592
4552
4524
4592
4468
4624
4524
4564
4532
4528
4480
4604
4412
4592
4516
4492
4544
4488
4484
4564
4364
4548
4528
4408
4560
4388
4512
4548
4400
4508
4520
4364
4608
4364
4548
4536
4412
4524
4508
4348
4576
4348
4484
4508
4332
4460
4468
4348
4524
4392
4444
4520
4308
4520
4404
4424
4492
4452
4352
4540
4268
4512
4380
4396
4424
4360
4420
4500
4360
4440
4404
4364
4476
4356
4376
4364
4376
4380
4440
4292
4420
4336
4428
4296
4416
4352
4476
4340
4344
4308
4412
4348
4376
4292
4408
4436
4348
4304
4292
4348
4364
4336
4308
4372
4292
4452
4288
4308
4364
4372
4296
4380
4200
4432
4340
4316
4348
4308
4348
4384
4172
4344
4348
4324
4448
4292
4292
4308
4240
4360
4308
4172
4404
4236
4320
4380
4220
4332
4300
4208
4336
4232
4320
4352
4180
4312
4284
4192
4288
4156
4260
4380
4156
4316
4204
4216
4312
4284
4232
4328
4120
4372
4216
4224
4232
4192
4220
4304
4164
4272
4232
4188
4248
4188
4236
4228
4192
4164
4260
4188
4300
4168
4220
4148
4228
4152
4276
4156
4188
4204
4216
4184
4232
4148
4208
4176
4184
4244
4184
4152
4156
4168
4168
4220
4076
4260
4116
4148
4148
4172
4172
4260
4028
4220
4108
4120
4172
4104
4152
4216
4020
4212
4140
4048
4212
4052
4176
4196
4096
4208
4168
4028
4260
3996
4136
4080
4040
4180
4204
4032
4200
3980
4136
4156
3996
4148
4084
4028
4172
4072
4092
4172
3976
4148
4052
4052
4108
4080
4048
4152
3896
4108
3964
4040
4060
4020
4024
4116
3992
4124
4088
4064
4096
4048
4104
4092
4068
4040
4076
4004
4080
4000
4076
3972
4040
3968
4064
3980
4020
4032
4028
3968
4044
3980
4072
4060
4004
4040
3996
4004
4048
3968
4012
4060
3904
4032
3952
3992
4012
3984
3944
4060
3864
4060
3900
3924
4004
3944
4044
4084
3876
4036
3944
3900
4108
3932
4052
4000
3880
4032
3988
3868
4060
3812
4004
3964
3892
3968
3952
3900
4076
3880
4000
3940
3840
3976
3936
3892
3984
3852
3876
3984
3808
3984
3884
3880
3932
3900
3892
3996
3788
3976
3904
3936
3932
3880
3864
3936
3832
3944
3884
3860
3904
3860
3900
3852
3876
3868
3932
3856
3932
3856
3940
3876
3968
3836
3940
3828
3876
3856
3892
3804
3888
3744
3872
3840
3796
3884
3832
3820
3852
3788
3852
3884
3756
3936
3828
3844
3836
3820
3832
3912
3692
3900
3784
3804
3868
3736
3808
3852
3724
3892
3788
3728
3920
3712
3876
3840
3716
3848
3800
3708
3912
3640
3852
3796
3676
3772
3748
3672
3884
3672
3804
3772
3688
3804
3760
3716
3820
3688
3716
3796
3648
3832
3736
3776
3756
3716
3692
3836
3620
3812
3708
3748
