24526
24572
6142

772
772
816
700
916
700
772
860
668
804
764
732
856
748
760
892
648
840
760
760
840
804
760
908
676
848
732
700
772
748
764
848
712
732
764
732
872
696
772
772
780
780
820
668
820
716
828
728
764
728
796
712
764
720
824
804
768
732
744
816
760
800
700
772
796
760
700
816
672
816
688
768
756
744
720
852
696
860
784
748
812
740
796
816
704
776
756
716
892
688
812
800
756
812
812
656
908
680
828
832
716
788
776
680
892
688
780
840
696
844
744
716
820
708
732
908
688
892
740
752
808
748
704
840
668
832
764
740
820
716
744
816
700
756
748
680
808
732
812
764
732
696
788
712
820
716
796
736
768
716
800
748
780
716
772
760
776
732
764
796
716
788
740
800
772
756
708
800
640
824
716
744
756
764
736
852
668
788
716
708
836
716
792
816
716
804
788
672
868
688
824
812
720
768
820
684
936
692
800
832
728
848
828
716
860
652
740
868
704
868
732
740
852
768
760
840
580
844
716
724
768
736
744
860
664
816
736
760
812
720
756
828
708
728
716
676
832
700
752
764
780
732
792
660
804
728
828
764
788
728
808
764
796
764
788
772
824
744
760
768
668
788
748
788
772
712
700
820
648
852
704
756
804
776
776
840
664
808
704
704
836
688
748
776
692
812
804
700
860
640
800
772
728
792
812
676
916
656
796
796
684
796
764
692
844
696
744
836
632
824
656
700
788
760
748
908
676
852
692
768
804
768
728
852
724
844
744
764
800
744
780
796
720
768
748
764
768
736
748
724
736
704
816
684
800
672
796
760
804
724
780
772
756
712
768
812
820
664
728
816
740
808
720
720
780
776
780
824
632
856
732
776
784
740
744
812
664
904
752
732
788
664
792
832
704
748
724
644
844
636
804
728
700
756
832
684
948
664
800
792
736
804
768
640
816
680
780
836
672
872
740
732
792
700
720
864
660
856
728
792
816
792
712
824
668
792
720
740
784
708
716
772
764
784
764
676
764
732
812
732
748
736
860
740
804
732
804
768
780
688
764
772
744
736
744
760
812
744
756
772
700
844
740
788
780
740
736
812
632
816
680
764
756
700
728
832
652
824
728
756
824
632
772
764
688
816
760
688
892
644
824
764
716
792
776
668
856
620
788
764
652
776
772
700
860
692
776
840
672
836
700
748
804
704
724
808
616
828
668
764
772
748
752
872
684
812
724
764
792
760
764
776
732
736
772
736
820
716
780
732
764
704
796
752
784
720
796
728
832
732
788
712
732
748
748
720
744
712
764
836
704
792
688
760
800
708
724
820
644
844
684
792
772
692
740
828
672
852
688
716
844
700
780
784
652
796
764
732
884
652
780
740
696
768
772
684
888
640
820
792
708
808
772
724
868
692
768
820
676
872
724
760
812
736
748
836
632
832
676
784
772
732
724
828
708
796
712
760
744
756
796
824
736
744
760
768
808
680
740
736
832
716
820
724
768
732
768
744
848
664
764
724
744
804
796
756
756
668
744
796
668
796
668
784
796
708
724
824
624
836
684
772
824
684
744
836
700
884
688
728
820
672
800
788
684
840
764
696
888
640
812
764
744
824
828
732
888
648
824
764
656
776
764
712
840
680
788
792
656
820
700
764
800
708
728
816
624
828
680
776
768
716
716
804
676
792
716
748
756
708
724
740
716
740
780
756
804
720
788
764
764
720
780
616
808
740
892
724
832
684
828
752
700
780
768
748
812
708
748
792
716
816
688
744
792
744
760
824
632
892
676
792
820
700
756
828
668
872
700
732
788
672
796
844
688
804
700
696
900
664
820
724
672
772
796
696
876
620
796
748
704
812
732
704
820
680
808
836
672
816
708
748
812
716
728
788
640
772
664
800
732
680
716
800
708
772
668
724
792
812
768
736
748
760
764
668
692
688
764
756
812
704
844
760
748
700
772
732
796
632
788
780
748
728
692
724
836
724
768
772
680
860
712
752
768
680
716
812
644
892
672
744
760
704
800
852
644
860
660
736
804
644
828
780
708
808
736
700
836
600
844
768
720
780
728
696
872
636
832
764
700
792
752
732
820
652
764
780
676
832
704
744
788
752
776
812
676
796
640
756
752
748
748
816
716
780
700
760
776
764
776
780
764
764
800
756
744
700
744
728
788
648
804
740
780
732
764
732
800
676
784
736
760
796
760
768
812
724
760
736
648
824
696
796
792
708
720
780
620
880
668
788
808
696
768
816
648
828
668
756
804
636
808
788
684
796
704
732
860
628
808
716
736
836
796
716
856
612
820
752
736
832
760
748
852
680
780
796
676
800
708
792
772
712
724
804
648
780
684
804
740
764
724
796
712
788
744
792
748
768
764
812
796
764
784
716
760
736
808
784
808
648
860
744
764
724
756
744
848
680
808
692
712
776
700
744
804
700
772
752
672
892
688
748
772
680
760
792
620
880
676
784
760
668
772
796
648
820
652
752
812
636
796
752
708
824
716
732
884
660
804
680
744
812
764
680
780
568
820
744
712
800
748
720
832
700
776
764
708
828
684
776
812
752
764
768
660
820
684
796
732
732
712
784
688
772
696
792
760
744
716
748
756
712
788
752
740
748
776
740
860
580
860
692
788
716
780
648
876
604
844
700
716
752
708
744
784
668
804
756
656
792
648
736
764
700
824
800
576
892
656
812
768
696
736
788
676
868
604
788
832
672
820
760
672
764
668
704
856
668
856
680
712
756
736
720
860
644
880
752
728
756
732
700
816
668
800
760
636
740
700
824
768
684
700
780
692
772
624
740
728
780
716
800
740
796
712
732
684
736
752
768
720
668
792
772
736
692
696
676
804
636
860
756
796
744
736
744
828
672
776
688
756
828
748
756
788
660
804
780
648
828
672
780
780
712
792
796
636
876
652
788
768
660
756
748
644
816
632
788
804
612
816
740
688
776
692
756
840
632
860
736
740
776
748
708
844
636
828
720
728
764
724
732
820
676
748
728
688
768
676
764
760
708
776
808
644
780
664
796
736
808
740
804
684
740
728
776
692
744
692
744
756
680
732
712
764
768
740
764
788
624
804
680
776
772
752
724
820
644
820
716
740
768
696
740
784
660
792
740
644
860
692
820
764
692
768
796
676
908
628
776
764
668
772
752
648
860
668
776
788
644
796
724
696
788
708
740
832
676
844
704
704
732
728
724
832
664
844
736
748
784
728
708
764
680
780
764
724
852
700
752
728
748
732
792
692
796
692
796
704
772
712
800
744
780
736
760
700
776
764
784
780
716
792
748
776
780
744
756
820
644
860
732
768
748
708
692
784
624
836
760
732
744
708
780
768
636
772
764
704
832
680
784
796
700
756
780
684
908
604
764
776
688
808
756
628
828
644
792
796
644
828
736
704
772
700
732
808
600
840
716
760
776
736
712
828
644
832
704
728
760
704
704
732
664
768
776
740
808
728
804
748
704
684
776
692
768
676
784
708
768
700
764
692
752
764
796
716
772
700
744
744
676
792
716
768
756
732
740
820
644
852
672
792
708
760
744
840
572
812
632
792
840
728
788
744
664
788
764
636
888
624
820
732
684
764
804
628
864
628
920
784
612
772
804
700
856
680
780
772
636
832
680
680
776
740
772
844
652
828
696
740
784
728
728
836
596
876
768
756
716
748
740
808
692
788
752
688
756
692
756
760
760
696
748
684
788
696
776
696
816
708
768
692
732
764
772
684
772
696
760
756
684
768
708
760
748
688
700
828
608
844
668
776
760
708
712
764
612
884
720
724
812
688
792
772
624
764
712
684
828
620
804
764
684
768
764
612
848
588
804
780
692
776
724
640
852
656
808
752
660
856
752
756
800
628
668
776
636
836
676
732
756
732
748
824
608
772
672
744
768
752
744
816
720
768
764
704
756
688
760
740
764
716
776
660
764
712
780
668
760
680
792
752
764
772
804
736
784
664
704
712
672
780
716
748
764
720
768
816
636
848
700
788
784
724
764
812
644
864
716
760
764
648
768
808
692
808
716
620
792
588
760
724
656
772
740
660
880
624
812
760
696
796
788
684
824
688
824
768
636
812
712
768
804
688
756
776
652
852
684
760
736
752
748
804
656
816
688
740
728
724
724
780
732
796
804
704
736
716
760
716
728
708
792
704
788
776
860
740
784
680
816
760
784
752
744
712
796
728
792
732
604
772
724
764
784
688
768
812
664
900
668
740
740
712
764
808
604
844
672
740
792
664
764
744
668
824
736
696
836
664
856
772
680
788
788
640
852
596
844
764
676
792
748
700
884
664
796
796
688
832
680
720
788
688
740
752
636
852
680
784
764
756
724
800
628
776
720
764
740
760
776
764
728
764
740
716
744
688
744
688
736
688
772
696
752
676
772
696
796
692
828
732
740
788
792
724
768
688
808
776
672
812
696
740
748
700
744
784
616
864
636
748
740
684
764
784
568
880
632
748
780
612
796
768
744
796
740
600
792
584
804
724
744
876
792
664
840
624
840
708
700
752
708
732
860
828
1388
1888
2332
3068
3644
4336
5100
5628
6188
6552
6544
6808
6740
6776
6816
6928
6932
6932
6828
7036
6972
6996
6908
6924
6900
7036
6996
6932
6936
6940
6984
6932
6872
6844
6896
6852
6912
6812
6888
6840
6856
6732
6880
6764
6868
6704
6720
6756
6808
6768
6828
6656
6772
6736
6688
6852
6672
6700
6712
6668
6728
6772
6584
6860
6592
6724
6724
6632
6680
6720
6536
6764
6596
6696
6740
6604
6688
6692
6604
6772
6640
6600
6744
6548
6764
6680
6636
6720
6652
6576
6756
6488
6700
6588
6564
6684
6628
6592
6692
6488
6628
6564
6520
6676
6512
6556
6584
6544
6572
6580
6488
6652
6484
6572
6580
6592
6544
6588
6476
6604
6492
6556
6540
6588
6520
6516
6484
6488
6508
6460
6528
6520
6548
6492
6536
6436
6524
6412
6488
6472
6524
6472
6536
6388
6532
6408
6424
6428
6420
6420
6544
6388
6492
6460
6320
6496
6368
6396
6400
6312
6440
6424
6280
6500
6260
6384
6404
6336
6444
6424
6288
6528
6328
6432
6440
6260
6400
6324
6264
6428
6308
6332
6436
6240
6472
6360
6328
6392
6336
6308
6448
6216
6444
6308
6296
6404
6296
6268
6364
6176
6360
6264
6188
6328
6240
6292
6308
6220
6316
6316
6216
6352
6220
6288
6248
6292
6268
6272
6188
6276
6200
6248
6216
6260
6244
6308
6264
6244
6256
6208
6220
6212
6200
6200
6280
6208
6308
6168
6216
6168
6180
6128
6204
6076
6252
6128
6144
6208
6152
6128
6192
6072
6216
6184
6048
6240
6104
6160
6172
6056
6140
6140
6008
6284
6020
6148
6124
6060
6172
6144
6004
6244
6044
6140
6124
6012
6140
6088
5988
6168
6068
6096
6180
6004
6228
6056
6036
6128
6096
6024
6176
5948
6188
6044
6044
6112
6052
5980
6068
5932
6132
6000
5884
5996
5948
6048
6012
5952
5984
6020
5932
6052
5924
6044
5972
6004
5928
6048
5972
6052
5920
5988
5936
6028
5952
5996
5956
5996
6036
5952
5956
5948
5968
5932
5968
5836
6004
5912
5968
5940
5956
5872
5980
5820
6020
5892
5904
5952
5872
5900
5940
5816
5976
5900
5788
5980
5796
5908
5924
5852
5956
5944
5776
5988
5720
5936
5936
5780
5892
5872
5772
5968
5784
5848
5852
5732
5896
5856
5752
5824
5796
5768
5948
5680
5956
5760
5804
5832
5752
5744
5928
5724
5884
5708
5724
5788
5752
5708
5840
5712
5836
5724
5684
5872
5708
5620
5700
5772
5848
5760
5628
5804
5720
5836
5684
5728
5664
5820
5668
5716
5680
5748
5688
5704
5652
5756
5696
5664
5644
5608
5700
5728
5708
5632
5696
5596
5792
5632
5696
5664
5692
5648
5736
5588
5748
5624
5596
5656
5628
5632
5696
5556
5732
5688
5620
5724
5528
5644
5632
5544
5644
5636
5500
5752
5516
5660
5588
5524
5644
5604
5480
5708
5484
5604
5600
5492
5612
5524
5484
5636
5528
5564
5672
5468
5672
5536
5548
5596
5568
5484
5612
5396
5640
5472
5500
5592
5556
5532
5544
5436
5568
5540
5492
5600
5476
5512
5500
5500
5520
5508
5420
5540
5412
5516
5392
5496
5452
5516
5420
5528
5484
5496
5428
5508
5460
5500
5452
5436
5480
5412
5412
5440
5384
5396
5448
5352
5528
5368
5456
5440
5448
5432
5500
5300
5480
5332
5380
5440
5372
5412
5432
5308
5484
5380
5276
5464
5284
5416
5420
5332
5448
5404
5280
5512
5248
5404
5348
5276
5408
5372
5284
5496
5276
5376
5352
5260
5404
5312
5272
5388
5272
5356
5396
5228
5432
5260
5308
5372
5316
5276
5416
5224
5432
5248
5300
5332
5272
5260
5336
5228
5384
5276
5236
5332
5232
5284
5276
5300
5288
5316
5244
5352
5248
5316
5216
5276
5228
5288
5216
5260
5228
5260
5204
5272
5160
5244
5244
5196
5276
5192
5220
5244
5228
5228
5248
5144
5308
5144
5224
5204
5204
5176
5256
5076
5284
5108
5152
5208
5160
5208
5280
5128
5276
5176
5084
5260
5032
5152
5156
5092
5204
5176
5036
5288
5012
5188
5084
5048
5196
5172
5028
5252
5000
5156
5116
5020
5188
5088
5084
5180
5060
5100
5148
5024
5216
5064
5100
5128
5084
5056
5184
5020
5212
5084
5108
5096
5080
5080
5116
4996
5132
5072
5020
5096
5000
5064
5044
5020
5076
5116
4988
5076
5036
5096
5000
5044
4936
5068
4996
5016
5004
4996
4956
5088
4996
5064
5028
4976
5060
4964
4972
5028
4952
5004
5036
4932
5148
4924
4992
4992
5004
4980
5004
4844
5068
4948
4948
5000
4884
4956
4996
4844
5016
4924
4868
5056
4864
5044
4988
4872
4988
4948
4828
5096
4812
4984
4904
4880
5020
4924
4824
5040
4828
4968
4964
4840
5004
4828
4936
4932
4884
4868
4964
4732
5072
4844
4908
4880
4824
4804
4928
4756
4952
4840
4892
4904
4828
4736
4908
4840
4924
4772
4808
4908
4884
4876
4748
4768
4896
4932
4740
4820
4788
4912
4780
4860
4732
4868
4808
4828
4760
4784
4816
4868
4752
4788
4780
4744
4880
4724
4828
4848
4812
4780
4836
4652
4956
4700
4744
4716
4736
4756
4856
4628
4836
4664
4712
4784
4664
4732
4756
4600
4820
4724
4684
4840
4616
4756
4756
4684
4788
4732
4620
4872
4620
4824
4708
4620
4748
4684
4636
4848
4604
4744
4732
4620
4808
4700
4660
4732
4632
4688
4724
4592
4752
4580
4660
4712
4676
4660
4736
4600
4776
4636
4656
4676
4660
4660
4696
4604
4676
4652
4612
4668
4600
4640
4616
4652
4648
4704
4616
4708
4580
4672
4568
4656
4548
4628
4556
4620
4624
4652
4572
4648
4588
4624
4588
4480
4596
4544
4560
4644
4580
4596
4636
4488
4696
4532
4636
4608
4536
4528
4592
4444
4652
4460
4488
4568
4520
4624
4648
4508
4676
4564
4508
4648
4440
4600
4520
4456
4588
4536
4428
4668
4420
4596
4524
4480
4580
4540
4488
4704
4492
4620
4528
4428
4576
4452
4492
4536
4436
4496
4560
4412
4564
4388
4496
4460
4472
4444
4552
4388
4564
4420
4472
4456
4456
4388
4464
4412
4492
4480
4424
4452
4416
4472
4432
4440
4428
4484
4396
4456
4380
4472
4412
4516
4404
4520
4400
4448
4440
4404
4344
4436
4320
4416
4416
4344
4492
4364
4376
4428
4348
4412
4444
4304
4512
4344
4436
4436
4360
4376
4428
4248
4476
4272
4364
4428
4316
4412
4388
4252
4428
4292
4260
4412
4228
4404
4316
4268
4404
4336
4256
4468
4192
4404
4312
4316
4412
4324
4260
4468
4252
4412
4296
4276
4384
4296
4268
4360
4232
4324
4320
4244
4364
4248
4296
4280
4324
4252
4332
4172
4368
4220
4264
4244
4284
4208
4264
4212
4328
4316
4240
4288
4248
4296
4268
4304
4228
4292
4220
4312
4216
4256
4192
4312
4204
4292
4196
4236
4296
4252
4180
4236
4172
4260
4196
4128
4296
4224
4252
4252
4164
4264
4272
4140
4344
4100
4244
4252
4200
4188
4244
4096
4296
4056
4168
4236
4132
4220
4152
4088
4276
4188
4120
4300
4064
4256
4164
4188
4228
4160
4116
4308
4044
4248
4120
4092
4188
4132
4092
4276
4092
4240
4200
4124
4252
4092
4120
4184
4140
4080
4196
4020
4256
3996
4092
4012
4096
4056
4188
4072
4140
4028
4096
4052
4120
4072
4144
4104
4224
4156
4072
4120
4160
4148
4088
4116
4052
4156
4080
4068
4028
4100
4020
4104
3916
4072
4068
4108
4124
4080
4040
4128
4004
4096
4028
3988
4168
4012
3996
4060
3992
4008
4020
3896
4180
3944
4048
4024
4016
4092
4120
3896
4084
3904
4064
4096
3964
4052
4040
3928
4124
3996
3988
4112
3920
4044
3960
3928
4064
3984
3912
4108
3884
4088
3944
3936
4024
3944
3920
4080
3896
4012
3924
3856
4020
3932
3948
3996
3952
4016
4012
3916
4060
3896
3980
3948
3968
3948
4004
3868
4036
3944
3996
3932
3920
3900
3968
3956
4032
4012
3916
3968
3940
3932
3928
3936
3876
3964
3888
3964
3964
3924
3844
3928
3816
3996
3884
3904
3912
3844
3860
3952
3804
3924
3868
3844
3944
3796
3900
3928
3836
3892
3896
3796
4016
3796
3940
3916
3868
3904
3888
3780
4040
3800
3872
3924
3820
3952
3892
3824
3964
3820
3800
3932
3760
3920
3800
3772
3840
3788
3792
3944
3676
3852
3752
3788
3868
3792
3760
3896
3720
3860
3780
3732
3848
3740
3796
3876
3808
3832
3868
3776
3928
3752
3844
3824
3880
3844
3900
3760
3856
3732
3812
3744
3788
3772
3808
3760
3780
3768
3748
3800
3776
3744
3748
3824
3748
3852
3748
3788
3732
3756
3668
3808
3644
3804
3692
3680
3760
3720
3680
3792
3660
3792
3708
3656
3812
3664
3724
3764
3700
3784
3764
3644
3868
3628
3740
3764
3712
3788
3776
3644
3852
3636
3764
3768
3636
3752
3724
3668
3796
3652
3712
3824
3616
3788
3664
3608
3692
3628
3620
3816
3580
3792
3640
3628
3700
3640
3604
3752
3572
3740
3664
3656
3708
3588
3656
3708
3676
3668
3664
3576
3756
3580
3676
3612
3672
3612
3704
3596
3704
3596
3640
3624
3672
3612
3668
3592
3604
3624
3584
3604
3652
3648
3608
3656
3560
3672
3556
3600
3632
3628
3572
3688
3544
3688
3576
3608
3644
3604
3584
3672
3548
3692
3632
3576
3700
3528
3604
3664
3560
3660
3632
3456
3704
3524
3640
3572
3504
3628
3596
3504
3700
3484
3544
3604
3480
3616
3508
3532
3656
3524
3528
3644
3448
3628
3472
3528
3620
3552
3468
3584
3432
3652
3544
3532
3544
3488
3480
3588
3452
3604
3508
3496
3580
3468
3544
3540
3388
3472
3488
3480
3572
3420
3588
3464
3596
3436
3484
3468
3620
3508
3440
3492
3548
3508
3520
3424
3496
3536
3492
3452
3460
3484
3468
3512
3380
3504
3444
3528
3492
3464
3460
3576
3376
3516
3412
3516
3548
3404
3408
3512
3412
3524
3432
3364
3560
3400
3464
3440
3348
3508
3476
3364
3584
3336
3512
3440
3412
3528
3460
3324
3532
3316
3436
3448
3348
3412
3380
3328
3540
3388
3440
3484
3324
3484
3384
3388
3468
3400
3376
3500
3264
3484
3328
3420
3452
3416
3368
3472
3300
3436
3364
3356
3452
3352
3352
3384
3368
3404
3408
3348
3440
3336
3396
3344
3420
3328
3372
3304
3392
3320
3360
3320
3404
3324
3412
3380
3372
3376
3348
3372
3384
3336
3352
3380
3284
3416
3236
3292
3320
3300
3256
3392
3244
3436
3264
3324
3356
3288
3260
3360
3240
3380
3304
3244
3388
3216
3328
3340
3236
3356
3308
3188
3456
3180
3348
3284
3244
3352
3316
3208
3448
3200
3340
3316
3224
3352
3276
3260
3380
3200
3236
3316
3204
3356
3264
3272
3356
3240
3224
3344
3176
3352
3188
3244
3320
3280
3248
3340
3196
3328
3236
3256
3308
3252
3284
3256
3244
3268
3260
3196
3308
3188
3268
3216
3296
3176
3244
3164
3252
3208
3244
3184
3300
3188
3276
3228
3204
3228
3188
3216
3268
3176
3200
3276
3152
3296
3156
3216
3228
3208
3192
3308
3132
3316
3140
3188
3276
3176
3168
3252
3108
3288
3156
3140
3300
3116
3244
3228
3108
3224
3164
3096
3320
3064
3260
3196
3108
3188
3152
3092
3312
3072
3236
3204
3164
3284
3164
3116
3256
3108
3172
3240
3076
3228
3108
3144
3200
3116
3132
3236
3052
3264
3112
3148
3160
3116
3076
3172
3072
3196
3092
3108
3180
3088
3140
3132
3140
3120
3104
3092
3160
3044
3100
3076
3164
3060
3156
3076
3128
3060
3084
3036
3156
3044
3148
3096
3084
3144
3116
3076
3140
3084
3108
3136
3036
3188
3044
3132
3148
3068
3056
3144
3012
3172
3016
3072
3108
3040
3076
3136
3016
3180
3048
3048
3196
2964
3084
3032
3020
3136
3032
2940
3172
2908
3172
3040
3008
3092
3052
3020
3156
2964
3128
3096
3004
3172
3020
3016
3120
2964
3064
3100
2952
3100
2988
3076
3108
3048
3036
3156
3004
3140
2916
3028
3052
3044
3036
3056
2936
3104
2996
2996
3004
2972
3064
3044
3004
2956
2996
3012
3128
2956
3044
3012
3068
2920
2984
2924
3040
2992
2932
2988
3052
3020
2980
2972
2936
3052
2992
2960
3048
2968
3044
3060
2892
3064
2900
3020
2984
2960
2964
3056
2896
3100
2920
2992
3048
