12799
12846
3211

844
844
676
860
752
756
772
796
764
852
720
824
796
808
828
772
784
764
772
804
812
732
800
788
832
744
832
716
804
776
868
864
820
712
824
708
780
784
732
768
756
716
796
720
688
820
704
892
788
764
840
808
752
900
704
904
768
696
804
764
732
840
624
820
752
656
824
684
764
844
716
840
836
632
896
664
792
804
728
784
836
692
908
716
792
804
700
824
804
732
876
768
748
848
684
796
732
724
804
816
728
840
640
756
744
772
776
772
716
788
696
780
764
772
780
776
796
796
776
732
764
704
772
764
804
704
848
752
856
764
760
756
808
724
832
692
772
756
684
800
764
720
796
756
764
872
616
900
724
764
768
744
676
860
664
864
740
680
804
700
668
808
616
844
760
668
856
672
764
824
692
824
804
648
868
672
796
784
724
800
796
644
888
696
808
796
720
792
788
708
820
716
716
792
668
828
748
748
812
764
716
772
652
796
720
740
768
796
744
844
732
800
752
788
788
784
780
788
792
768
788
740
764
768
804
680
824
704
804
728
760
732
732
632
796
672
788
764
720
808
768
708
852
772
760
828
636
812
688
716
816
736
700
816
552
836
724
712
772
724
740
852
636
804
712
696
924
732
760
812
728
840
796
628
888
728
836
732
644
732
812
680
860
636
756
752
700
808
808
700
784
724
776
788
728
820
732
692
744
764
736
852
708
824
740
772
716
740
696
812
756
828
756
768
756
772
760
740
780
736
780
716
768
756
780
700
824
688
748
700
692
784
804
692
848
704
808
796
704
820
760
732
864
740
748
788
628
844
704
740
816
764
764
872
652
872
716
688
832
732
724
812
624
840
728
696
852
680
764
784
672
800
776
656
892
640
768
768
724
780
768
640
908
732
776
748
688
784
760
652
772
704
780
788
636
796
764
764
712
756
732
860
704
800
672
776
772
776
684
712
712
776
764
760
744
736
764
712
788
780
804
704
712
760
804
668
820
660
820
748
736
748
732
636
848
696
792
760
660
768
700
700
828
704
756
832
668
900
756
744
796
720
728
852
596
824
684
724
832
740
728
784
608
848
756
696
852
688
768
784
652
780
776
640
860
644
808
744
684
724
756
664
860
680
788
760
680
756
732
684
820
748
748
776
648
784
676
732
732
760
700
824
728
828
740
796
736
776
732
808
732
736
720
764
720
760
704
716
776
696
764
732
760
764
744
628
804
644
796
732
724
764
756
700
872
692
800
764
692
812
728
692
784
684
740
812
612
816
704
708
772
748
712
848
608
816
692
732
848
676
748
768
636
872
704
680
836
664
764
748
696
812
780
628
824
616
764
756
668
752
764
652
836
644
760
716
668
780
752
716
800
732
732
788
692
760
684
748
744
744
692
788
720
824
748
760
764
760
688
768
716
780
744
736
720
744
756
700
804
712
808
720
732
732
764
648
796
624
796
756
732
748
756
684
856
664
796
784
700
820
716
708
824
692
740
792
556
952
1372
2168
3112
3972
4996
6100
6808
7576
7616
7804
8068
8052
8048
8188
8076
8308
8204
8152
8312
8164
8316
8280
8204
8304
8284
8184
8372
8128
8300
8220
8184
8196
8212
8116
8244
8068
8188
8176
8128
8168
8112
8044
8120
8044
8068
8092
7996
8104
8032
8060
8012
8096
8004
8124
7952
8048
7984
8024
7948
8012
7940
8016
7960
8012
7956
7952
7896
8000
7960
7928
7992
7904
7980
7916
7920
7952
7932
7820
7996
7836
7988
7904
7848
7916
7884
7812
8024
7764
7900
7828
7812
7956
7868
7788
7916
7776
7908
7908
7716
7964
7780
7840
7868
7804
7820
7912
7668
7924
7732
7772
7876
7768
7796
7848
7692
7892
7740
7712
7852
7672
7808
7752
7660
7828
7772
7660
7852
7608
7780
7708
7688
7772
7756
7648
7784
7612
7756
7668
7668
7740
7668
7668
7744
7624
7632
7664
7636
7736
7624
7648
7636
7676
7616
7764
7652
7692
7568
7624
7608
7656
7612
7624
7604
7576
7620
7632
7556
7616
7572
7580
7688
7572
7592
7516
7516
7596
7620
7476
7620
7432
7640
7560
7544
7552
7484
7444
7656
7452
7588
7520
7412
7592
7508
7520
7572
7400
7448
7524
7448
7684
7424
7444
7508
7444
7492
7572
7336
7580
7380
7432
7520
7432
7432
7476
7332
7540
7420
7388
7504
7324
7452
7424
7340
7444
7392
7324
7528
7296
7436
7368
7368
7436
7408
7288
7424
7276
7428
7360
7348
7388
7348
7308
7364
7336
7328
7340
7276
7332
7308
7356
7312
7352
7228
7332
7232
7332
7268
7332
7236
7368
7252
7332
7292
7256
7260
7248
7216
7324
7248
7188
7272
7168
7324
7204
7164
7276
7228
7148
7332
7112
7276
7184
7160
7240
7212
7148
7296
7092
7248
7184
7108
7292
7116
7116
7240
7088
7196
7212
7024
7276
7092
7164
7212
7076
7172
7136
7020
7256
7072
7112
7132
6988
7196
7144
7036
7168
7036
7036
7172
6988
7084
7080
7032
7180
7068
6956
7164
6916
7104
6996
7036
7088
7076
6972
7108
6964
7052
6976
6968
7040
7036
7016
7036
6996
6996
7052
6988
7044
6940
7012
6940
7016
6916
7028
6928
7056
6968
7056
6904
7056
6900
6948
6948
6956
6972
6964
6916
6988
6908
6868
7000
6860
6956
6872
6888
6948
6940
6808
6964
6756
6976
6884
6864
6912
6804
6796
6972
6744
6924
6852
6704
6980
6848
6840
6884
6772
6876
6900
6692
6904
6684
6836
6908
6780
6780
6832
6684
7000
6744
6808
6844
6740
6800
6840
6684
6892
6712
6700
6816
6684
6848
6748
6684
6724
6752
6696
6856
6644
6808
6680
6692
6728
6724
6692
6808
6628
6716
6652
6700
6740
6712
6676
6672
6632
6676
6732
6716
6748
6652
6644
6588
6720
6632
6708
6600
6648
6644
6708
6600
6740
6604
6656
6640
6660
6708
6636
6552
6684
6588
6652
6736
6552
6664
6552
6568
6652
6592
6500
6672
6412
6668
6504
6540
6620
6548
6508
6668
6416
6632
6532
6484
6648
6464
6520
6604
6472
6596
6564
6384
6660
6432
6540
6520
6440
6500
6556
6392
6664
6372
6488
6516
6428
6520
6504
6400
6564
6412
6440
6540
6380
6508
6428
6424
6512
6456
6404
6512
6324
6492
6376
6424
6468
6448
6380
6476
6356
6452
6388
6428
6432
6412
6364
6424
6428
6412
6404
6352
6384
6368
6432
6328
6388
6256
6424
6364
6388
6288
6348
6312
6504
6304
6308
6320
6376
6424
6360
6268
6368
6300
6328
6372
6208
6352
6328
6268
6368
6300
6248
6368
6128
6404
6312
6292
6308
6208
6216
6424
6232
6316
6184
6144
6412
6236
6268
6260
6144
6288
6268
6148
6388
6148
6260
6248
6192
6268
6268
6112
6308
6112
6276
6260
6156
6212
6180
6100
6296
6132
6176
6240
6144
6268
6160
6120
6180
6156
6132
6252
6096
6252
6116
6156
6160
6160
6084
6172
6048
6180
6112
6136
6116
6104
6088
6108
6156
6104
6124
6092
6100
6068
6128
6076
6184
6052
6144
6060
6104
6060
6052
5964
6120
5976
6080
6052
6024
6100
6040
5996
6136
6000
6024
6056
5904
6084
5984
5972
6032
5988
5940
6096
5868
6128
5980
5960
6044
5980
5984
6124
5888
6080
5928
5928
6128
5912
5980
6016
5904
6060
6008
5896
6124
5844
5992
5996
5940
6004
5968
5800
6072
5880
5916
5988
5868
6028
5952
5860
5980
5884
5940
5960
5836
5956
5876
5852
5928
5880
5888
5984
5804
5964
5852
5904
5908
5908
5828
5940
5860
5924
5836
5876
5892
5852
5876
5856
5852
5808
5856
5824
5896
5852
5884
5780
5904
5740
5820
5776
5824
5820
5836
5752
5904
5736
5852
5792
5784
5808
5772
5728
5872
5680
5756
5804
5732
5884
5740
5732
5832
5696
5704
5864
5672
5884
5664
5660
5836
5748
5740
5816
5612
5876
5748
5712
5816
5612
5768
5820
5668
5752
5708
5632
5856
5608
5704
5704
5648
5700
5644
5536
5812
5592
5668
5632
5656
5736
5712
5592
5716
5588
5648
5684
5616
5720
5608
5632
5688
5636
5588
5692
5592
5708
5604
5676
5672
5688
5608
5656
5556
5652
5548
5632
5576
5580
5560
5592
5628
5576
5564
5568
5556
5544
5572
5524
5648
5484
5596
5504
5532
5532
5560
5432
5624
5408
5560
5532
5460
5564
5532
5512
5636
5480
5508
5552
5400
5588
5484
5512
5580
5468
5488
5600
5392
5644
5432
5448
5528
5420
5460
5608
5340
5616
5468
5464
5604
5420
5488
5512
5400
5532
5432
5360
5564
5344
5496
5476
5404
5452
5420
5312
5564
5324
5448
5392
5396
5464
5424
5372
5492
5356
5440
5452
5364
5412
5352
5356
5424
5400
5352
5404
5288
5444
5320
5420
5380
5440
5324
5424
5336
5412
5356
5408
5376
5400
5284
5308
5340
5284
5364
5328
5316
5344
5340
5288
5416
5244
5328
5244
5324
5372
5384
5256
5468
5272
5412
5304
5248
5352
5312
5272
5372
5196
5320
5344
5224
5340
5188
5260
5372
5252
5240
5364
5200
5444
5228
5256
5288
5208
5232
5360
5168
5384
5192
5176
5340
5188
5276
5224
5104
5316
5248
5196
5352
5092
5276
5252
5200
5252
5200
5096
5284
5104
5244
5164
5144
5192
5164
5116
5268
5140
5180
5176
5140
5244
5176
5204
5208
5172
5108
5224
5112
5196
5108
5184
5116
5176
5100
5148
5084
5136
5104
5156
5116
5156
5116
5104
5128
5056
5140
5092
5072
5112
5112
5028
5184
5004
5116
5084
5096
5092
5092
5012
5204
5012
5164
5100
5052
5148
5056
5048
5176
5016
5108
5120
4964
5136
4960
5024
5096
5004
5060
5140
4912
5180
4984
5040
5072
4952
5028
5112
4908
5100
4940
4908
5084
4920
5024
5024
4948
5080
4992
4920
5144
4888
5068
5000
4960
5048
4992
4872
5076
4848
5000
4944
4956
5012
4972
4980
5032
4956
4944
4956
4908
5020
4936
4904
4956
4916
4888
4988
4856
5000
4892
4972
4876
4948
4928
4976
4916
4912
4924
4924
4928
4908
4892
4880
4972
4836
4924
4868
4912
4868
4860
4824
4960
4764
4908
4840
4856
4904
4860
4804
4988
4772
4908
4852
4820
4932
4828
4780
4920
4744
4928
4892
4768
4956
4764
4812
4944
4824
4840
4876
4692
4968
4764
4836
4872
4728
4812
4928
4700
4900
4768
4764
4908
4736
4788
4772
4728
4860
4764
4700
4928
4668
4792
4756
4744
4844
4756
4652
4864
4700
4812
4716
4728
4748
4740
4720
4824
4700
4744
4764
4700
4756
4696
4756
4752
4752
4672
4748
4704
4784
4712
4780
4692
4756
4672
4732
4668
4708
4680
4700
4652
4712
4628
4628
4724
4644
4736
4704
4660
4680
4660
4632
4756
4560
4716
4648
4644
4688
4700
4604
4788
4556
4748
4680
4588
4660
4568
4584
4752
4584
4668
4728
4572
4748
4528
4632
4704
4588
4600
4700
4520
4788
4544
4588
4664
4564
4628
4696
4480
4696
4548
4572
4708
4508
4624
4624
4532
4684
4596
4548
4700
4472
4640
4576
4548
4580
4584
4476
4632
4444
4592
4560
4552
4576
4572
4552
4604
4504
4540
4560
4520
4560
4516
4548
4560
4576
4460
4548
4444
4548
4488
4684
4944
5416
5724
6248
6576
6884
7088
7352
7444
7636
7604
7664
7720
7612
7724
7696
7692
7716
7672
7620
7816
7600
7812
7720
7700
7744
7716
7644
7796
7568
7768
7684
7596
7720
7624
7620
7692
7500
7660
7684
7468
7692
7532
7628
7656
7504
7544
7648
7420
7692
7476
7564
7660
7532
7560
7644
7444
7612
7448
7468
7640
7500
7596
7488
7404
7552
7540
7464
7592
7360
7556
7512
7480
7476
7484
7436
7596
7384
7524
7448
7424
7452
7448
7464
7560
7412
7388
7388
7420
7492
7408
7412
7380
7456
7380
7460
7356
7412
7324
7412
7284
7428
7336
7428
7368
7360
7376
7400
7332
7364
7332
7320
7388
7280
7396
7356
7328
7336
7324
7244
7412
7192
7420
7352
7288
7368
7300
7220
7380
7164
7352
7272
7188
7352
7232
7252
7352
7164
7292
7308
7136
7348
7164
7268
7300
7172
7212
7272
7084
7344
7108
7228
7264
7116
7160
7260
7128
7296
7168
7180
7288
7104
7236
7196
7116
7192
7116
7072
7272
7036
7192
7140
7116
7160
7168
7120
7264
7056
7196
7124
7124
7116
7132
7080
7188
7020
7160
7132
7136
7128
7076
7052
7156
7108
7100
7076
7064
7092
7076
7104
7012
7120
7032
7084
7068
6996
7032
7072
7076
7072
6984
7004
7056
6928
7032
6976
6968
7036
6984
6960
7132
6872
7044
6944
6912
6980
6940
6900
7060
6828
7056
6968
6904
7028
6836
6852
7048
6908
6976
6920
6848
7068
6868
6956
6896
6808
6916
7048
6820
7020
6856
6956
6956
6832
6864
6928
6812
6968
6804
6848
6972
6772
6892
6876
6820
6912
6828
6788
6920
6756
6924
6796
6788
6780
6836
6772
6896
6740
6860
6820
6848
6792
6792
6788
6848
6764
6784
6816
6796
6840
6768
6788
6720
6816
6728
6796
6720
6760
6728
6784
6656
6776
6640
6752
6720
6700
6720
6744
6680
6748
6636
6696
6780
6616
6744
6720
6728
6756
6648
6616
6780
6560
6760
6656
6652
6692
6636
6620
6784
6512
6736
6620
6568
6692
6560
6620
6700
6516
6644
6624
6520
6756
6512
6636
6640
6532
6620
6652
6504
6700
6476
6604
6604
6504
6580
6620
6500
6692
6484
6552
6636
6484
6612
6536
6484
6600
6516
6520
6640
6444
6580
6488
6516
6512
6504
6476
6612
6452
6604
6492
6504
6480
6464
6480
6512
6456
6444
6492
6460
6472
6440
6472
6404
6480
6396
6536
6468
6452
6436
6508
6428
6548
6392
6476
6452
6412
6456
6480
6404
6516
6380
6428
6468
6284
6400
6348
6392
6444
6420
6404
6532
6268
6480
6352
6376
6396
6316
6324
6500
6264
6432
6332
6304
6424
6280
6348
6420
6252
6404
6352
6284
6412
6200
6332
6376
6236
6260
6308
6208
6428
6208
6308
6316
6236
6328
6356
6200
6384
6244
6316
6316
6196
6268
6216
6220
6284
6224
6224
6360
6168
6308
6196
6296
6272
6248
6148
6264
6188
6328
6212
6232
6208
6272
6252
6264
6216
6196
6220
6208
6204
6184
6224
6148
6192
6108
6204
6144
6156
6136
6164
6112
6240
6060
6184
6152
6132
6168
6116
6056
6176
6084
6140
6204
6064
6180
6080
6068
6144
6056
6080
6208
5988
6216
6092
6120
6172
6036
6012
6156
5972
6204
6064
6012
6164
5992
6068
6140
5944
6128
6052
5952
6164
5908
6044
6068
6000
6032
6048
5916
6132
5888
6048
6056
5968
6016
6032
5936
6112
5932
5964
6056
5924
5980
5948
5964
6052
5972
5944
6056
5836
6004
5860
5972
5948
5988
5916
6036
5884
6004
5884
5944
5916
5952
5888
5964
5936
5972
5952
5984
5888
6016
5888
5948
5936
5832
5844
5936
5932
5888
5908
5812
5964
5808
5924
5860
5824
5908
5856
5816
5928
5780
5844
5912
5752
5916
5800
5844
5896
5812
5776
5932
5680
5948
5776
5812
5856
5708
5724
5948
5712
5916
5748
5764
5936
5764
5820
5860
5664
5872
5836
5720
5908
5640
5840
5816
5692
5756
5812
5708
5908
5620
5796
5804
5696
5744
5728
5680
5844
5676
5764
5812
5680
5784
5716
5700
5756
5712
5688
5788
5616
5764
5664
5752
5708
5708
5664
5780
5632
5740
5660
5732
5668
5676
5648
5652
5656
5648
5676
5688
5652
5644
5656
5608
5704
5540
5684
5620
5628
5636
5684
5600
5740
5516
5656
5616
5580
5668
5652
5544
5676
5536
5644
5676
5512
5660
5544
5592
5660
5528
5596
5720
5460
5700
5516
5584
5664
5528
5540
5692
5452
5676
5548
5516
5648
5460
5580
5628
5464
5600
5544
5464
5616
5404
5568
5536
5472
5576
5532
5428
5628
5404
5548
5532
5476
5504
5524
5464
5612
5456
5508
5528
5424
5540
5484
5500
5496
5464
5424
5524
5416
5544
5440
5464
5436
5496
5444
5532
5412
5428
5388
5476
5432
5460
5412
5440
5440
5400
5468
5448
5404
5436
5428
5372
5500
5288
5436
5428
5416
5392
5416
5372
5532
5284
5440
5380
5336
5432
5440
5360
5468
5288
5400
5424
5292
5468
5340
5340
5412
5288
5316
5404
5212
5412
5272
5304
5380
5268
5300
5416
5152
5432
5296
5288
5368
5208
5348
5360
5228
5372
5264
5228
5404
5152
5336
5252
5188
5248
5276
5196
5484
5212
5308
5280
5252
5320
5284
5208
5296
5188
5276
5324
5180
5212
5196
5240
5288
5260
5228
5260
5104
5272
5208
5284
5192
5192
5156
5284
5220
5216
5128
5212
5200
5244
5180
5220
5252
5200
5236
5220
5188
5204
5184
5100
5244
5108
5248
5128
5120
5180
5220
5108
5236
5036
5212
5172
5120
5224
5140
5136
5208
5032
5120
5184
5044
5204
5068
5100
5188
5048
5088
5184
4980
5228
5068
5100
5172
5064
5096
5180
4940
5204
5052
5092
5180
4984
5100
5140
5000
5152
5108
5052
5200
4972
5140
5052
5032
5116
5100
4992
5152
4932
5124
5096
5020
5052
5076
4980
5104
4960
5048
5068
4964
5040
5020
4988
5032
5028
4992
5092
4932
5032
4980
5056
4984
5028
4976
5068
4956
5040
4952
5048
4984
5048
4940
4988
4956
4952
4992
4972
4916
4976
4956
4904
5052
4868
5016
4936
4888
4924
5016
4888
5104
4784
5020
4940
4928
5004
4868
4916
5028
4856
4968
4980
4816
5024
4880
4908
4964
4860
4868
5016
4824
5036
4804
4908
4996
4864
4880
4956
4716
4992
4892
4860
4916
4756
4916
4912
4772
4900
4860
4832
5000
4768
4908
4880
4860
4856
4848
4748
4948
4736
4900
4828
4832
4836
4840
4772
4892
4760
4800
4800
4740
4824
4776
4780
4776
4784
4760
4864
4780
4848
4740
4828
4764
4812
4724
4832
4748
4784
4744
4800
4696
4780
4728
4784
4792
4680
4764
4756
4708
4760
4756
4716
4820
4648
4852
4764
4756
4760
4732
4668
4852
4748
5444
5964
6624
7540
8284
9132
10024
10536
11012
11124
11016
11292
11180
11300
11400
11296
11356
11436
11264
11520
11292
11384
11464
11388
11404
11480
11236
11488
11288
11324
11384
11236
11336
11332
11188
11360
11252
11188
11336
11080
11256
11156
11140
11204
11164
11068
11228
11000
11124
11044
11084
11128
11100
11052
11120
11052
11088
11060
10996
11072
11020
11052
11048
11092
11000
11052
10972
11068
10972
11020
10968
11084
10984
11068
10988
11012
10928
10988
10896
11000
10904
10936
10980
10896
10972
10924
10900
10980
10916
10832
10960
10752
10940
10828
10856
10932
10856
10788
10976
10724
10916
10792
10772
10924
10824
10800
10916
10716
10832
10788
10688
10916
10700
10764
10824
10728
10788
10828
10600
10904
10644
10712
10708
10636
10724
10756
10568
10804
10620
10684
10780
10624
10688
10680
10580
10760
10612
10600
10756
10600
10748
10636
10620
10672
10636
10544
10712
10496
10668
10548
10572
10676
10616
10524
10588
10520
10616
10560
10556
10540
10512
10552
10548
10552
10448
10508
10456
10580
10484
10524
10436
10536
10432
10524
10480
10516
10476
10460
10396
10592
10512
10436
10416
10320
10516
10452
10396
10388
10364
10328
10496
10272
10476
10348
10360
10444
10352
10316
10504
10228
10408
10316
10332
10448
10276
10216
10380
10240
10392
10356
10172
10392
10204
10304
10384
10272
10308
10332
10160
10392
10156
10256
10284
10144
10224
10300
10120
10304
10124
10176
10260
10144
10220
10180
10108
10276
10164
10132
10252
10032
10212
10140
10124
10152
10140
10048
10236
10052
10216
10096
10140
10124
10104
10036
10132
10024
10072
10060
10052
10080
10048
10060
10036
10080
9932
10052
9964
10084
9968
10048
9988
10132
9920
10032
9940
9972
9944
10016
9928
10048
9924
9976
9996
9908
10028
9948
9908
9984
9936
9844
10020
9796
10040
9888
9924
9932
9840
9808
10008
9692
10040
9852
9884
9892
9768
9800
9960
9720
9780
9812
9768
9960
9712
9800
9900
9780
9820
9804
9596
9888
9724
9796
9780
9680
9788
9844
9656
9832
9616
9712
9796
9628
9728
9712
9680
9764
9652
9644
9820
9596
9740
9620
9676
9668
9684
9628
9760
9576
9724
9588
9664
9608
9572
9608
9664
9604
9600
9600
9596
9604
9580
9608
9556
9612
9540
9632
9548
9596
9528
9600
9500
9576
9444
9540
9508
9500
9560
9612
9484
9600
9444
9500
9532
9424
9516
9476
9424
9536
9468
9440
9556
9292
9528
9388
9424
9488
9432
9416
9584
9324
9552
9388
9328
9448
9344
9392
9484
9284
9444
9404
9260
9448
9252
9360
9408
9300
9400
9436
9244
9480
9212
9352
9344
9244
9352
9396
9204
9420
9240
9308
9332
9212
9332
9320
9252
9372
9268
9244
9364
9148
9296
9180
9228
9220
9236
9168
9280
9128
9284
9196
9236
9192
9204
9180
9224
9160
9188
9172
9148
9148
9148
9188
9152
9192
9092
9176
9136
9160
9116
9160
9048
9176
9032
9168
9084
9064
9100
9128
9028
9148
9004
9056
9120
9008
9160
9084
9012
9044
8952
8996
9144
8920
9140
8972
8980
9064
9000
8980
9124
8832
9084
8920
8928
9056
8896
8972
9032
8828
9004
8988
8872
9040
8868
8980
8960
8860
8948
8984
8824
9052
8788
8936
8932
8856
8900
8892
8764
8960
8816
8904
8928
8744
8872
8848
8760
8880
8796
8828
8916
8772
8928
8812
8844
8808
8828
8780
8856
8700
8872
8728
8800
8740
8796
8776
8772
8732
8764
8844
8780
8660
8716
8796
8724
8792
8660
8768
8692
8708
8692
8732
8628
8796
8648
8776
8724
8700
8700
8708
8632
8772
8620
8644
8676
8544
8728
8644
8576
8652
8564
8592
8700
8468
8716
8524
8544
8628
8600
8588
8700
8396
8656
8544
8548
8640
8476
8556
8620
8456
8648
8536
8460
8620
8424
8580
8572
8468
8552
8532
8428
8688
8416
8552
8500
8468
8536
8548
8412
8600
8416
8524
8508
8344
8488
8436
8412
8484
8424
8436
8480
8316
8484
8368
8424
8396
8452
8416
8460
8344
8464
8344
8376
8328
8392
8332
8368
8352
8352
8340
8340
8384
8304
8332
8288
8436
8240
8420
8328
8384
8296
8384
8280
8428
8200
8400
8284
8256
8288
8284
8224
8352
8196
8280
8320
8160
8296
8168
8184
8268
8188
8236
8348
8088
8368
8188
8188
8240
8188
8128
8332
8048
8296
8104
8180
8200
8160
8184
8300
8068
8240
8156
8128
8248
8084
8244
8140
8056
8180
8164
8020
8200
7992
8188
8144
8060
8120
8128
8036
8196
8024
8140
8124
8016
8124
8076
8076
8176
8068
8040
8100
7976
8168
8044
8068
8020
8044
8024
8084
7932
8048
7988
8016
7964
8016
7928
7996
7984
7960
8004
7976
7960
7972
7984
7924
8024
7852
8004
7936
7940
7976
7988
7896
8000
7820
8000
7932
7896
7964
7936
7860
7996
7804
7924
7924
7812
7936
7872
7872
7952
7844
7884
7964
7736
7988
7780
7836
7920
7840
7844
7936
7664
7980
7800
7796
7900
7728
7808
7852
7692
7836
7724
7660
7848
7668
7860
7812
7708
7788
7796
7652
7848
7628
7784
7732
7732
7752
7752
7616
7792
7636
7740
7732
7644
7748
7704
7664
7760
7680
7700
7732
7616
7740
7664
7716
7668
7724
7640
7692
7564
7720
7644
7692
7600
7660
7600
7632
7628
7624
7624
7620
7548
7636
7600
7568
7664
7540
7668
7552
7556
7588
7612
7532
7652
7428
7604
7528
7528
7604
7560
7472
7600
7444
7584
7572
7464
7644
7548
7500
7576
7436
7536
7604
7400
7672
7468
7484
7560
7452
7528
7596
7348
7600
7452
7500
7540
7380
7484
7484
7332
7576
7452
7408
7520
7320
7488
7424
7348
7460
7424
