7362
7376
1844

740
740
588
776
620
684
648
640
668
728
532
728
584
652
652
636
668
696
624
700
652
640
660
628
696
664
688
664
744
628
732
644
732
640
724
616
804
668
676
656
700
672
724
620
736
688
656
740
684
716
704
608
652
744
564
776
604
692
696
644
720
752
532
764
588
688
724
572
696
696
564
756
644
636
760
568
796
712
664
752
668
584
764
536
784
676
640
712
636
576
776
588
772
708
660
752
672
704
764
596
676
688
596
768
636
700
696
692
740
748
548
716
568
696
676
664
692
704
652
728
708
676
656
604
636
660
700
632
716
632
696
644
684
604
692
588
784
692
736
716
668
612
692
620
716
676
624
732
660
680
700
604
664
700
568
776
592
684
708
660
716
752
564
796
616
700
744
632
736
712
600
788
652
656
768
588
756
616
564
708
664
616
780
524
760
664
628
708
636
560
752
540
720
672
608
768
656
640
732
612
680
684
588
828
684
688
652
604
680
748
556
744
652
708
664
656
668
716
648
708
656
672
716
700
684
644
680
632
720
652
728
672
748
668
732
624
760
604
640
676
684
640
688
584
708
688
636
752
636
676
676
628
712
752
588
800
572
672
692
636
692
700
556
812
612
704
708
604
732
704
568
780
596
660
752
568
756
656
640
760
676
628
756
532
728
664
636
708
664
656
768
596
800
704
628
772
664
660
724
604
732
716
528
752
664
724
696
696
708
764
616
704
556
688
728
744
664
652
648
704
652
628
620
676
748
676
696
636
748
624
656
660
688
644
712
544
716
636
696
680
652
648
752
616
744
676
628
748
636
688
716
628
700
704
552
776
564
688
700
656
732
756
540
788
596
688
732
620
748
692
584
780
596
632
728
524
748
676
612
728
680
640
756
580
760
696
620
676
704
656
832
548
776
676
628
692
576
652
720
624
684
704
612
792
664
696
664
684
668
732
572
768
628
692
636
672
656
688
628
692
700
696
676
676
692
636
668
588
720
640
704
700
720
664
752
588
780
636
652
688
680
696
764
592
784
660
612
708
604
688
660
576
676
692
588
800
580
732
676
632
728
700
540
776
552
700
728
608
732
680
604
792
636
696
764
564
816
692
640
712
668
604
712
524
780
652
648
692
668
644
744
572
736
640
636
748
628
620
660
612
640
680
600
804
604
672
664
716
672
724
604
748
636
728
628
644
636
708
632
664
684
684
660
672
660
668
716
624
772
692
752
700
684
596
732
584
784
596
652
712
668
652
724
568
704
648
620
780
676
732
732
604
736
716
628
844
584
736
692
596
716
716
588
804
588
744
740
604
752
668
588
788
604
672
756
568
796
660
628
744
640
628
744
544
800
620
620
700
636
632
736
572
740
664
656
752
656
704
748
684
704
724
600
752
628
680
644
696
692
740
576
736
632
688
636
688
660
692
636
652
712
700
656
668
704
732
744
628
744
632
708
692
672
632
736
580
768
616
676
760
684
648
668
600
788
668
608
768
612
660
668
620
744
708
588
728
588
728
684
604
732
680
600
804
588
700
700
580
752
664
588
764
604
692
728
552
752
636
652
736
656
636
744
564
764
616
624
708
652
696
724
616
744
660
572
704
668
700
704
644
716
756
612
740
612
744
704
716
660
736
624
740
600
636
572
680
648
688
608
640
684
664
612
664
708
716
740
616
784
656
688
664
668
636
720
544
764
596
676
700
632
640
720
568
764
636
596
748
616
696
716
628
732
704
564
804
588
724
700
648
728
680
564
800
540
712
700
600
744
656
584
764
596
692
748
552
800
652
676
744
644
620
764
568
828
588
716
696
652
644
700
484
804
652
688
692
636
668
688
680
704
752
636
744
588
664
636
664
644
704
664
784
704
708
660
704
684
716
624
636
688
636
652
672
636
628
700
576
768
624
620
660
632
640
728
628
768
636
636
712
636
680
672
596
796
696
660
792
612
692
664
588
736
692
576
784
588
736
712
636
756
684
572
784
580
696
712
616
748
676
572
756
596
688
732
556
772
652
688
748
668
648
740
548
756
624
664
684
676
656
724
620
736
624
652
716
660
668
636
628
620
668
628
748
660
684
600
680
692
732
588
692
676
748
648
704
592
660
660
648
688
636
688
752
676
676
716
556
740
588
676
728
700
668
724
576
808
628
624
684
604
680
732
572
752
632
640
800
624
696
636
580
736
696
632
824
552
720
712
700
844
816
716
948
748
892
864
744
884
824
768
916
764
820
872
736
952
776
832
904
812
820
904
704
908
756
832
864
844
824
856
780
916
860
832
880
812
836
792
816
832
860
760
864
780
836
784
840
804
892
780
844
804
804
796
872
792
872
844
788
876
788
788
900
824
804
876
744
940
772
816
844
796
840
892
708
956
804
852
864
744
828
892
764
940
804
832
940
784
852
820
760
936
824
780
952
748
884
840
772
868
848
768
948
728
908
848
768
904
804
764
872
748
828
856
724
924
772
844
880
808
816
900
764
956
756
776
852
876
836
852
744
852
820
800
820
756
868
876
824
784
844
780
868
756
804
804
896
792
860
752
844
796
816
728
892
804
860
788
760
852
820
788
832
776
828
868
752
936
804
880
864
792
824
892
740
984
740
788
856
772
844
840
712
956
792
824
928
740
880
796
724
844
772
684
916
700
880
792
748
844
780
732
932
712
908
812
780
908
808
780
892
728
828
832
740
932
736
812
840
784
800
864
712
928
748
812
824
852
748
920
748
940
808
820
756
908
828
828
812
804
872
772
808
788
872
824
812
740
848
752
832
800
828
792
908
776
868
792
796
848
776
768
844
784
848
860
732
900
728
816
836
780
812
860
720
948
712
844
884
768
884
856
728
912
748
768
908
744
908
796
780
904
812
752
948
700
884
740
748
860
792
728
900
668
884
828
804
904
788
748
884
768
864
828
732
908
740
804
828
772
812
880
764
924
748
828
816
844
832
864
764
852
764
792
780
812
816
808
800
760
812
776
820
752
828
780
868
740
860
776
832
804
864
772
892
768
856
812
756
860
748
768
868
780
824
836
728
956
760
804
832
732
780
856
724
984
704
804
852
736
844
856
724
928
744
844
936
732
852
764
716
848
788
764
908
668
904
784
768
860
792
708
916
700
876
776
760
896
796
808
892
724
820
820
704
876
732
792
808
764
792
820
716
876
732
792
788
848
796
832
772
852
808
836
812
772
780
796
796
752
792
704
792
780
812
736
836
740
868
744
832
820
792
752
832
724
812
744
740
860
768
808
856
744
808
804
724
924
708
820
844
804
828
784
676
972
700
828
800
780
828
820
676
940
716
820
892
740
892
808
736
836
732
764
900
668
892
740
796
860
780
728
904
716
868
748
756
900
800
812
876
768
868
828
740
900
704
728
764
796
796
836
712
908
744
816
728
756
764
828
736
796
780
836
828
796
740
768
840
792
828
744
840
828
820
780
860
720
820
712
764
820
800
744
820
728
844
800
736
872
740
788
836
732
824
796
684
912
660
780
784
752
828
844
704
964
724
828
824
744
852
844
716
900
692
764
876
716
920
812
768
892
748
732
900
684
900
756
752
828
764
732
888
700
860
756
756
844
728
768
840
716
804
820
740
860
756
804
804
800
772
824
732
872
744
832
800
808
752
780
772
800
720
792
748
836
768
764
840
760
880
708
828
788
812
736
852
764
916
764
796
808
796
772
892
712
868
800
800
864
716
784
824
748
848
788
696
868
640
776
776
708
800
812
700
944
672
796
780
680
820
836
720
896
724
796
872
696
856
764
752
868
752
748
876
688
872
720
756
816
776
764
880
688
844
728
772
860
732
764
848
756
832
780
732
856
708
776
768
812
796
844
744
868
764
848
784
828
724
768
720
772
776
764
780
816
800
796
812
760
804
744
800
804
780
752
876
732
864
708
772
804
752
748
860
668
832
772
804
876
696
756
844
768
876
816
716
936
720
816
764
708
824
828
668
920
656
784
812
740
864
788
668
820
672
784
876
680
824
700
784
864
724
712
856
652
868
732
764
808
716
684
836
680
844
728
732
848
752
780
844
728
804
804
756
904
728
796
772
796
724
772
712
844
724
812
792
852
768
832
784
828
768
776
764
800
740
776
828
712
796
704
772
784
768
748
828
688
852
704
772
792
752
764
844
684
888
764
748
832
720
768
796
724
856
800
712
884
664
792
792
804
820
796
696
968
620
804
752
720
800
776
720
904
700
780
792
688
884
712
760
868
768
768
848
640
876
712
768
772
748
744
888
668
832
732
768
824
728
676
780
784
820
744
688
860
744
800
736
796
796
872
740
816
732
860
756
776
692
796
824
840
800
748
748
836
748
740
788
732
856
700
764
824
748
716
812
668
884
692
732
760
764
800
856
692
832
744
776
860
704
764
816
700
788
720
652
872
668
828
772
740
832
792
680
908
628
828
792
716
840
748
732
916
680
776
804
712
856
744
748
812
704
708
820
636
836
676
748
796
752
708
808
660
824
704
772
804
748
784
796
736
788
800
748
832
852
1080
1240
1464
1592
1848
1980
2264
2328
2548
2520
2636
2560
2620
2596
2616
2632
2628
2652
2632
2620
2636
2636
2564
2664
2496
2708
2604
2612
2572
2644
2476
2684
2520
2580
2648
2568
2608
2616
2420
2700
2532
2576
2632
2496
2612
2604
2456
2592
2556
2508
2680
2428
2620
2576
2520
2612
2588
2504
2712
2440
2652
2596
2492
2620
2556
2520
2652
2452
2604
2580
2464
2644
2508
2552
2620
2524
2608
2660
2432
2632
2468
2572
2572
2524
2512
2556
2416
2568
2464
2504
2520
2448
2516
2548
2504
2544
2544
2496
2568
2528
2604
2520
2524
2496
2564
2504
2572
2492
2556
2476
2580
2476
2564
2472
2464
2536
2532
2532
2552
2484
2536
2524
2400
2572
2464
2500
2488
2448
2476
2540
2376
2612
2404
2488
2500
2412
2444
2508
2352
2556
2460
2460
2556
2392
2508
2472
2428
2540
2412
2376
2600
2376
2564
2456
2396
2532
2520
2432
2568
2292
2540
2492
2432
2560
2476
2404
2520
2336
2504
2492
2316
2480
2364
2464
2512
2412
2424
2504
2336
2556
2404
2436
2428
2408
2440
2536
2384
2504
2396
2404
2444
2460
2468
2476
2392
2444
2444
2404
2448
2380
2476
2388
2468
2420
2460
2360
2448
2392
2476
2420
2492
2356
2472
2428
2416
2412
2380
2388
2424
2404
2460
2420
2332
2492
2336
2452
2444
2372
2428
2456
2288
2492
2332
2428
2464
2376
2452
2444
2256
2472
2308
2356
2448
2340
2480
2416
2316
2416
2364
2272
2488
2236
2484
2340
2332
2392
2408
2300
2504
2264
2504
2364
2304
2428
2364
2316
2456
2304
2416
2348
2240
2484
2340
2404
2380
2292
2324
2388
2224
2456
2280
2332
2368
2348
2256
2376
2276
2444
2324
2340
2376
2364
2364
2360
2300
2348
2432
2340
2352
2268
2392
2344
2340
2256
2380
2332
2384
2308
2352
2308
2416
2268
2384
2284
2324
2376
2344
2284
2356
2296
2384
2340
2212
2412
2252
2328
2324
2300
2344
2356
2200
2448
2264
2356
2320
2248
2328
2368
2224
2436
2268
2316
2384
2216
2364
2304
2224
2368
2304
2260
2396
2168
2372
2276
2212
2324
2284
2204
2432
2172
2368
2268
2216
2352
2272
2260
2376
2196
2364
2292
2164
2376
2248
2276
2300
2292
2304
2376
2164
2376
2196
2276
2284
2272
2292
2320
2220
2316
2256
2300
2288
2252
2244
2280
2224
2268
2300
2240
2300
2240
2280
2264
2300
2212
2316
2212
2300
2252
2268
2172
2284
2164
2288
2200
2196
2264
2252
2260
2308
2176
2264
2288
2104
2396
2140
2272
2196
2164
2164
2352
2120
2356
2148
2236
2256
2184
2288
2288
2176
2400
2176
2216
2220
2152
2264
2224
2104
2324
2196
2176
2292
2048
2272
2176
2132
2252
2216
2188
2328
2048
2268
2184
2144
2272
2172
2116
2240
2124
2260
2212
2092
2272
2148
2212
2232
2148
2204
2244
2104
2276
2112
2196
2200
2236
2220
2248
2124
2232
2168
2160
2188
2152
2188
2196
2200
2172
2204
2140
2232
2204
2244
2176
2232
2128
2236
2144
2156
2160
2204
2104
2172
2064
2228
2176
2164
2192
2116
2116
2172
2076
2180
2144
2088
2284
2104
2176
2156
2104
2172
2192
2044
2280
2076
2196
2216
2116
2224
2216
2024
2256
2108
2164
2232
2080
2256
2164
2088
2268
2160
2100
2240
2092
2272
2092
2080
2180
2148
2064
2232
2028
2212
2096
2104
2184
2076
2072
2212
2044
2188
2156
2056
2192
2072
2124
2148
2120
2116
2100
2040
2232
2076
2140
2104
2152
2112
2156
2064
2172
2068
2096
2112
2180
2140
2096
2064
2060
2140
2100
2148
2068
2092
2072
2176
2088
2176
2024
2096
2116
2140
2076
2176
2016
2132
2024
2052
2140
2060
2048
2156
2040
2160
2140
2032
2204
2012
2120
2168
2052
2092
2124
2028
2240
1980
2120
2112
2032
2120
2120
2040
2200
1972
2044
2140
1992
2164
2028
2024
2108
2044
2024
2188
1912
2160
2004
2076
2132
2048
2016
2184
1920
2140
2036
2004
2088
1988
2032
2116
1972
2100
2032
1964
2156
1996
2088
2092
1996
1988
2112
2032
2132
1968
2100
2120
2124
2028
2052
1996
2116
2032
2004
2016
2116
2084
2052
2008
2024
2088
2040
2020
1988
2076
2044
2076
1936
2084
2008
2072
2012
2020
1996
2120
1940
2072
1968
2048
2068
1972
1988
2060
1932
2044
2012
1932
2148
1948
2028
2028
1972
2056
2036
1896
2164
1916
2112
2084
1948
2020
2024
1920
2132
1920
2044
2104
1932
2072
1972
1948
2040
1912
1976
2120
1908
2092
1932
1976
2028
2004
1928
2048
1836
2040
1960
1960
2032
1936
1952
2064
1924
2024
1988
1928
2080
1920
2012
2044
2004
1988
2028
1916
2036
1884
2028
1988
2044
1972
2048
1952
2000
1916
1964
1944
1976
1940
1960
1996
1924
1996
1924
2024
1996
2000
1988
2040
1856
2012
1888
1976
1972
1964
1940
2036
1900
2040
1940
1944
1996
1888
1976
2028
1908
2008
1984
1912
2064
1872
1984
1956
1916
1948
2004
1804
1992
1760
1952
1996
1844
1988
1932
1868
2060
1828
1976
2040
1880
2044
1908
1876
2000
1936
1928
2036
1808
2032
1880
1916
1968
1916
1916
2040
1868
2060
1932
1940
1988
1900
1944
2004
1840
1976
1944
1912
1996
1840
1912
1932
1972
1916
1952
1844
1976
1828
1960
1872
1932
1860
1928
1908
1948
1912
1900
1908
1928
1912
1912
1940
1880
1948
1884
1908
1884
1860
1876
1980
1852
2020
1872
1924
1936
1916
1876
1956
1772
1948
1884
1908
1956
1832
1856
1924
1828
1928
1884
1816
1988
1760
1964
1960
1880
1940
1908
1760
2040
1800
1968
1948
1808
1916
1900
1804
1984
1772
1920
1940
1792
1984
1852
1848
1968
1840
1884
1960
1768
2000
1896
1880
1936
1872
1856
1956
1732
1940
1856
1900
1916
1832
1868
1956
1844
1900
1820
1844
1956
1848
1896
1860
1852
1824
1900
1832
1932
1788
1876
1820
1904
1820
1884
1812
1864
1836
1880
1836
1856
1776
1832
1884
1840
1876
1768
1800
1848
1836
1828
1876
1764
1924
1808
1884
1868
1804
1816
1900
1736
1932
1804
1828
1884
1764
1820
1880
1740
1852
1804
1756
1932
1708
1860
1812
1772
1892
1856
1748
1956
1720
1924
1884
1788
1904
1836
1764
1908
1680
1824
1856
1732
1920
1788
1800
1864
1748
1800
1916
1732
1904
1732
1800
1836
1820
1808
1868
1668
1864
1812
1876
1868
1724
1724
1876
1736
1852
1812
1744
1792
1720
1864
1916
1900
1752
1780
1744
1928
1824
1836
1744
1828
1784
1836
1740
1784
1788
1828
1788
1808
1724
1792
1852
1744
1832
1776
1788
1820
1756
1796
1892
1708
1864
1716
1788
1820
1792
1752
1832
1660
1916
1756
1772
1764
1668
1796
1872
1728
1812
1792
1696
1900
1636
1800
1796
1728
1796
1776
1692
1920
1596
1788
1788
1708
1820
1788
1688
1868
1644
1784
1836
1692
1868
1780
1772
1840
1700
1748
1808
1660
1852
1712
1780
1808
1744
1716
1820
1656
1808
1708
1736
1768
1732
1748
1796
1692
1740
1736
1704
1812
1712
1792
1776
1760
1736
1796
1704
1772
1704
1792
1720
1788
1716
1788
1744
1760
1752
1736
1732
1788
1708
1768
1760
1660
1816
1728
1768
1764
1692
1700
1800
1640
1828
1644
1740
1760
1668
1720
1784
1604
1808
1688
1748
1796
1616
1748
1760
1660
1816
1756
1668
1852
1652
1812
1780
1644
1788
1676
1652
1876
1552
1784
1724
1608
1848
1720
1696
1788
1592
1748
1732
1592
1760
1652
1704
1748
1616
1636
1780
1572
1820
1660
1764
1756
1696
1648
1776
1592
1724
1620
1704
1744
1656
1680
1724
1652
1732
1692
1648
1716
1640
1740
1740
1748
1656
1708
1640
1760
1600
1704
1632
1716
1600
1744
1652
1672
1680
1724
1668
1720
1616
1688
1696
1612
1748
1672
1712
1720
1668
1664
1704
1588
1796
1616
1704
1708
1656
1708
1760
1556
1764
1628
1692
1736
1584
1676
1708
1580
1740
1672
1628
1740
1500
1688
1652
1644
1724
1692
1596
1804
1528
1760
1676
1580
1676
1644
1604
1760
1560
1708
1736
1596
1764
1648
1648
1700
1596
1652
1732
1564
1732
1580
1660
1668
1604
1584
1724
1552
1704
1596
1708
1692
1572
1576
1680
1656
1672
1664
1624
1668
1604
1708
1676
1684
1656
1692
1644
1708
1628
1676
1600
1720
1624
1736
1648
1604
1608
1664
1676
1728
1568
1644
1680
1588
1716
1568
1632
1628
1572
1652
1732
1528
1696
1520
1636
1640
1580
1608
1616
1516
1704
1572
1624
1664
1516
1672
1704
1576
1708
1628
1572
1756
1508
1712
1624
1564
1656
1644
1576
1764
1480
1712
1600
1532
1636
1596
1572
1720
1512
1644
1652
1512
1676
1536
1612
1672
1576
1624
1684
1532
1692
1540
1620
1600
1576
1584
1660
1524
1656
1568
1612
1600
1608
1640
1676
1564
1540
1524
1588
1700
1580
1620
1584
1652
1604
1652
1532
1644
1580
1624
1516
1636
1548
1644
1584
1556
1592
1596
1564
1600
1496
1604
1624
1532
1668
1564
1628
1636
1548
1552
1624
1492
1720
1516
1624
1608
1560
1604
1640
1508
1704
1508
1580
1672
1528
1688
1628
1496
1680
1572
1528
1668
1424
1676
1612
1512
1612
1544
1548
1732
1448
1644
1612
1540
1636
1556
1532
1676
1464
1612
1588
1532
1676
1540
1556
1576
1492
1568
1608
1456
1632
1532
1620
1556
1528
1500
1604
1500
1624
1532
1580
1568
1564
1576
1624
1564
1560
1572
1520
1608
1544
1556
1520
1608
1520
1612
1556
1584
1528
1576
1516
1576
1404
1532
1528
1544
1596
1556
1500
1588
1476
1580
1600
1456
1596
1492
1592
1592
1520
1568
1608
1432
1672
1440
1516
1552
1464
1584
1624
1456
1648
1460
1540
1596
1464
1572
1576
1480
1608
1516
1472
1624
1372
1608
1520
1484
1540
1528
1452
1668
1408
1552
1588
1452
1596
1484
1500
1564
1492
1536
1548
1432
1556
1468
1532
1536
1468
1548
1640
1436
1588
1404
1556
1524
1508
1476
1580
1488
1592
1472
1524
1532
1528
1492
1516
1480
1520
1528
1504
1540
1484
1548
1516
1548
1448
1568
1456
1504
1476
1532
1504
1584
1412
1584
1484
1488
1536
1500
1452
1532
1404
1560
1564
1456
1580
1440
1524
1524
1404
1504
1528
1400
1652
1424
1548
1516
1448
1472
1540
1388
1592
1416
1500
1532
1412
1560
1520
1432
1528
1452
1444
1612
1368
1568
1476
1464
1556
1472
1404
1620
1396
1564
1476
1424
1516
1424
1432
1560
1388
1512
1496
1436
1548
1436
1512
1532
1452
1492
1540
1416
1572
1432
1528
1468
1516
1476
1560
1444
1528
1484
1512
1484
1496
1452
1472
1516
1476
1468
1436
1504
1484
1476
1472
1520
1424
1548
1476
1504
1440
1492
1436
1524
1392
1556
1436
1392
1460
1452
1480
1556
1372
1468
1488
1408
1588
1388
1500
1512
1420
1512
1520
1328
1552
1360
1512
1516
1424
1508
1528
1356
1564
1456
1476
1532
1356
1580
1500
1460
1512
1436
1424
1596
1336
1568
1440
1428
1488
1444
1396
1572
1336
1540
1428
1412
1516
1424
1440
1500
1340
1496
1452
1364
1516
1384
1524
1480
1396
1412
1404
1340
1564
1452
1492
1364
1396
1452
1588
1428
1448
1324
1460
1460
1420
1460
1476
1452
1340
1436
1448
1528
1464
1428
1364
1524
1404
1532
1364
1372
1412
1452
1360
1444
1328
1508
1400
1368
1436
1356
1420
1504
1400
1484
1460
1360
1532
1356
1476
1472
1380
1456
1536
1368
1576
1284
1420
1432
1328
1456
1428
1300
1484
1332
1464
1532
1372
1472
1392
1344
1460
1368
1408
1544
1300
1512
1404
1384
1476
1420
1368
1496
1312
1552
1416
1364
1436
1380
1408
1472
1308
1444
1452
1408
1476
1332
1420
1428
1380
1360
1428
1340
1492
1364
1476
1380
1404
1348
1428
1356
1464
1404
1468
1388
1384
1356
1396
1388
1332
1408
1372
1428
1420
1396
1384
1440
1292
1428
1356
1408
1404
1376
1324
1424
1256
1416
1312
1324
1428
1368
1412
1460
1320
1472
1436
1352
1464
1332
1448
1436
1340
1436
1424
1308
1544
1268
1428
1416
1340
1456
1428
1300
1540
1300
1420
1416
1296
1420
1396
1340
1456
1340
