9933
9959
2489

604
604
816
560
844
688
668
756
612
620
816
628
780
724
652
788
668
712
732
632
732
768
616
816
672
748
672
624
644
780
636
744
600
720
724
668
692
736
648
732
732
724
752
660
724
700
732
656
712
668
740
644
764
624
792
592
772
664
676
616
732
688
780
676
724
716
660
764
600
728
756
644
696
696
608
788
644
712
668
600
716
764
588
812
648
760
800
656
772
748
660
800
664
688
828
604
796
712
684
768
696
652
812
564
868
752
656
772
712
716
796
588
736
720
648
804
624
684
720
656
724
768
616
752
596
744
760
740
672
740
608
808
704
728
684
668
740
764
684
704
652
660
756
716
744
696
732
664
792
724
756
676
724
676
800
664
796
712
692
756
728
712
740
636
764
756
660
780
620
744
696
644
720
764
616
792
600
744
704
652
700
744
600
804
644
716
732
612
760
732
632
756
636
664
796
564
768
680
684
780
696
632
816
572
840
712
640
740
672
712
828
620
768
672
648
784
604
708
688
652
728
804
656
784
612
776
732
720
724
772
636
772
636
716
708
716
700
740
660
688
696
712
716
692
764
720
752
668
724
668
748
708
740
668
740
584
744
668
708
704
688
700
748
596
724
692
652
796
632
732
744
676
764
788
608
812
584
716
700
644
728
732
620
796
608
716
764
636
772
708
644
772
668
744
812
588
796
692
668
772
700
684
832
568
796
700
700
776
684
708
772
552
748
696
620
748
604
716
724
652
732
728
608
760
624
724
668
688
668
720
616
724
632
700
680
692
656
708
648
692
700
676
736
692
704
648
740
664
744
660
736
668
688
620
708
612
764
652
676
736
676
644
716
616
812
712
636
748
624
764
752
612
732
748
608
744
536
760
712
636
720
744
668
828
588
724
732
624
780
672
632
772
636
704
748
536
808
680
684
760
612
632
820
564
776
604
704
752
684
644
732
572
812
724
636
720
636
756
732
684
724
752
636
716
576
752
700
728
656
740
636
752
644
716
636
672
648
712
664
692
712
704
736
688
700
664
724
628
768
676
752
692
704
668
764
612
812
624
732
708
744
684
752
600
780
748
612
788
604
768
732
624
748
740
668
860
596
760
700
672
756
732
636
836
608
748
756
628
764
688
680
792
676
744
784
612
812
688
692
732
640
696
808
576
804
672
708
704
608
736
780
584
720
648
720
832
660
720
668
668
732
716
620
744
620
724
632
676
668
688
640
760
740
772
660
700
664
756
700
664
672
660
692
732
724
708
712
604
764
672
740
652
676
652
764
636
820
624
652
688
636
704
708
584
724
624
636
768
584
764
708
664
764
736
628
820
576
752
656
636
764
712
616
796
608
832
736
600
740
704
688
812
620
692
748
572
820
692
740
764
660
664
760
568
828
668
716
748
672
744
792
612
804
704
676
744
612
704
696
676
728
728
660
796
648
724
652
724
700
768
672
788
676
744
676
716
652
716
664
660
716
732
744
700
708
716
736
628
788
664
732
712
728
716
764
556
764
680
740
748
648
696
752
636
804
692
668
756
604
764
724
648
776
736
636
828
556
800
716
668
764
744
644
796
596
784
740
628
772
712
668
764
636
704
784
612
788
640
672
736
668
712
792
580
804
640
700
712
668
700
736
588
760
684
728
740
632
704
696
684
704
720
644
736
600
728
616
708
628
760
672
732
704
744
696
720
636
712
700
672
712
672
712
748
732
724
716
584
744
600
744
720
704
664
764
572
764
636
724
748
664
720
780
616
788
676
696
784
604
736
676
648
764
696
652
836
608
812
672
636
772
740
700
852
628
796
676
620
800
708
688
764
540
708
780
648
788
604
700
764
708
692
748
612
884
684
684
704
696
728
752
612
776
752
728
732
652
724
704
672
644
684
688
772
652
728
668
780
684
748
652
696
688
716
684
716
648
736
664
636
736
668
700
684
640
708
716
636
756
628
704
716
708
668
740
600
804
636
720
748
620
712
740
552
752
624
616
856
616
844
644
644
792
732
636
772
560
820
700
648
720
660
632
836
608
796
704
652
804
704
720
764
616
736
748
584
760
620
720
740
656
716
772
596
788
636
712
732
696
708
768
688
804
724
740
796
628
700
688
728
720
760
676
712
624
764
636
680
624
772
684
748
708
736
668
704
624
772
728
684
716
668
732
720
636
668
712
648
816
644
732
688
676
716
768
588
796
620
716
716
612
732
712
588
776
652
688
764
584
800
708
652
776
708
688
836
540
824
684
664
736
676
628
812
572
816
692
648
764
636
652
744
644
716
700
620
812
612
680
704
660
712
776
596
832
628
740
676
704
724
764
624
748
684
696
712
656
716
668
692
700
724
644
716
668
764
704
708
604
752
652
708
732
756
696
732
620
764
684
660
740
652
696
744
684
732
760
648
824
680
760
680
644
728
744
596
792
628
700
720
656
728
720
616
812
680
692
760
580
772
692
672
776
676
660
820
580
796
636
636
744
676
656
800
604
784
640
624
740
644
664
744
668
736
736
620
788
640
748
748
676
700
764
608
796
620
724
696
704
732
780
656
780
652
736
764
696
720
688
680
668
736
656
712
640
724
652
708
612
744
628
676
688
704
676
732
620
780
664
684
724
624
700
720
684
676
696
624
816
664
796
748
704
764
784
612
812
628
744
716
656
744
712
600
800
604
680
760
584
792
692
668
740
692
668
812
532
768
616
692
804
688
672
828
564
796
676
652
752
652
720
788
624
744
696
572
812
664
704
692
676
756
788
604
772
636
760
716
656
652
724
664
764
656
712
704
680
692
656
684
708
760
684
704
692
736
616
700
604
760
660
708
672
704
700
748
596
776
676
688
768
684
732
728
652
736
684
588
732
592
772
708
648
720
764
588
796
568
688
688
620
736
708
684
772
672
664
780
540
784
600
728
772
684
652
756
564
828
620
636
764
716
716
808
588
800
664
648
744
676
740
764
636
732
728
624
764
636
724
712
692
696
780
620
784
632
732
696
716
708
732
684
776
712
696
672
704
704
636
668
708
764
620
684
716
756
664
720
572
768
684
740
704
700
688
780
628
768
692
668
740
668
768
740
616
692
696
676
884
624
728
672
680
780
744
612
804
532
712
680
628
760
668
616
800
656
740
740
536
804
688
660
756
632
684
816
600
860
620
680
696
652
676
780
560
764
640
684
760
640
660
704
668
784
748
612
764
644
772
732
716
684
668
584
788
696
760
652
644
680
740
712
768
656
680
688
704
744
732
724
628
676
636
692
652
704
636
728
604
760
660
700
676
684
704
720
612
812
684
652
760
644
716
676
624
756
704
640
804
644
772
696
636
724
688
600
804
564
768
724
668
768
720
604
796
636
712
748
604
804
652
664
748
652
676
748
524
784
644
700
764
692
700
788
564
788
656
672
760
648
696
708
640
740
712
664
752
640
728
716
736
716
712
580
768
668
768
680
736
684
724
636
720
716
700
656
668
696
696
688
628
756
652
716
684
688
640
732
604
772
656
700
728
704
684
756
556
796
652
720
720
632
664
708
628
792
668
620
776
624
776
684
636
748
700
612
860
616
752
676
596
776
704
660
796
628
672
732
564
796
592
664
804
668
724
792
508
780
636
680
684
628
688
788
596
788
636
692
756
656
700
756
692
772
692
656
764
644
712
648
712
752
764
576
708
632
728
692
716
696
724
636
684
668
716
704
704
692
696
716
636
716
624
708
736
708
640
736
592
776
612
708
696
668
680
764
660
828
656
672
752
608
720
684
600
752
720
664
828
596
756
660
628
724
692
584
812
604
764
696
644
772
680
628
824
640
752
780
588
844
664
736
748
628
636
768
600
792
648
656
744
668
684
752
604
800
676
676
744
648
716
716
672
708
692
632
760
668
692
624
700
684
740
676
792
636
716
648
748
712
752
664
732
724
708
708
704
712
664
704
632
764
636
660
700
776
732
748
596
816
684
680
708
660
668
756
604
768
628
696
824
672
768
740
656
760
700
648
872
604
740
648
624
784
732
584
764
548
732
708
632
764
692
632
796
644
764
752
576
780
616
692
752
640
664
776
624
880
672
688
716
672
688
728
556
772
648
676
736
668
728
676
676
748
748
640
760
668
748
640
704
700
752
644
744
676
732
632
676
636
720
640
700
728
684
664
720
720
700
676
628
756
636
692
688
696
668
716
588
816
604
676
700
692
712
748
612
764
624
664
736
584
764
724
652
776
712
640
836
604
800
704
692
760
716
644
840
588
796
680
664
780
692
660
800
640
732
732
608
816
672
688
756
692
676
748
540
796
612
684
688
652
684
756
600
756
636
648
744
664
708
676
660
688
680
624
724
648
724
668
744
676
752
624
732
676
692
660
780
696
740
676
708
724
656
660
688
660
716
736
648
792
660
724
728
716
664
760
588
808
628
740
732
700
688
756
580
784
628
684
796
660
756
696
628
760
688
660
852
620
788
668
648
764
700
616
800
596
788
708
644
760
680
692
780
636
772
756
588
840
700
732
760
660
696
776
600
876
904
1472
1792
2008
2164
2392
2424
2740
2716
2860
3020
3052
3156
3156
3156
3216
3208
3156
3212
3140
3240
3196
3228
3176
3256
3184
3292
3188
3180
3148
3252
3168
3200
3104
3132
3188
3164
3160
3176
3176
3224
3192
3064
3260
3160
3196
3136
3100
3140
3224
3016
3220
3068
3144
3184
3068
3128
3136
3036
3236
3076
3084
3176
3012
3160
3124
3048
3192
3072
3028
3188
2952
3216
3068
3032
3128
3092
3064
3204
2988
3192
3084
3028
3152
3060
3040
3116
2956
3064
3140
3000
3180
3024
3064
3120
3060
3072
3160
2920
3140
3068
3112
3164
3024
3068
3100
2984
3136
2992
3072
3100
3056
3044
3012
3008
3036
3100
2992
3044
3016
3100
3020
3068
3028
3104
2988
3056
3016
3064
2984
3036
2932
3072
3004
3004
3036
2964
3004
3036
2984
3040
3040
2960
3144
2964
3060
3068
2984
3036
3072
2872
3108
2944
3048
3020
2908
3024
3044
2944
3164
2964
2968
3080
2912
3080
2996
2912
3068
2956
2940
3088
2844
3052
2908
2948
3100
3008
2916
3040
2844
3092
2984
2908
3020
2908
2912
3052
2884
2968
2948
2856
3112
2956
3012
3052
2980
2976
3028
2872
3124
2900
2964
2984
2956
2956
2964
2840
2984
2904
2940
2948
2884
2948
2908
2912
2940
2964
2892
2940
2888
2964
2872
2972
2856
2948
2868
2940
2876
2908
2868
2956
2876
2984
2880
2880
2956
2876
2920
2948
2892
2928
2940
2812
3016
2844
2920
2904
2892
2892
2912
2768
2980
2788
2892
2932
2820
2900
2884
2784
2988
2828
2864
2968
2812
2940
2852
2840
2964
2840
2840
3004
2740
2976
2860
2904
2988
2916
2864
3000
2764
2936
2852
2860
2976
2828
2816
2936
2836
2904
2920
2760
2952
2780
2860
2872
2824
2852
2876
2744
2952
2792
2852
2816
2824
2824
2844
2772
2896
2780
2808
2824
2800
2816
2812
2828
2824
2816
2756
2832
2812
2872
2800
2868
2728
2860
2772
2852
2840
2820
2800
2900
2796
2900
2812
2756
2812
2712
2792
2816
2776
2808
2860
2732
2924
2720
2868
2776
2780
2804
2844
2656
2892
2688
2792
2808
2736
2816
2804
2704
2972
2856
2788
2680
2356
2616
2816
3036
3172
2828
2548
2524
2424
2928
2964
2968
2916
2672
2636
2868
2648
2816
2664
2544
2780
2876
2952
2940
2732
2756
2684
2580
2768
2592
2752
2812
2812
2728
2756
2640
2856
2636
2724
2744
2788
2764
2768
2636
2712
2636
2684
2728
2732
2772
2660
2680
2700
2772
2804
2856
2800
2772
2660
2728
2596
2716
2624
2772
2792
2772
2700
2732
2600
2720
2660
2680
2768
2660
2716
2756
2700
2728
2668
2620
2760
2540
2700
2736
2724
2776
2748
2588
2788
2580
2684
2676
2672
2788
2776
2600
2788
2588
2656
2740
2564
2764
2656
2672
2768
2628
2584
2740
2540
2724
2556
2616
2688
2600
2564
2700
2532
2764
2620
2608
2732
2640
2684
2692
2560
2688
2676
2564
2708
2572
2644
2652
2616
2640
2632
2616
2756
2620
2684
2660
2572
2668
2644
2640
2684
2592
2640
2668
2652
2612
2572
2628
2608
2624
2588
2648
2620
2648
2532
2624
2548
2684
2540
2576
2612
2608
2608
2688
2528
2636
2536
2572
2608
2500
2608
2632
2580
2648
2620
2544
2712
2512
2668
2620
2596
2660
2652
2536
2716
2500
2596
2628
2544
2588
2588
2572
2744
2440
2524
2628
2524
2672
2548
2504
2640
2536
2560
2632
2396
2640
2476
2548
2632
2552
2532
2604
2436
2692
2540
2516
2544
2472
2516
2664
2528
2544
2480
2472
2696
2540
2612
2568
2512
2556
2616
2500
2644
2496
2568
2524
2568
2540
2556
2452
2556
2544
2596
2576
2520
2500
2496
2556
2516
2536
2452
2508
2520
2524
2464
2536
2412
2556
2440
2492
2516
2476
2468
2548
2408
2560
2424
2460
2592
2504
2564
2560
2496
2580
2500
2428
2576
2420
2580
2516
2468
2536
2536
2396
2608
2352
2552
2548
2492
2576
2524
2440
2628
2424
2536
2556
2412
2556
2432
2452
2556
2420
2476
2532
2352
2620
2412
2416
2500
2436
2432
2536
2372
2584
2396
2480
2524
2428
2460
2480
2380
2484
2472
2412
2540
2392
2476
2460
2464
2432
2488
2388
2520
2404
2488
2420
2508
2452
2500
2424
2508
2408
2424
2444
2484
2480
2436
2456
2416
2488
2412
2432
2420
2416
2376
2484
2340
2548
2412
2436
2428
2408
2412
2504
2372
2508
2400
2372
2480
2356
2484
2436
2388
2444
2404
2296
2560
2324
2496
2436
2400
2416
2412
2284
2520
2308
2480
2424
2336
2500
2428
2348
2472
2248
2412
2452
2344
2520
2368
2372
2516
2340
2460
2492
2284
2520
2332
2316
2404
2372
2376
2436
2296
2532
2400
2368
2392
2276
2356
2448
2356
2404
2344
2344
2480
2324
2396
2360
2412
2376
2440
2332
2480
2376
2408
2328
2340
2316
2396
2328
2376
2356
2380
2348
2364
2300
2324
2336
2304
2344
2312
2372
2372
2336
2276
2408
2268
2424
2284
2356
2368
2336
2380
2428
2292
2460
2292
2312
2372
2272
2348
2364
2292
2404
2344
2292
2436
2172
2324
2304
2288
2372
2360
2264
2508
2220
2324
2300
2284
2368
2300
2256
2492
2304
2356
2340
2196
2396
2276
2264
2376
2284
2328
2392
2192
2428
2252
2348
2348
2268
2264
2392
2220
2388
2244
2328
2372
2260
2276
2320
2280
2332
2272
2240
2360
2268
2304
2228
2272
2288
2316
2216
2308
2252
2280
2300
2288
2256
2292
2236
2268
2300
2300
2268
2284
2236
2288
2320
2248
2332
2216
2316
2292
2284
2272
2376
2180
2348
2216
2280
2292
2204
2220
2316
2172
2344
2200
2240
2324
2192
2312
2252
2168
2292
2240
2208
2380
2128
2300
2212
2192
2276
2260
2176
2380
2104
2308
2240
2228
2320
2232
2160
2376
2184
2268
2284
2188
2376
2192
2176
2296
2212
2248
2356
2160
2356
2152
2284
2268
2168
2188
2260
2164
2340
2212
2240
2236
2156
2260
2308
2208
2220
2168
2176
2316
2204
2240
2160
2228
2172
2272
2180
2288
2104
2196
2176
2296
2208
2240
2172
2224
2212
2236
2248
2252
2180
2176
2196
2172
2272
2160
2252
2204
2192
2148
2264
2124
2280
2072
2188
2224
2172
2204
2240
2136
2300
2160
2192
2280
2104
2212
2168
2088
2236
2132
2104
2324
2108
2284
2172
2164
2220
2132
2076
2292
2052
2228
2140
2072
2208
2172
2140
2292
2056
2184
2196
2068
2260
2112
2160
2268
2108
2160
2224
2060
2276
2072
2200
2236
2112
2124
2244
2116
2204
2076
2104
2168
2080
2152
2172
2104
2172
2164
2128
2184
2084
2176
2116
2188
2108
2176
2064
2188
2120
2168
2080
2164
2084
2156
2080
2116
2108
2108
2112
2168
2148
2156
2168
2044
2180
2088
2172
2164
2132
2120
2204
2036
2232
2076
2080
2140
2068
2164
2156
2076
2216
2096
2092
2212
2008
2144
2112
2056
2172
2088
2068
2212
1948
2168
2092
2068
2108
2076
2032
2276
1976
2172
2032
2016
2148
2084
2044
2228
2004
2136
2192
2084
2208
2032
2060
2124
2068
2072
2192
1980
2220
2044
2124
2096
2040
2048
2176
2036
2160
2008
2100
2164
2084
2052
2068
2080
2108
2044
1980
2092
2008
2088
2032
2092
2044
2116
2016
2064
1984
2060
2040
2124
2044
2120
2060
2100
2124
2068
2072
2048
1996
2072
2096
2052
2092
1996
2052
2064
2008
2008
2044
1972
2148
2024
2112
2144
2028
2052
2048
1916
2124
1956
2004
2124
1964
2116
2072
1980
2108
2000
1984
2136
1904
2136
2032
2024
2108
2036
1972
2148
1904
2100
1988
1988
2060
1992
1992
2128
1920
2068
2044
1964
2140
1972
2000
2060
1980
2000
2044
1940
2180
1968
2024
2028
1996
2024
2056
1948
2092
1976
2052
2028
1940
2016
2016
2032
2004
1988
1980
2064
1984
2028
1984
2048
1952
2044
1952
2060
1992
2020
1928
2092
1932
2052
1976
1996
2040
1956
1956
2072
1948
2048
1964
1924
2044
1920
2040
2024
1968
1996
2044
1852
2056
1840
1980
2044
1920
1996
2012
1884
2124
1908
1980
2052
1872
2048
1976
1928
2052
1936
1948
2112
1852
2076
1952
1932
2024
1968
1924
2084
1828
2036
1936
1916
2004
1916
1908
2072
1856
1972
1940
1860
2024
1912
1956
1996
1940
2020
2028
1852
2048
1884
2012
1988
1964
1936
2004
1916
2044
1896
1948
1984
1956
1964
1960
1948
1956
1912
1908
2008
1948
1976
1864
1976
1880
1992
1888
1940
1868
1960
1960
2060
1876
1984
1896
1960
1992
1932
1952
1960
1888
1940
1936
1864
1996
1820
1948
1940
1900
1916
1940
1800
2004
1804
1916
1920
1840
1940
1972
1852
2032
1824
1888
1988
1820
1976
1920
1828
1956
1852
1908
2040
1792
2004
1868
1900
1956
1876
1860
2020
1792
2000
1896
1904
1972
1848
1888
2028
1836
1976
1928
1856
2000
1824
1908
1948
1852
1880
1940
1804
1988
1812
1916
1900
1872
1868
1944
1884
1988
1812
1896
1924
1896
1876
1884
1884
1852
1844
1840
1904
1832
1904
1864
1964
1844
1936
1844
1948
1892
1924
1860
1968
1812
1944
1848
1864
1900
1824
1868
1908
1820
1868
1912
1808
1944
1852
1888
1892
1848
1912
1912
1792
1984
1812
1928
1948
1788
1856
1876
1800
1984
1788
1876
1948
1728
1924
1872
1852
1936
1776
1784
1932
1716
1932
1804
1844
1908
1788
1776
1932
1680
1900
1808
1788
1884
1828
1780
1908
1796
1908
1800
1752
1924
1800
1860
1856
1764
1832
1944
1788
1912
1728
1876
1844
1836
1816
1892
1804
1892
1752
1804
1840
1828
1812
1764
1844
1836
1852
1780
1864
1836
1836
1812
1884
1760
1852
1780
1884
1848
1824
1788
1864
1740
1852
1792
1828
1848
1764
1844
1892
1788
1836
1824
1772
1940
1724
1852
1856
1756
1800
1860
1716
1892
1692
1860
1836
1740
1844
1864
1764
1956
1732
1820
1880
1692
1864
1788
1764
1868
1716
1752
1904
1684
1860
1732
1748
1832
1752
1764
1908
1684
1868
1740
1748
1828
1748
1772
1848
1740
1832
1800
1700
1864
1716
1796
1812
1740
1772
1780
1708
1840
1684
1808
1764
1800
1760
1776
1704
1856
1768
1812
1788
1808
1840
1832
1796
1724
1792
1760
1792
1728
1772
1764
1860
1708
1804
1708
1808
1744
1752
1740
1820
1672
1840
1708
1780
1748
1736
1740
1820
1748
1832
1696
1748
1876
1748
1780
1736
1676
1756
1776
1632
1892
1668
1820
1824
1720
1796
1748
1700
1844
1640
1760
1856
1668
1836
1736
1700
1812
1696
1724
1812
1628
1836
1700
1740
1812
1712
1688
1792
1592
1832
1724
1740
1788
1668
1660
1764
1652
1752
1732
1716
1804
1688
1772
1752
1724
1732
1788
1676
1772
1640
1788
1768
1708
1640
1724
1724
1776
1712
1724
1692
1720
1732
1720
1728
1696
1756
1716
1772
1720
1724
1668
1740
1656
1828
1676
1732
1660
1696
1736
1824
1628
1788
1692
1740
1792
1664
1724
1732
1644
1760
1720
1656
1796
1580
1740
1760
1696
1760
1720
1588
1820
1600
1752
1720
1612
1716
1732
1644
1808
1544
1684
1692
1580
1792
1676
1652
1736
1624
1700
1828
1564
1788
1640
1720
1756
1636
1648
1772
1592
1792
1672
1668
1732
1668
1716
1772
1608
1732
1664
1620
1740
1608
1740
1668
1664
1692
1728
1620
1744
1584
1716
1676
1720
1672
1756
1628
1728
1628
1728
1672
1692
1624
1648
1712
1668
1704
1644
1712
1664
1664
1640
1740
1576
1728
1624
1724
1688
1612
1600
1712
1556
1756
1592
1632
1632
1620
1696
1696
1580
1732
1620
1640
1764
1608
1676
1672
1600
1680
1656
1568
1764
1512
1720
1652
1580
1688
1628
1564
1784
1568
1684
1708
1560
1696
1580
1608
1728
1572
1636
1708
1536
1792
1600
1660
1684
1628
1588
1716
1532
1772
1576
1628
1688
1644
1628
1660
1504
1660
1672
1624
1692
1580
1692
1700
1612
1596
1644
1584
1696
1536
1660
1652
1668
1576
1604
1540
1636
1584
1656
1616
1676
1624
1608
1576
1560
1640
1572
1632
1580
1576
1580
1684
1532
1688
1572
1672
1644
1612
1616
1688
1552
1736
1620
1676
1676
1524
1608
1648
1572
1668
1576
1540
1680
1500
1692
1640
1556
1668
