15842
15882
3970

764
764
716
804
732
748
676
784
712
820
712
736
748
680
780
856
704
748
772
740
920
684
764
716
664
780
780
624
844
644
784
764
708
776
808
696
860
680
780
832
656
784
760
724
824
676
672
844
644
836
712
700
812
736
712
840
632
856
760
720
804
692
692
832
652
780
772
712
844
672
768
764
688
760
788
700
860
664
796
748
764
732
768
684
800
704
792
764
752
724
772
740
736
744
652
756
732
732
688
772
692
776
688
788
756
760
716
808
696
808
732
760
756
692
724
792
668
772
732
676
836
664
796
796
732
800
800
640
888
620
792
772
660
740
736
648
848
620
768
772
672
824
716
708
824
684
716
816
612
856
676
712
784
676
676
840
592
832
764
792
836
696
708
828
652
792
732
660
812
644
772
788
724
740
748
636
820
656
780
748
784
760
796
732
820
700
748
708
740
732
764
756
716
748
692
756
732
712
712
816
708
812
688
764
712
736
720
816
672
812
700
716
772
716
736
780
660
776
732
692
860
660
764
756
644
732
752
668
872
612
768
764
676
768
744
656
860
652
784
812
648
812
708
712
872
732
740
868
628
808
704
732
756
652
668
876
680
816
672
688
808
708
716
776
636
812
736
672
780
640
744
724
668
728
744
656
764
604
776
740
780
740
776
708
796
668
732
740
780
728
748
752
700
752
672
768
724
716
684
760
612
772
684
764
696
744
712
828
672
808
692
744
780
668
700
768
616
764
748
608
884
604
804
768
736
704
864
684
936
592
756
736
644
776
728
640
844
604
724
744
600
752
684
696
816
708
772
832
600
848
724
740
812
712
656
792
576
812
716
732
764
660
688
784
636
756
620
636
764
676
720
732
612
744
732
724
764
672
724
680
756
736
788
720
732
664
764
744
724
668
768
792
728
740
684
764
744
748
728
764
696
820
692
772
740
624
676
808
668
804
692
732
776
696
744
764
624
788
728
676
868
664
768
728
648
776
784
664
824
572
772
764
672
740
704
628
848
604
748
780
668
836
708
736
820
692
720
796
596
828
676
716
760
716
708
812
588
772
692
716
768
656
724
816
684
788
716
672
824
676
792
736
696
684
740
708
804
680
776
704
772
716
784
708
724
676
720
728
792
716
744
744
676
748
680
744
736
688
704
776
668
808
632
716
760
724
708
764
624
820
644
708
764
644
732
756
620
764
704
620
788
584
748
740
680
772
748
628
856
580
780
720
608
768
692
664
872
636
772
768
604
764
656
700
812
724
756
864
636
812
652
728
724
672
652
788
616
824
704
708
736
616
676
720
636
788
756
696
788
684
764
732
736
720
752
708
788
676
752
660
692
620
704
656
708
656
748
744
772
692
720
752
676
736
676
768
756
740
716
756
600
796
644
760
724
684
700
768
636
812
696
668
768
640
744
760
652
784
708
664
812
592
780
772
684
764
732
616
816
548
752
692
660
772
692
640
832
620
740
768
688
804
692
648
756
632
684
776
620
792
636
748
772
716
672
748
640
852
732
728
716
656
744
792
644
692
680
704
764
624
712
708
716
688
736
692
796
656
744
660
760
668
736
684
756
740
760
708
732
656
744
724
656
748
664
748
724
704
748
804
640
780
632
760
728
684
720
784
632
780
660
684
780
672
756
740
620
760
684
644
812
572
800
668
700
748
776
644
876
556
860
752
660
800
672
640
796
580
764
784
688
784
644
684
788
700
768
828
640
828
644
728
720
704
712
768
584
764
632
752
720
688
684
780
644
812
700
700
708
632
740
720
724
712
712
720
788
684
756
688
772
684
764
708
716
712
744
732
776
672
736
776
724
736
652
752
784
668
732
792
600
784
656
792
752
668
632
724
616
856
632
644
728
668
796
728
600
740
696
676
824
548
752
740
664
752
728
644
836
532
796
768
732
788
656
628
836
640
804
756
632
804
716
752
772
644
700
752
576
760
588
680
692
668
664
776
632
780
640
716
744
692
672
728
648
756
716
700
768
652
756
732
716
636
736
684
724
648
744
676
764
660
740
688
716
712
732
712
748
636
716
696
628
748
648
728
756
692
732
764
624
812
616
744
700
664
720
764
572
804
628
716
756
612
720
740
644
788
676
676
836
604
804
716
684
768
692
636
844
576
816
692
648
780
716
684
784
568
768
736
672
792
636
688
740
672
752
716
596
772
640
752
760
720
720
752
632
796
648
704
704
692
724
748
656
744
716
736
740
664
748
708
736
672
736
692
748
636
708
668
760
664
756
716
740
700
680
680
728
612
708
716
636
780
660
756
744
644
716
752
600
804
624
748
708
636
700
748
604
800
620
736
764
640
760
760
652
776
688
700
796
596
772
696
668
772
688
620
824
564
800
716
672
764
704
708
820
616
764
712
648
772
648
732
772
640
732
768
632
816
636
752
716
716
716
772
632
796
676
728
704
668
668
736
668
736
716
672
724
656
756
700
704
640
804
712
748
660
704
684
760
580
724
672
700
720
644
676
764
624
752
692
604
808
668
752
732
668
752
720
552
800
604
740
736
664
744
764
608
796
652
764
768
604
712
680
624
764
656
684
820
588
808
688
644
780
660
644
852
544
820
680
564
800
608
728
740
572
720
700
644
768
664
764
800
640
732
788
668
828
616
772
672
684
644
756
580
772
636
716
660
672
648
724
680
768
708
696
700
676
772
764
756
616
688
652
764
680
716
580
640
568
772
664
704
688
664
704
744
588
752
708
580
748
608
748
760
620
636
644
580
852
576
684
668
636
736
732
556
784
620
708
728
588
780
764
628
708
632
696
840
540
732
684
684
752
676
636
812
564
824
708
660
776
660
660
772
604
788
712
648
752
644
712
688
620
716
780
656
764
616
776
740
696
656
772
684
780
688
748
692
688
660
716
660
680
716
732
732
696
720
704
732
624
728
656
744
680
752
696
772
568
744
660
676
724
676
716
756
628
788
728
612
732
572
696
712
648
756
744
564
764
552
748
744
644
728
736
600
832
620
768
760
600
764
724
648
756
660
700
808
552
772
668
672
768
700
684
844
576
816
684
684
788
668
700
788
588
756
676
620
768
644
712
696
636
724
768
692
808
620
740
680
652
660
732
696
776
704
744
716
704
700
716
668
668
700
688
724
716
732
716
736
636
748
652
748
692
700
676
784
604
776
660
660
704
692
684
728
600
748
740
668
804
612
752
744
684
744
764
636
832
584
756
716
628
716
744
628
812
596
744
760
604
760
720
640
772
664
696
776
576
792
692
648
732
684
640
792
560
804
696
704
764
652
668
760
624
764
668
604
764
636
732
716
676
692
732
652
772
628
764
684
728
692
756
656
728
644
716
700
740
680
728
664
688
684
692
716
708
716
708
752
624
768
680
728
668
688
676
760
612
788
708
680
676
644
708
748
572
744
708
648
768
584
756
732
628
716
748
628
856
556
728
680
600
748
728
592
792
584
716
692
580
768
672
616
724
628
672
760
560
792
668
692
764
688
676
796
612
716
668
672
812
656
696
692
668
764
744
636
728
632
764
700
672
688
732
588
744
556
756
612
712
632
772
664
748
652
708
664
720
676
716
700
720
748
700
744
700
716
696
760
632
748
652
752
684
712
704
728
512
780
636
684
700
688
708
780
576
732
668
660
804
576
724
772
692
768
696
572
808
612
796
648
612
744
736
592
812
624
800
752
616
744
668
668
748
620
704
764
556
768
628
696
740
644
644
764
588
836
652
648
684
664
656
724
556
720
660
656
764
684
716
676
648
684
756
680
756
644
736
692
736
668
736
628
732
700
760
696
708
616
748
680
656
696
652
716
684
712
732
776
636
796
636
720
664
684
692
772
620
804
656
660
708
616
704
732
616
768
660
668
812
600
760
688
592
732
700
604
828
572
796
684
632
748
720
640
804
596
748
736
640
792
664
668
780
604
672
716
556
772
648
688
736
684
700
820
588
792
624
704
724
644
684
764
628
764
664
620
708
612
728
704
692
700
700
632
732
608
760
680
716
668
776
704
732
684
712
684
740
668
724
684
676
780
708
716
696
668
712
764
616
748
644
736
716
696
664
724
576
784
612
668
708
632
704
732
592
772
668
640
812
600
772
672
620
716
724
608
808
540
804
704
684
760
704
604
764
556
748
704
592
764
648
656
760
664
728
748
564
780
656
724
744
652
652
752
596
816
640
680
704
652
676
732
632
740
720
704
732
608
728
668
692
668
724
660
756
640
740
652
716
652
744
648
720
680
716
672
740
628
732
700
664
736
664
724
700
660
720
744
616
768
632
700
700
676
716
788
616
796
660
688
736
632
764
744
596
812
684
628
796
592
812
668
552
748
668
600
784
512
800
708
664
764
692
636
796
552
756
732
688
820
644
644
780
648
720
760
604
824
672
700
704
620
644
720
540
776
636
724
700
640
744
692
640
700
616
692
780
736
724
688
684
704
724
612
756
688
804
644
732
648
760
672
704
700
692
692
764
628
728
660
668
748
648
740
712
696
760
684
604
796
636
712
804
1048
1404
1744
1852
2356
2584
3048
3452
3704
4084
4380
4440
4684
4560
4548
4728
4528
4700
4644
4588
4772
4676
4580
4788
4596
4860
4732
4640
4748
4748
4688
4752
4536
4744
4716
4584
4748
4584
4624
4692
4580
4584
4604
4540
4764
4592
4616
4612
4592
4548
4604
4476
4708
4540
4576
4564
4556
4564
4620
4488
4580
4512
4528
4556
4500
4576
4492
4516
4508
4580
4508
4568
4500
4540
4488
4616
4504
4580
4436
4516
4540
4552
4472
4548
4416
4520
4532
4476
4568
4440
4480
4532
4508
4532
4520
4356
4568
4404
4500
4488
4440
4452
4492
4356
4612
4388
4444
4492
4384
4480
4472
4360
4552
4408
4416
4556
4352
4560
4400
4352
4488
4412
4396
4600
4276
4536
4408
4396
4508
4400
4364
4528
4324
4520
4392
4324
4484
4348
4408
4464
4356
4408
4412
4296
4504
4328
4396
4364
4352
4388
4412
4268
4464
4304
4340
4364
4388
4372
4352
4272
4396
4340
4368
4400
4300
4352
4316
4376
4356
4384
4280
4356
4340
4392
4312
4408
4284
4384
4284
4352
4328
4316
4288
4360
4252
4392
4296
4252
4380
4280
4316
4324
4248
4316
4336
4232
4420
4196
4312
4284
4256
4296
4320
4172
4388
4152
4220
4284
4228
4328
4272
4164
4380
4228
4228
4372
4156
4352
4236
4192
4328
4236
4196
4360
4120
4376
4228
4188
4280
4220
4188
4324
4096
4316
4180
4112
4252
4172
4212
4248
4156
4220
4252
4152
4304
4128
4176
4164
4164
4140
4228
4120
4284
4124
4188
4148
4160
4212
4236
4140
4180
4140
4152
4192
4140
4196
4160
4176
4144
4184
4100
4160
4092
4140
4096
4212
4100
4232
4112
4164
4188
4160
4108
4196
4044
4164
4124
4088
4196
4068
4144
4148
4092
4168
4152
4032
4228
4060
4196
4124
4076
4120
4168
4016
4240
3996
4096
4112
4060
4156
4124
4016
4184
4032
4072
4208
4024
4188
4076
4004
4152
4044
4020
4168
3920
4180
4024
4032
4108
4040
4032
4132
3928
4164
4012
3964
4108
4024
4084
4096
3932
4056
4088
3944
4096
3948
4080
4060
4056
4044
4052
3948
4136
3984
4044
3976
3992
3988
4068
3924
4076
4012
3968
4000
3960
3948
4064
4028
4012
4044
3960
3984
3948
3996
3908
4064
3916
4092
3964
3972
4000
3960
3996
4020
3940
4088
3908
3900
4064
3960
3984
3936
3896
3996
4016
3844
4028
3860
4060
3972
3876
3932
3964
3808
4028
3780
3944
3980
3908
4000
3924
3868
4056
3884
3912
3980
3776
4068
3908
3848
3972
3900
3888
3968
3728
4020
3852
3880
3948
3868
3864
4028
3764
3952
3872
3904
3960
3776
3828
3892
3844
3892
3876
3820
3972
3828
3912
3828
3852
3864
3944
3776
3912
3796
3868
3868
3896
3840
3864
3780
3828
3828
3860
3872
3824
3844
3816
3880
3796
3868
3796
3836
3832
3880
3800
3900
3740
3872
3804
3852
3848
3812
3812
3884
3736
3888
3816
3784
3892
3736
3844
3824
3748
3852
3788
3672
3908
3684
3824
3788
3716
3764
3764
3644
3884
3652
3788
3804
3696
3844
3784
3696
3868
3676
3736
3820
3632
3860
3740
3700
3816
3696
3704
3848
3648
3900
3740
3728
3812
3720
3712
3824
3604
3808
3692
3692
3780
3644
3700
3724
3684
3756
3736
3640
3780
3628
3740
3636
3644
3668
3732
3600
3772
3648
3696
3648
3676
3688
3704
3632
3672
3672
3684
3692
3680
3692
3700
3724
3652
3756
3656
3684
3636
3692
3636
3736
3592
3740
3604
3628
3660
3628
3656
3720
3584
3720
3596
3560
3684
3560
3664
3648
3596
3692
3620
3532
3740
3512
3668
3600
3568
3688
3684
3544
3740
3536
3676
3660
3572
3716
3620
3540
3692
3572
3624
3684
3472
3708
3564
3552
3628
3612
3580
3676
3424
3676
3516
3560
3616
3540
3568
3664
3508
3656
3540
3524
3632
3516
3560
3584
3540
3620
3596
3508
3612
3504
3624
3556
3568
3472
3564
3488
3628
3528
3592
3532
3580
3532
3588
3500
3544
3540
3504
3528
3556
3572
3552
3556
3480
3592
3536
3568
3488
3520
3512
3612
3428
3628
3480
3516
3508
3456
3492
3576
3416
3624
3524
3468
3596
3416
3540
3504
3396
3548
3500
3392
3576
3360
3544
3488
3416
3520
3500
3400
3604
3412
3536
3512
3396
3544
3468
3412
3532
3404
3472
3556
3336
3560
3388
3384
3480
3388
3440
3552
3328
3576
3412
3460
3492
3384
3412
3492
3312
3500
3416
3392
3484
3416
3464
3412
3388
3460
3444
3336
3484
3356
3476
3380
3412
3396
3524
3380
3412
3356
3468
3428
3436
3372
3428
3380
3400
3400
3396
3304
3444
3396
3444
3412
3328
3416
3420
3420
3404
3456
3332
3452
3292
3456
3256
3396
3420
3348
3332
3396
3312
3476
3344
3272
3384
3264
3468
3372
3280
3448
3428
3340
3516
3240
3448
3376
3328
3376
3340
3248
3464
3196
3392
3368
3308
3424
3300
3236
3412
3276
3280
3348
3164
3448
3268
3264
3332
3288
3312
3364
3152
3404
3244
3324
3284
3244
3292
3384
3228
3376
3244
3256
3368
3224
3272
3252
3324
3348
3276
3184
3324
3316
3356
3268
3276
3256
3316
3232
3308
3256
3340
3304
3340
3236
3304
3220
3228
3248
3264
3324
3304
3236
3260
3324
3224
3352
3144
3220
3260
3292
3252
3348
3164
3340
3192
3260
3312
3240
3256
3272
3132
3352
3220
3212
3324
3148
3280
3236
3140
3280
3208
3112
3340
3104
3320
3220
3164
3284
3208
3120
3356
3108
3292
3220
3144
3280
3184
3148
3304
3136
3228
3272
3116
3308
3148
3172
3208
3140
3140
3252
3080
3332
3152
3192
3220
3172
3184
3256
3092
3228
3072
3104
3188
3164
3188
3160
3160
3188
3192
3088
3196
3096
3184
3124
3164
3108
3200
3080
3168
3136
3212
3148
3196
3148
3196
3136
3124
3176
3120
3116
3156
3116
3128
3140
3052
3196
3052
3144
3140
3112
3112
3184
3028
3228
3060
3116
3176
3080
3136
3140
3040
3216
3088
3056
3160
3004
3160
3124
3068
3184
3080
2996
3176
2940
3180
3072
3044
3144
3080
3028
3216
2968
3152
3104
3048
3196
3068
3036
3152
3028
3124
3124
2972
3164
3012
3052
3140
3076
3072
3148
2940
3164
3008
3080
3096
3028
2996
3064
2996
3148
3016
3060
3080
3048
3088
3044
3032
3036
3024
2980
3092
2980
3068
3012
3100
3036
3108
3004
3052
3020
3032
2980
3052
2952
3032
3004
3004
3072
3008
3008
3032
2984
3004
3020
2928
3092
2956
3036
3008
2972
2984
3072
2940
3132
2928
3004
3036
2952
3024
3020
2884
3064
2892
2912
3068
2872
3028
2956
2900
3084
3008
2932
3096
2852
3052
2940
2940
3044
2972
2932
3108
2852
3036
2964
2904
3052
2928
2944
3052
2884
2968
2952
2824
3056
2904
2924
2972
2900
2948
3032
2860
3084
2880
2936
2972
2916
2908
2916
2848
2980
2844
2872
2980
2896
2948
2888
2932
2932
2948
2876
2944
2892
2940
2880
2940
2884
2976
2884
2968
2960
2936
2888
2948
2892
2972
2896
2864
2936
2924
2924
2912
2876
2920
2884
2880
2952
2788
2876
2884
2896
2892
2964
2804
3060
2748
2836
2872
2820
2952
2956
2788
2984
2800
2868
2924
2768
2944
2916
2852
2956
2824
2816
2996
2740
2940
2832
2844
2936
2840
2784
2968
2760
2924
2804
2752
2952
2844
2856
2916
2772
2872
2856
2776
2928
2748
2856
2852
2828
2844
2900
2744
2924
2748
2852
2840
2804
2780
2836
2744
2912
2792
2816
2824
2824
2824
2796
2792
2820
2824
2716
2796
2816
2880
2756
2816
2748
2872
2768
2832
2780
2788
2752
2860
2708
2808
2780
2792
2860
2748
2796
2836
2744
2760
2800
2700
2908
2700
2796
2812
2808
2828
2844
2656
2880
2668
2812
2840
2740
2800
2824
2684
2908
2720
2760
2832
2652
2840
2788
2728
2836
2712
2692
2912
2676
2884
2720
2732
2804
2764
2696
2832
2600
2812
2716
2672
2828
2680
2736
2816
2688
2784
2752
2648
2844
2668
2740
2732
2676
2684
2784
2668
2844
2660
2728
2692
2708
2784
2740
2648
2756
2704
2704
2740
2720
2756
2684
2684
2684
2740
2656
2704
2620
2712
2652
2744
2640
2748
2632
2700
2684
2688
2644
2768
2660
2744
2680
2692
2784
2640
2672
2684
2604
2688
2692
2628
2800
2592
2740
2696
2632
2672
2696
2580
2832
2592
2684
2708
2612
2728
2708
2584
2800
2620
2684
2784
2592
2752
2628
2588
2740
2612
2592
2764
2468
2716
2604
2612
2684
2600
2568
2748
2544
2732
2640
2636
2728
2592
2608
2684
2548
2656
2652
2604
2732
2580
2648
2660
2620
2636
2680
2540
2756
2572
2680
2636
2620
2608
2660
2584
2672
2584
2616
2616
2596
2600
2564
2572
2540
2580
2540
2608
2580
2632
2556
2688
2532
2664
2548
2632
2632
2592
2564
2660
2548
2660
2568
2584
2660
2524
2588
2604
2524
2612
2596
2512
2708
2496
2600
2580
2528
2580
2624
2488
2708
2484
2628
2640
2544
2624
2580
2488
2684
2512
2556
2644
2476
2648
2524
2460
2624
2496
2532
2668
2404
2616
2476
2500
2588
2508
2492
2624
2444
2636
2496
2528
2612
2496
2504
2556
2468
2548
2548
2444
2616
2464
2544
2536
2520
2508
2596
2476
2624
2460
2540
2540
2536
2500
2536
2464
2540
2488
2548
2564
2532
2536
2532
2552
2540
2576
2496
2532
2472
2492
2456
2560
2452
2620
2464
2536
2532
2484
2444
2552
2436
2580
2492
2512
2576
2380
2544
2572
2460
2496
2444
2392
2728
2392
2484
2428
2428
2584
2540
2292
2676
2404
2624
2484
2396
2524
2536
2420
2556
2388
2520
2584
2360
2516
2420
2412
2584
2380
2400
2556
2364
2596
2376
2436
2532
2452
2412
2508
2360
2556
2420
2404
2516
2420
2432
2448
2356
2456
2440
2396
2524
2356
2468
2488
2432
2448
2476
2380
2524
2396
2444
2428
2460
2424
2476
2416
2476
2368
2396
2412
2444
2424
2388
2388
2364
2464
2428
2492
2488
2468
2428
2476
2340
2500
2396
2428
2396
2376
2392
2476
2304
2468
2324
2396
2456
2312
2380
2396
2340
2432
2352
2288
2536
2296
2440
2396
2372
2412
2392
2260
2500
2300
2428
2384
2260
2412
2388
2324
2516
2308
2396
2472
2300
2496
2364
2368
2472
2340
2364
2472
2276
2516
2308
2364
2432
2368
2372
2452
2236
2432
2328
2328
2416
2304
2332
2384
2312
2384
2344
2296
2464
2308
2424
2380
2344
2316
2388
2272
2440
2308
2408
2320
2372
2316
2380
2312
2396
2328
2360
2352
2368
2356
2336
2344
2308
2352
2280
2336
2360
2388
2308
2392
2240
2412
2268
2348
2356
2316
2336
2396
2240
2396
2264
2300
2388
2260
2368
2364
2300
2428
2328
2288
2452
2188
2336
2280
2316
2392
2348
2232
2452
2192
2364
2324
2272
2340
2260
2200
2416
2232
2320
2348
2172
2376
2292
2300
2376
2252
2292
2396
2188
2440
2232
2300
2340
2252
2268
2368
2188
2396
2252
2292
2316
2244
2292
2352
2256
2308
2224
2224
2340
2200
2268
2240
2300
2260
2332
2204
2348
2204
2320
2264
2332
2284
2324
2212
2284
2228
2240
2224
2256
2264
2256
2296
2212
2292
2188
2256
2292
2260
2224
2304
2164
2352
2180
2252
2268
2204
2220
2316
2148
2320
2172
2236
2324
2188
2288
2300
2196
2296
2208
2196
2368
2132
2284
2216
2204
2292
2228
2160
2380
2120
2308
2204
2148
2240
2180
2152
2364
2128
2244
2268
2132
2320
2148
2176
2300
2180
2240
2312
2100
2332
2180
2240
2260
2160
2188
2300
2128
2288
2120
2168
2252
2160
2188
2220
2188
2236
2172
2156
2200
2108
2180
2208
2188
2172
2184
2144
2268
2180
2204
2140
2172
2152
2228
2172
2220
2172
2164
2184
2192
2176
2196
2212
2168
2240
2124
2196
2220
2196
2152
2228
2116
2296
2144
2232
2236
2112
2160
2240
2088
2244
2132
2216
2300
2068
2132
2108
2132
2276
2096
2008
2228
2056
2260
2084
2072
2144
2228
2084
2328
2020
2224
2044
2204
2216
2172
2100
2216
2036
2156
2164
2044
2240
2108
2136
2228
2108
2196
2252
2044
2248
2060
2192
2196
2096
2100
2180
2044
2236
2056
2108
2168
2084
2112
2108
2068
2148
2120
2068
2152
2064
2164
2092
2128
