23820
23880
5970

768
768
612
708
608
584
552
664
628
660
624
628
688
660
584
624
684
636
672
560
692
632
652
612
632
556
744
620
704
648
676
696
684
524
684
608
680
696
560
700
696
616
664
592
588
728
508
720
620
588
684
620
592
748
476
736
596
572
704
620
628
720
528
652
660
516
712
536
644
656
540
620
708
528
740
532
668
692
604
636
696
540
744
580
660
692
560
660
668
580
684
596
616
732
536
664
580
604
628
664
608
716
560
688
644
716
652
660
608
628
656
668
664
640
600
640
644
580
688
588
692
596
640
648
704
592
720
548
636
588
564
632
688
588
716
564
620
688
580
708
644
588
724
636
648
768
544
692
616
596
692
636
584
752
520
756
636
604
692
580
588
696
524
696
652
548
716
552
676
676
548
620
700
544
740
540
660
676
588
636
704
540
748
560
640
676
576
656
680
616
704
620
616
716
596
716
612
604
560
620
604
704
588
668
612
692
600
680
604
632
612
628
664
668
628
676
676
600
684
556
648
628
636
640
680
588
744
548
636
616
604
668
644
548
728
588
664
692
532
692
660
628
736
624
640
744
496
732
612
584
668
608
588
732
504
780
652
596
688
580
632
732
584
696
652
604
788
532
628
636
592
636
700
512
752
564
684
656
568
612
700
588
736
568
644
676
588
696
684
644
672
596
632
720
608
708
520
608
624
704
612
664
576
684
576
652
532
696
672
656
608
628
696
688
604
612
620
644
676
604
644
684
616
620
660
604
796
564
704
612
612
672
660
532
716
584
652
676
512
684
612
564
676
576
620
744
480
720
600
620
704
612
656
768
516
764
612
612
716
596
644
700
512
708
632
540
728
548
656
652
580
636
676
524
748
580
728
628
596
636
704
568
728
588
628
620
548
668
636
572
648
588
596
692
596
688
640
696
636
676
632
676
608
680
628
692
580
668
616
640
628
588
636
640
580
700
712
660
700
584
712
616
592
660
680
600
752
516
648
616
600
616
644
592
764
524
632
656
552
728
616
584
708
624
668
736
484
748
604
648
708
620
652
784
500
740
600
636
720
568
632
700
536
672
612
568
764
584
656
648
576
652
656
508
708
528
676
648
600
648
660
532
712
544
648
648
588
668
640
604
640
604
632
700
568
672
620
712
680
712
620
692
584
660
624
708
596
716
640
620
624
640
652
632
572
676
656
612
716
560
696
648
616
644
636
572
724
556
700
660
584
652
652
564
728
564
664
668
516
708
656
600
704
592
648
756
504
736
580
620
668
568
592
732
508
752
596
608
716
592
668
716
556
724
652
592
704
540
672
680
612
676
688
540
740
536
692
616
628
636
716
560
692
588
664
684
612
640
624
644
672
652
668
664
544
640
596
660
564
696
620
724
612
672
608
676
572
712
600
656
644
604
668
684
628
684
660
612
716
544
716
648
624
636
668
568
768
536
736
644
608
660
624
580
764
564
688
692
536
716
624
604
704
584
628
736
500
804
632
664
696
628
652
760
456
736
576
616
692
556
656
700
524
704
660
596
732
532
676
608
568
652
644
504
700
540
760
660
632
592
612
564
716
596
652
640
612
652
620
624
644
572
572
708
652
688
588
632
588
728
684
632
532
640
676
744
564
652
564
684
688
592
648
604
552
644
632
600
732
540
712
648
576
708
620
568
704
508
740
616
580
628
728
564
760
544
684
688
600
768
628
604
708
584
648
736
528
784
624
616
664
604
660
724
476
732
580
592
672
572
664
688
556
688
596
568
728
576
700
636
620
632
688
564
728
516
640
616
624
628
708
568
684
576
684
660
624
668
680
688
596
620
604
628
548
636
588
660
580
712
596
636
620
632
584
644
536
672
576
608
664
596
676
636
572
668
580
588
744
552
708
636
596
656
624
548
740
508
744
640
576
648
636
556
724
540
720
692
548
684
564
588
696
564
612
700
540
800
588
652
708
612
644
724
544
796
604
608
684
572
680
676
560
684
624
608
712
560
716
680
580
632
632
556
716
556
708
636
636
632
656
568
692
604
648
640
612
632
624
624
624
652
636
688
588
676
632
736
600
700
548
656
600
632
636
704
564
716
604
636
652
588
660
680
568
652
600
596
728
584
760
616
612
684
644
580
768
524
752
612
552
660
620
568
712
524
692
628
528
692
580
600
680
560
648
760
556
768
556
604
640
588
656
700
512
768
572
644
636
536
656
700
580
736
640
616
692
556
688
620
632
660
652
564
744
612
724
604
628
600
656
604
712
616
688
640
612
652
684
632
616
624
628
704
628
628
608
620
532
660
556
660
616
632
656
720
564
728
616
676
716
604
680
676
604
700
624
632
752
572
768
620
584
656
584
568
756
516
752
636
616
700
620
600
744
556
732
664
560
780
608
628
684
576
648
696
480
764
544
652
624
584
664
732
532
796
596
656
660
568
728
664
596
688
616
584
696
560
704
604
628
652
672
588
644
516
720
616
652
600
612
652
720
664
632
612
632
664
644
596
560
624
656
652
556
596
620
676
568
740
588
676
588
608
664
708
540
676
544
676
720
604
668
636
572
720
648
628
716
524
732
616
604
700
632
548
760
536
748
636
572
640
676
604
788
480
692
636
596
740
568
648
736
604
732
708
524
724
556
676
716
620
668
696
492
768
588
668
628
548
672
692
616
740
636
628
700
588
720
656
660
644
668
636
736
596
696
596
680
604
716
580
676
620
700
652
696
668
692
668
660
660
596
716
648
652
624
648
572
712
572
668
624
624
628
676
568
748
572
656
660
596
716
640
580
684
568
596
700
532
764
644
608
716
628
612
696
484
740
596
556
676
616
636
720
516
684
596
536
716
588
636
656
576
684
668
488
752
568
664
624
548
652
648
508
744
548
720
732
624
664
652
592
716
596
596
680
568
696
596
628
656
696
616
704
580
732
652
668
608
720
604
656
596
636
612
644
632
656
672
620
660
628
684
620
628
632
664
572
708
572
692
632
592
608
636
540
732
596
704
680
548
692
628
572
724
604
644
748
544
772
604
576
672
584
580
724
508
764
608
580
680
612
620
688
508
704
588
548
744
616
648
696
588
680
696
548
780
564
688
672
624
680
716
536
744
572
676
644
584
676
636
604
692
628
628
688
568
724
612
636
632
632
584
628
560
660
604
652
572
668
592
672
640
636
620
668
636
684
628
600
668
616
644
640
596
620
636
564
728
572
720
644
624
684
680
548
764
604
648
636
524
684
604
524
704
576
632
724
508
740
580
636
700
632
636
744
488
724
560
592
736
600
616
724
572
732
632
540
720
576
676
652
552
652
660
524
752
508
640
628
596
648
660
540
756
588
716
668
576
636
644
604
712
616
616
660
632
748
632
644
592
576
604
724
636
664
576
680
580
668
528
584
604
636
616
676
620
704
616
576
628
612
708
644
588
632
716
596
744
540
664
580
616
648
628
520
680
508
652
652
512
656
620
596
764
600
620
692
508
760
620
588
696
600
596
740
504
780
520
640
684
640
628
700
452
816
612
596
716
576
684
660
568
644
720
592
764
512
692
676
644
700
660
540
752
576
692
668
636
676
648
588
696
640
644
632
552
672
644
688
652
688
596
656
580
660
616
652
552
676
632
656
636
612
588
640
580
696
664
620
700
604
680
624
644
680
660
612
792
604
712
628
600
668
668
552
744
552
664
652
552
720
624
556
676
564
684
760
544
788
624
628
720
588
620
700
488
768
560
632
716
612
620
668
520
716
604
568
712
560
652
680
592
720
656
540
748
540
640
600
624
680
692
524
716
628
696
608
572
644
640
580
640
612
632
668
608
680
612
668
620
664
544
660
608
676
572
680
620
760
620
644
640
660
664
676
620
728
660
620
684
560
692
608
608
664
640
568
756
556
688
632
628
708
668
564
748
540
660
644
572
724
612
568
716
580
640
692
512
772
564
632
700
608
652
740
512
796
584
616
696
648
656
688
536
720
568
568
724
588
648
664
600
704
684
588
772
572
684
604
612
628
656
528
696
540
664
636
620
664
636
632
696
636
620
664
608
704
632
692
600
696
636
684
632
668
604
696
584
768
612
648
652
628
628
644
572
680
596
572
700
580
684
612
604
672
616
552
732
556
732
628
584
648
604
536
688
504
636
624
536
700
596
596
736
544
628
664
508
776
600
628
748
572
660
712
544
728
568
600
700
576
664
676
548
732
628
608
700
560
676
644
640
692
612
576
764
576
716
624
636
648
688
556
684
552
640
580
608
640
668
620
664
596
656
660
612
656
604
672
620
660
532
612
616
716
588
648
588
760
628
644
648
612
656
664
628
704
572
612
712
588
720
632
592
652
672
580
756
512
728
624
608
688
616
532
700
564
744
684
540
664
592
612
744
604
660
692
544
840
608
656
700
608
676
728
504
752
524
624
732
676
628
644
452
796
668
688
684
524
628
636
672
720
668
512
640
532
732
696
608
548
536
512
732
648
692
596
648
664
688
632
632
584
580
616
580
696
620
652
588
704
600
664
608
652
624
820
1176
1908
2368
3152
4136
5344
6048
6268
6300
6552
6456
6476
6564
6456
6648
6628
6636
6688
6596
6596
6780
6556
6772
6660
6612
6724
6664
6604
6740
6512
6712
6604
6528
6676
6532
6544
6652
6484
6624
6608
6396
6624
6420
6524
6564
6444
6464
6540
6356
6628
6396
6500
6528
6440
6484
6488
6356
6520
6412
6444
6480
6332
6424
6416
6388
6416
6372
6344
6496
6316
6460
6416
6420
6400
6428
6380
6496
6372
6396
6372
6380
6376
6388
6384
6420
6376
6320
6364
6316
6376
6344
6372
6276
6404
6328
6404
6336
6320
6312
6388
6264
6376
6244
6356
6364
6280
6320
6320
6252
6340
6212
6256
6388
6212
6356
6264
6228
6348
6296
6228
6364
6128
6380
6268
6220
6296
6220
6196
6364
6116
6300
6248
6196
6320
6172
6228
6348
6132
6220
6236
6088
6324
6108
6184
6232
6148
6200
6268
6064
6328
6096
6220
6228
6132
6180
6200
6096
6280
6140
6164
6216
6060
6180
6132
6152
6156
6164
6104
6256
6064
6176
6080
6116
6116
6136
6060
6200
6084
6128
6104
6084
6056
6072
6080
6112
6100
6064
6088
6088
6108
6064
6140
5992
6080
5956
6088
6064
6072
6024
6084
5940
6108
5920
6056
6092
6000
6044
6032
5972
6112
5964
6008
6092
5928
6080
5980
6008
6052
5996
5944
6120
5844
6084
5932
5956
6040
5936
5888
6076
5832
6036
5952
5900
6088
5928
5936
6088
5860
6004
5932
5824
6036
5892
5924
5984
5804
5936
5936
5884
6036
5812
5900
5936
5860
5912
5912
5832
5948
5832
5864
5940
5836
5944
5880
5840
5880
5868
5804
5932
5788
5916
5828
5888
5836
5872
5764
5856
5724
5868
5832
5848
5796
5812
5784
5828
5824
5772
5804
5836
5828
5756
5772
5748
5896
5724
5788
5740
5768
5788
5860
5724
5892
5692
5752
5768
5684
5788
5764
5740
5864
5668
5720
5828
5680
5796
5668
5708
5832
5720
5672
5832
5608
5788
5672
5712
5784
5656
5672
5820
5588
5756
5664
5628
5760
5648
5708
5792
5576
5688
5676
5548
5824
5584
5648
5684
5632
5704
5700
5552
5780
5556
5708
5692
5628
5652
5616
5552
5736
5572
5652
5640
5580
5604
5540
5632
5656
5688
5580
5700
5488
5640
5560
5600
5540
5608
5556
5664
5588
5616
5524
5588
5508
5568
5516
5580
5596
5540
5584
5552
5556
5544
5568
5508
5644
5468
5580
5512
5528
5548
5560
5424
5596
5432
5548
5552
5484
5564
5512
5444
5588
5444
5484
5556
5388
5540
5428
5460
5532
5472
5416
5564
5340
5580
5420
5416
5516
5420
5428
5500
5308
5512
5404
5400
5532
5400
5448
5500
5364
5488
5412
5308
5552
5324
5444
5428
5384
5444
5448
5332
5524
5308
5404
5400
5348
5392
5408
5316
5436
5340
5372
5396
5324
5404
5348
5348
5376
5384
5360
5404
5264
5364
5304
5380
5340
5364
5232
5316
5276
5348
5312
5372
5280
5300
5264
5304
5356
5288
5324
5316
5324
5312
5308
5236
5344
5172
5312
5292
5300
5328
5332
5148
5372
5200
5308
5272
5216
5340
5296
5224
5372
5200
5276
5316
5156
5324
5208
5252
5308
5176
5224
5320
5116
5364
5176
5220
5308
5208
5188
5276
5088
5316
5168
5152
5308
5116
5160
5228
5120
5272
5196
5092
5280
5092
5244
5192
5120
5160
5184
5096
5328
5092
5200
5148
5140
5180
5128
5084
5212
5132
5176
5176
5096
5176
5104
5148
5144
5156
5096
5184
5080
5168
5080
5156
5104
5196
5096
5164
5040
5108
5060
5116
5084
5152
5064
5072
5112
5076
5104
5060
5060
5068
5052
4996
5172
5000
5136
5056
5024
5072
5080
4980
5160
4948
5116
5080
5024
5112
5044
5000
5168
4988
5060
5096
4936
5168
5016
5064
5132
4996
5020
5116
4884
5116
4940
5016
5096
4984
4980
5108
4852
5064
4916
4948
5052
4952
4992
5048
4884
5056
4948
4848
5072
4852
4972
4972
4916
4988
4968
4876
5100
4868
4972
4900
4928
4928
4920
4868
5004
4856
4920
4952
4908
4924
4864
4944
4928
4944
4888
4892
4796
4908
4868
4920
4840
4920
4856
4960
4848
4880
4828
4924
4916
4928
4816
4872
4920
4840
4880
4856
4856
4888
4860
4788
4964
4808
4928
4844
4812
4864
4880
4796
4976
4736
4908
4872
4784
4888
4840
4784
4948
4724
4824
4820
4724
4916
4732
4728
4852
4796
4816
4828
4616
4904
4724
4772
4852
4756
4800
4856
4680
4884
4732
4748
4856
4728
4788
4808
4700
4816
4744
4716
4888
4636
4724
4700
4712
4816
4808
4664
4840
4636
4792
4756
4736
4752
4728
4652
4820
4716
4764
4732
4612
4740
4684
4736
4720
4684
4548
4784
4712
4828
4600
4696
4628
4768
4636
4640
4644
4676
4684
4732
4632
4728
4624
4628
4672
4600
4708
4660
4648
4688
4684
4620
4748
4556
4688
4616
4616
4660
4632
4532
4732
4516
4684
4620
4604
4704
4592
4552
4692
4484
4608
4628
4516
4740
4496
4576
4648
4556
4580
4652
4424
4700
4536
4628
4644
4536
4552
4644
4488
4640
4532
4560
4640
4500
4624
4620
4524
4612
4560
4492
4640
4452
4596
4564
4516
4580
4568
4484
4612
4404
4560
4524
4544
4544
4528
4456
4572
4484
4540
4520
4500
4576
4484
4492
4492
4552
4444
4524
4456
4524
4444
4540
4464
4568
4416
4528
4448
4464
4428
4484
4452
4564
4476
4472
4508
4416
4492
4452
4452
4500
4424
4392
4540
4324
4500
4408
4408
4440
4440
4360
4536
4324
4492
4444
4412
4532
4380
4380
4520
4408
4484
4456
4308
4560
4348
4408
4448
4388
4408
4476
4252
4524
4300
4388
4404
4340
4424
4492
4288
4456
4280
4376
4484
4288
4340
4388
4348
4452
4368
4304
4460
4256
4376
4316
4328
4384
4428
4308
4460
4244
4408
4348
4376
4356
4356
4316
4372
4264
4308
4332
4312
4332
4296
4324
4316
4348
4264
4356
4312
4352
4276
4348
4236
4372
4240
4308
4288
4288
4264
4280
4196
4348
4224
4256
4296
4176
4300
4296
4288
4344
4308
4224
4388
4172
4340
4220
4220
4284
4260
4184
4392
4152
4320
4236
4208
4348
4224
4212
4368
4176
4316
4288
4148
4344
4148
4204
4280
4224
4204
4300
4004
4340
4080
4248
4228
4172
4136
4252
4076
4340
4144
4200
4248
4124
4176
4180
4112
4240
4180
4152
4288
4104
4256
4160
4172
4180
4200
4100
4236
4068
4188
4120
4168
4164
4208
4164
4220
4124
4180
4152
4092
4152
4172
4160
4072
4128
4100
4196
4092
4092
4028
4152
4132
4208
4028
4156
4144
4132
4120
4120
4072
4184
4048
4112
4140
4028
4136
4072
4076
4148
4108
4024
4172
3924
4204
4060
4068
4068
4056
4044
4228
3988
4148
4064
3984
4144
4024
4056
4156
3988
4088
4092
3980
4172
3964
4032
4092
3988
4044
4120
3916
4156
3944
4092
4084
3956
4028
4132
3996
4164
3940
3996
4096
3996
4060
4044
3988
4088
3976
3968
4108
3924
4016
3924
3996
4040
4040
3908
4056
3896
4084
3952
3972
3920
3980
3960
4044
3980
3964
3944
3948
3976
3964
4052
3884
4028
3880
3992
3948
3968
3828
4028
3884
4052
3868
3980
3960
3908
3940
3924
3880
4024
3892
3920
3980
3876
3988
3924
3864
3964
3900
3876
4036
3796
3980
3884
3880
3964
3896
3844
4040
3772
3980
3900
3868
3972
3852
3832
3968
3788
3940
3872
3740
3980
3796
3880
3944
3844
3876
3916
3736
4000
3748
3856
3880
3832
3876
3876
3752
3920
3792
3840
3908
3832
3912
3852
3828
3896
3820
3824
3932
3780
3876
3828
3816
3808
3836
3784
3924
3748
3844
3752
3820
3796
3840
3812
3852
3772
3812
3804
3796
3776
3776
3840
3788
3876
3760
3820
3800
3808
3800
3840
3708
3836
3664
3856
3824
3776
3776
3800
3704
3848
3724
3780
3816
3712
3828
3764
3748
3824
3712
3704
3860
3652
3844
3728
3720
3788
3740
3740
3880
3628
3824
3716
3704
3820
3676
3676
3828
3652
3780
3756
3648
3840
3632
3728
3776
3640
3716
3772
3660
3868
3632
3668
3712
3676
3704
3696
3580
3784
3676
3748
3776
3676
3724
3732
3664
3712
3676
3676
3764
3584
3700
3676
3716
3692
3684
3620
3724
3608
3696
3628
3668
3668
3692
3672
3716
3664
3676
3668
3668
3676
3684
3720
3640
3712
3584
3688
3648
3608
3616
3708
3612
3752
3548
3652
3636
3580
3628
3644
3552
3700
3540
3612
3692
3576
3696
3600
3576
3660
3580
3548
3676
3432
3704
3560
3564
3604
3580
3552
3724
3496
3704
3600
3576
3664
3560
3596
3680
3516
3600
3636
3484
3708
3496
3624
3596
3532
3560
3608
3464
3732
3480
3600
3580
3512
3532
3600
3508
3644
3492
3556
3608
3520
3580
3556
3548
3560
3508
3476
3636
3508
3636
3548
3556
3532
3536
3512
3596
3452
3548
3492
3528
3536
3560
3536
3524
3488
3524
3552
3532
3500
3484
3560
3520
3568
3404
3516
3528
3512
3468
3472
3396
3632
3436
3520
3500
3444
3524
3516
3436
3556
3420
3476
3564
3400
3572
3476
3448
3528
3456
3468
3584
3320
3532
3416
3468
3508
3420
3432
3584
3316
3520
3404
3404
3520
3364
3428
3524
3384
3508
3476
3372
3544
3336
3476
3480
3380
3404
3460
3340
3520
3304
3452
3456
3396
3448
3456
3412
3552
3336
3396
3464
3400
3424
3404
3352
3404
3420
3408
3484
3320
3444
3380
3432
3368
3416
3312
3432
3348
3436
3396
3432
3328
3360
3368
3408
3388
3348
3392
3404
3356
3340
3360
3308
3404
3252
3388
3320
3412
3324
3428
3260
3436
3200
3408
3388
3288
3376
3344
3324
3444
3280
3356
3408
3260
3408
3292
3276
3380
3272
3296
3448
3224
3444
3284
3292
3356
3304
3276
3428
3180
3392
3264
3228
3308
3188
3252
3376
3192
3340
3324
3228
3380
3172
3316
3316
3232
3304
3316
3196
3448
3180
3328
3292
3284
3300
3300
3252
3392
3276
3324
3324
3240
3324
3308
3288
3296
3300
3292
3336
3212
3324
3268
3304
3256
3320
3196
3304
3212
3236
3228
3296
3228
3288
3244
3268
3236
3188
3224
3264
3224
3212
3232
3160
3300
3120
3288
3204
3192
3196
3232
3136
3332
3100
3256
3232
3148
3268
3208
3156
3264
3100
3236
3280
3128
3280
3188
3200
3268
3136
3176
3304
3068
3304
3160
3160
3172
3096
3108
3284
3044
3292
3132
3108
3224
3116
3188
3248
3088
3248
3196
3124
3312
3064
3204
3176
3116
3152
3212
3068
3252
3048
3196
3172
3136
3148
3144
3128
3240
3084
3148
3240
3168
3200
3104
3104
3148
3132
3100
3196
3080
3196
3096
3156
3056
3136
3092
3228
3132
3160
3116
3192
3068
3108
3072
3132
3156
3056
3076
3152
3160
3140
3084
3036
3188
3032
3156
3112
3096
3116
3136
2996
3184
2992
3164
3124
3036
3116
3108
3096
3172
2996
3100
3172
2988
3156
3036
3056
3136
3004
3016
3124
2908
3172
3004
3052
3128
3036
3044
3140
2912
3124
3072
2992
3148
2972
3112
3112
3016
3096
3084
2948
3176
2936
3116
3044
3016
3036
3096
2948
3136
2916
3068
3048
3016
3036
3020
2956
3068
2964
3024
3044
2968
3048
3016
3020
2992
3000
3000
3072
2956
3036
2972
3000
2996
3100
2960
3040
2956
2992
2992
3040
2916
3000
3012
3068
3008
2928
3036
3048
2996
2984
2984
2992
3140
2924
3020
2976
2984
3036
3016
2904
3084
2900
3068
3036
2940
3012
2972
2920
3068
2876
3000
3020
2860
3036
2940
2936
3036
2876
2936
3052
2800
3040
2840
2948
2988
2912
2940
3036
2836
3024
2924
2920
3020
2840
2928
2980
2868
2972
2956
2888
3080
2856
2948
2912
2872
2912
2924
2860
3080
2860
3000
2916
2872
2912
2920
2872
2968
2888
2928
2948
2928
2936
2832
2824
2852
2952
2904
2980
2836
2892
2876
2972
2864
2892
2796
2916
2908
2940
2876
2956
2812
2880
2828
2932
2916
2776
2820
2848
2852
2908
2864
2772
2940
2816
2972
2924
2852
2904
2844
2792
2980
2684
2892
2800
2700
2908
2828
2868
2920
2720
2828
2904
2764
2924
2772
2852
2948
2816
2828
2916
2700
2984
2780
2832
2856
2808
2800
2912
2712
2940
2808
2812
2896
2776
2840
2872
2724
2864
2840
2768
2940
2684
2860
2816
2776
2812
2848
