10812
10831
2708

592
592
764
620
656
740
604
740
708
656
712
664
608
744
612
744
620
704
712
760
640
728
560
712
644
696
660
704
660
700
656
664
708
680
684
708
736
684
764
612
736
696
732
684
712
556
716
600
732
680
592
648
700
636
748
624
672
744
572
784
704
636
708
652
664
824
588
788
668
652
768
676
668
796
564
776
704
672
776
620
680
744
588
728
740
616
816
596
684
720
628
668
732
540
808
600
716
724
616
708
744
612
776
572
644
732
584
732
704
672
768
724
652
752
592
764
680
676
672
724
656
712
600
736
668
676
624
704
684
760
712
692
744
708
668
640
680
644
752
616
748
684
712
684
724
624
764
588
696
700
680
732
732
604
700
604
676
732
552
748
660
652
756
660
624
744
496
768
664
636
720
644
656
788
544
776
676
620
728
636
644
796
564
732
692
632
844
588
724
700
684
752
744
584
816
604
708
684
604
696
748
600
808
672
756
764
588
700
676
668
692
672
656
740
576
732
652
700
684
736
688
728
632
732
688
696
640
692
656
716
676
628
684
668
680
716
728
684
724
628
764
708
668
676
708
616
780
644
764
684
620
676
700
632
772
640
696
768
588
792
700
688
740
688
676
796
540
812
660
676
772
676
664
780
544
764
676
624
764
592
672
756
608
752
724
624
840
620
756
712
632
660
768
596
816
588
768
692
688
716
752
600
772
632
688
716
632
744
712
676
704
676
664
756
604
760
656
692
664
716
632
676
612
692
660
712
660
744
668
668
704
676
692
704
664
716
680
636
776
664
704
640
612
708
772
632
740
560
772
716
604
692
688
636
752
624
664
756
592
792
684
664
760
632
640
796
568
824
652
648
716
664
696
792
548
784
652
644
776
640
716
760
608
732
692
596
760
576
736
692
596
704
760
596
792
588
696
656
620
680
704
616
744
612
692
688
584
708
668
688
712
712
672
740
604
716
656
728
652
764
684
700
612
712
716
712
632
684
648
672
688
616
676
708
680
716
704
636
784
596
744
712
692
692
692
596
788
612
728
696
604
728
724
644
772
636
716
752
600
796
676
624
712
612
680
804
552
848
672
696
760
668
692
772
540
844
684
672
780
632
700
704
584
752
720
620
768
596
756
748
656
724
780
600
776
588
744
700
660
684
704
612
724
624
696
732
640
752
724
688
684
712
684
788
636
700
620
748
676
764
640
740
672
760
688
744
636
740
700
700
736
644
728
692
688
712
708
620
748
588
748
664
628
676
700
660
820
588
740
708
672
768
728
640
772
628
716
744
572
752
608
604
696
604
672
764
540
808
628
692
740
656
700
796
584
828
668
684
764
568
720
684
636
724
668
636
792
524
780
636
696
672
748
616
796
584
700
708
712
740
704
572
712
644
764
712
652
764
684
668
668
720
696
732
624
708
668
716
644
764
704
760
644
684
664
728
632
696
608
664
740
672
748
720
624
708
668
660
764
572
736
692
672
716
684
616
744
544
728
640
612
756
720
668
808
616
720
728
596
812
688
720
780
664
712
784
572
792
608
652
728
632
708
764
544
796
660
684
752
592
716
728
652
760
728
616
796
572
764
648
668
684
724
548
764
556
728
652
668
676
704
648
764
656
732
740
688
724
684
684
656
712
700
804
680
732
648
684
588
768
676
736
668
676
612
708
624
764
680
692
728
632
736
652
616
704
716
608
704
588
796
716
628
684
696
660
816
564
752
684
620
740
648
620
752
588
708
748
588
788
612
648
748
660
720
784
568
812
620
700
732
600
692
748
564
776
636
676
744
600
716
708
604
752
668
652
788
576
728
644
636
688
696
604
756
620
768
704
668
660
700
636
696
644
708
700
648
700
668
680
676
712
640
712
640
764
704
764
636
732
612
732
636
680
708
764
620
716
636
708
744
632
708
684
668
772
720
612
732
572
772
664
644
704
660
600
796
580
752
636
548
736
700
688
740
572
712
764
632
804
616
648
736
620
704
768
512
792
616
696
760
656
680
712
560
780
640
672
748
600
720
688
652
736
640
588
760
572
748
668
660
712
712
608
728
580
740
664
688
692
712
652
728
652
716
700
684
716
688
688
692
732
652
704
612
672
660
724
620
760
652
732
692
696
696
748
640
716
600
640
700
612
744
660
632
736
656
604
776
560
744
628
668
748
700
572
796
536
804
684
608
716
656
636
768
572
712
712
584
792
604
704
732
644
696
764
564
828
580
664
708
628
704
736
556
760
628
704
708
584
708
708
640
740
736
596
812
572
804
644
644
616
760
676
780
580
692
612
684
692
736
688
760
660
700
708
680
728
696
692
656
684
640
712
648
732
668
720
616
732
644
728
692
660
680
720
636
788
644
664
668
600
736
700
620
704
652
604
776
544
764
632
632
708
684
604
808
592
828
716
648
772
664
656
764
580
740
720
564
780
616
684
708
584
680
724
548
800
608
708
716
608
680
760
608
820
660
652
748
564
700
684
628
676
644
632
756
592
756
636
684
652
692
600
772
592
728
608
692
680
700
636
724
648
692
664
656
668
700
684
648
760
644
748
672
668
620
756
652
760
600
724
692
684
676
664
572
788
676
652
696
608
804
688
588
688
672
652
780
576
796
668
644
736
652
640
796
528
752
648
636
764
628
656
756
596
764
676
604
816
632
692
716
620
748
764
560
812
604
724
728
588
680
684
596
812
692
720
756
644
760
676
600
768
672
684
764
636
752
660
700
668
696
652
756
644
752
672
736
684
708
624
680
672
700
720
672
668
696
688
652
724
664
728
660
708
684
708
588
756
620
724
680
648
680
720
660
756
592
680
780
632
704
632
640
776
664
684
776
548
796
648
640
732
652
664
796
572
800
648
600
748
656
680
752
568
744
724
604
792
568
692
728
652
752
744
556
808
576
720
692
656
736
720
604
840
644
700
708
608
764
720
684
756
700
672
724
628
764
628
692
656
688
612
744
616
728
652
708
672
720
640
688
660
672
684
668
636
676
676
632
740
628
724
644
672
696
728
588
756
616
740
696
676
692
660
580
764
620
684
732
604
776
692
656
744
624
684
796
540
796
664
652
700
648
660
800
556
812
628
624
736
644
656
728
604
804
712
588
780
616
740
700
604
720
712
568
796
596
748
700
628
700
700
552
796
604
700
752
684
756
700
652
780
700
652
704
636
736
644
708
668
732
608
684
672
736
732
680
680
712
672
684
656
692
700
708
652
644
620
620
760
616
712
648
712
688
696
612
800
624
764
736
716
752
692
596
764
644
712
732
604
776
668
680
780
668
668
776
568
836
628
700
732
652
680
792
508
816
604
664
728
612
676
732
556
764
680
644
792
588
700
676
604
712
692
600
848
648
744
660
620
696
700
604
788
636
700
720
636
760
708
692
760
720
688
724
600
732
632
736
700
712
636
700
636
728
660
696
632
728
692
732
708
684
716
696
604
664
644
644
732
600
756
652
688
652
660
580
828
648
732
680
688
748
680
568
768
604
712
700
568
768
636
588
732
632
704
756
548
796
636
712
772
668
688
800
544
828
588
652
740
620
680
728
584
768
668
632
740
556
704
676
604
712
708
572
796
580
712
676
648
704
704
572
740
592
720
704
628
724
664
664
720
680
648
724
620
728
596
652
640
724
660
736
652
728
688
732
644
752
636
684
664
652
684
668
612
676
636
652
740
608
732
652
668
752
712
640
788
612
772
696
660
728
672
604
772
588
692
692
600
780
636
608
828
664
676
732
568
884
648
708
760
656
680
804
564
812
652
708
776
660
732
740
572
776
704
656
752
572
732
748
672
756
660
524
772
632
740
628
624
692
704
584
752
604
680
668
628
740
684
692
688
668
664
712
644
732
628
716
672
748
636
704
656
692
628
700
636
756
640
696
712
696
696
680
620
724
680
660
792
652
748
660
672
704
696
588
744
548
740
672
668
744
676
608
768
588
696
700
588
776
612
628
764
652
704
760
548
812
600
656
748
640
688
784
576
800
616
716
764
592
712
752
600
776
664
628
772
604
704
652
616
716
688
592
796
620
744
636
628
716
736
600
756
628
764
748
692
736
688
668
692
684
680
736
652
720
664
732
668
668
620
692
676
692
660
632
708
760
704
664
676
636
708
696
628
752
732
636
744
572
764
656
660
688
716
668
876
604
756
672
664
776
696
652
796
596
744
720
628
812
652
660
768
668
716
740
580
832
592
668
716
608
612
684
532
792
584
648
688
604
728
720
560
732
620
604
824
612
756
672
684
676
720
584
756
572
732
656
688
736
736
620
724
620
688
684
636
704
676
680
692
692
676
704
632
728
656
716
660
740
600
732
656
700
692
704
556
752
676
724
696
636
712
704
604
680
584
604
768
580
744
668
712
748
652
536
760
588
800
668
628
760
728
676
792
608
780
732
568
768
632
708
760
612
656
720
540
796
564
644
720
648
700
748
568
828
580
636
724
636
712
736
640
748
640
636
744
584
732
680
648
724
720
664
816
592
708
620
680
724
744
620
736
632
836
1040
1240
1532
1784
2048
2344
2620
2832
3100
3168
3312
3292
3384
3340
3444
3344
3452
3428
3460
3412
3464
3344
3472
3404
3464
3468
3368
3452
3404
3388
3420
3356
3328
3468
3256
3416
3324
3324
3404
3392
3344
3520
3252
3428
3340
3332
3412
3336
3328
3496
3264
3380
3356
3220
3408
3264
3312
3384
3236
3336
3380
3212
3484
3260
3320
3308
3240
3380
3412
3224
3408
3224
3324
3384
3228
3292
3300
3212
3364
3264
3296
3384
3164
3296
3288
3296
3316
3268
3204
3364
3204
3340
3244
3204
3220
3288
3284
3356
3212
3252
3264
3252
3264
3264
3248
3228
3240
3236
3304
3224
3220
3196
3280
3200
3284
3172
3256
3220
3240
3240
3288
3164
3312
3180
3244
3252
3160
3240
3220
3180
3272
3188
3180
3316
3128
3336
3188
3184
3220
3188
3124
3324
3092
3308
3216
3200
3280
3188
3172
3308
3096
3256
3236
3128
3312
3160
3196
3256
3112
3192
3236
3068
3324
3116
3228
3252
3140
3196
3240
3084
3296
3104
3192
3260
3104
3212
3188
3112
3268
3132
3132
3264
3080
3196
3160
3148
3192
3164
3120
3252
3056
3192
3128
3196
3176
3164
3100
3216
3116
3180
3116
3120
3136
3124
3092
3092
3164
3104
3140
3108
3132
3100
3188
3068
3152
3016
3156
3164
3076
3140
3172
3096
3180
3068
3084
3240
3040
3172
3052
3028
3152
3092
3076
3164
2988
3196
3072
3052
3076
3060
3036
3200
2924
3188
3096
3088
3140
3024
3052
3160
2940
3104
3072
2972
3148
3012
3060
3104
2956
3064
3112
2960
3208
2972
3084
3076
3004
3036
3084
2932
3124
2928
3048
3108
2940
3084
3068
3032
3060
3016
3012
3136
2932
3132
3000
3060
3056
3072
2964
3084
2940
3072
2992
3032
3016
3096
3028
3088
2992
3024
3008
3016
2992
3000
3016
3012
3044
2940
3072
3000
3012
2968
3016
2904
3088
2956
3064
2992
2988
2996
3064
2904
3020
2884
3012
3068
2884
2976
2988
2968
3036
2904
2928
3100
2904
3092
2916
2916
3052
2984
2940
3068
2800
3076
2940
2868
2980
2916
2940
3040
2848
3076
3000
2872
3044
2884
2996
3028
2892
2984
2996
2844
3084
2828
2996
3004
2916
2924
3000
2800
3048
2836
2960
2972
2864
2948
2944
2904
3012
2908
2892
2980
2812
2948
2872
2948
2908
2920
2868
3012
2820
2940
2864
2924
2860
2916
2880
2936
2880
2892
2936
2896
2956
2876
2876
2872
2924
2800
2908
2868
2916
2892
2912
2796
2952
2816
2948
2892
2856
2868
2892
2820
2944
2808
2872
2924
2832
2932
2876
2820
2944
2852
2856
2984
2760
2964
2820
2868
2924
2844
2804
2980
2756
2956
2816
2812
2936
2836
2852
2924
2724
2884
2836
2792
2988
2764
2828
2888
2812
2864
2860
2748
2976
2748
2896
2864
2792
2864
2936
2760
2912
2716
2836
2844
2764
2868
2804
2748
2864
2788
2776
2844
2720
2884
2796
2860
2828
2820
2708
2852
2744
2876
2776
2804
2752
2840
2780
2824
2748
2756
2780
2820
2788
2804
2800
2788
2848
2748
2808
2760
2776
2752
2800
2724
2892
2716
2816
2756
2732
2792
2812
2688
2832
2628
2788
2832
2728
2828
2724
2692
2788
2668
2680
2796
2564
2820
2688
2720
2820
2724
2716
2844
2600
2848
2684
2704
2792
2684
2724
2836
2632
2816
2684
2664
2840
2644
2748
2764
2664
2776
2760
2616
2840
2596
2760
2748
2672
2716
2724
2620
2840
2644
2764
2736
2636
2776
2752
2680
2752
2688
2676
2764
2660
2732
2636
2724
2712
2700
2624
2768
2656
2720
2648
2720
2668
2688
2620
2732
2724
2684
2648
2692
2680
2716
2664
2676
2760
2660
2684
2652
2656
2684
2688
2592
2796
2636
2744
2652
2600
2664
2696
2628
2724
2620
2664
2760
2580
2692
2580
2632
2772
2572
2608
2708
2580
2812
2576
2616
2724
2652
2620
2744
2508
2772
2612
2668
2728
2624
2640
2716
2552
2728
2636
2624
2760
2564
2684
2676
2568
2644
2628
2544
2772
2564
2684
2644
2576
2652
2620
2548
2688
2556
2604
2652
2552
2688
2608
2608
2684
2624
2584
2688
2556
2664
2560
2640
2636
2636
2556
2620
2540
2612
2528
2592
2544
2624
2524
2620
2588
2572
2592
2584
2540
2596
2508
2504
2684
2564
2636
2544
2572
2592
2612
2500
2668
2524
2740
2628
2536
2604
2604
2480
2684
2468
2604
2612
2496
2648
2540
2532
2660
2492
2500
2600
2428
2712
2528
2540
2608
2508
2532
2672
2424
2688
2476
2520
2596
2484
2536
2604
2436
2604
2512
2504
2628
2468
2548
2556
2488
2588
2548
2488
2708
2484
2584
2544
2480
2556
2580
2476
2652
2444
2536
2496
2488
2560
2504
2472
2560
2512
2528
2564
2460
2560
2476
2540
2504
2548
2428
2540
2460
2540
2496
2536
2440
2560
2452
2524
2520
2476
2496
2536
2472
2532
2488
2452
2544
2444
2560
2508
2496
2556
2520
2428
2588
2380
2548
2472
2472
2528
2476
2428
2616
2380
2520
2504
2396
2580
2440
2460
2580
2432
2504
2544
2340
2560
2380
2440
2524
2428
2464
2544
2368
2592
2388
2432
2496
2376
2436
2508
2344
2540
2408
2380
2548
2364
2484
2432
2364
2480
2468
2364
2532
2312
2504
2428
2456
2412
2464
2348
2520
2332
2452
2480
2436
2424
2392
2408
2488
2388
2400
2412
2384
2508
2448
2460
2396
2448
2372
2460
2408
2476
2436
2492
2396
2524
2420
2468
2384
2356
2448
2472
2400
2424
2364
2364
2472
2316
2436
2364
2380
2420
2404
2360
2504
2288
2444
2360
2372
2424
2364
2300
2532
2336
2444
2424
2300
2468
2344
2372
2492
2284
2372
2440
2276
2520
2280
2356
2436
2340
2408
2460
2236
2476
2296
2412
2452
2304
2384
2448
2308
2448
2332
2328
2460
2272
2388
2380
2340
2384
2384
2276
2512
2236
2416
2332
2320
2340
2348
2260
2416
2264
2408
2348
2336
2380
2348
2300
2392
2332
2336
2364
2332
2396
2272
2336
2304
2396
2280
2380
2324
2372
2292
2344
2272
2400
2268
2316
2336
2304
2340
2356
2296
2348
2324
2316
2400
2212
2344
2300
2332
2356
2268
2220
2456
2196
2368
2276
2288
2388
2320
2288
2460
2240
2412
2332
2196
2396
2252
2344
2392
2144
2328
2368
2252
2396
2228
2284
2352
2240
2244
2360
2212
2452
2156
2200
2320
2216
2304
2312
2208
2384
2240
2236
2332
2180
2324
2308
2280
2292
2276
2188
2392
2172
2296
2260
2292
2284
2292
2236
2348
2236
2296
2304
2268
2300
2216
2232
2252
2300
2220
2292
2240
2284
2236
2300
2216
2284
2184
2272
2204
2296
2204
2256
2176
2288
2120
2224
2248
2232
2236
2276
2256
2352
2232
2200
2280
2140
2304
2196
2188
2300
2260
2220
2328
2096
2308
2268
2204
2296
2220
2252
2356
2100
2228
2268
2176
2316
2164
2200
2340
2184
2244
2248
2128
2344
2140
2188
2224
2128
2216
2280
2076
2336
2136
2212
2264
2148
2220
2252
2124
2276
2152
2164
2280
2084
2232
2192
2172
2216
2208
2156
2328
2140
2284
2188
2208
2212
2232
2200
2328
2152
2216
2228
2204
2248
2200
2176
2196
2144
2148
2232
2180
2188
2124
2204
2128
2224
2108
2196
2164
2192
2144
2204
2108
2204
2060
2144
2176
2148
2208
2188
2140
2192
2108
2100
2188
2068
2252
2160
2172
2204
2136
2096
2276
2044
2264
2148
2148
2232
2180
2164
2272
2056
2180
2128
2088
2288
2104
2100
2200
2044
2164
2188
2012
2244
2016
2140
2180
2072
2124
2180
2028
2256
2048
2132
2168
2056
2148
2168
2072
2216
2068
2092
2192
2036
2180
2132
2104
2132
2136
2080
2228
2028
2176
2104
2176
2184
2152
2052
2168
2068
2168
2136
2132
2180
2112
2124
2164
2136
2052
2084
2084
2168
2092
2156
2048
2160
2008
2168
2104
2100
2048
2140
2040
2200
2056
2124
2116
2024
2184
2136
2060
2164
2044
2040
2208
2024
2172
2064
2052
2124
2092
2024
2196
1960
2192
2108
2084
2172
2064
2012
2200
1996
2180
2092
2004
2148
1992
2044
2116
1988
2060
2096
1968
2244
2012
2100
2096
2000
2076
2160
2000
2200
1988
2076
2104
2012
2072
2080
1960
2108
2016
2028
2144
1992
2096
2032
2044
2048
2056
2008
2152
1976
2108
2024
2048
2052
2060
2004
2124
2008
2076
2044
2040
2044
2048
2028
2052
2068
2028
2068
2024
2056
2020
2068
1988
2088
1980
2092
2028
2032
2020
2104
1964
2112
1976
2076
2068
1948
2068
2008
1948
2100
1980
1988
2088
1908
2124
1980
1976
2076
2008
1996
2128
1896
2104
1988
1968
2092
1976
1960
2112
1912
2112
1976
1924
2112
1960
1924
2052
1964
2104
2084
1892
2024
1952
2048
2104
1892
1988
2044
1892
2084
1864
2032
2044
1932
2016
1952
1936
2040
1960
1948
2080
1964
2108
1980
1996
2020
1996
1932
2068
1896
2060
1980
2016
1972
2016
1940
2032
1924
2008
1980
2028
1984
1948
1936
1964
2004
1948
2004
1928
2052
1956
2024
1916
2016
1828
2020
2000
1956
1932
1992
1920
2072
1884
1960
1968
1948
2024
1948
1876
2044
1956
1980
2012
1824
2060
1980
1920
1948
1904
1948
2084
1808
2044
1920
1952
2044
1916
1932
2080
1860
2012
1920
1876
2048
1892
1928
2036
1892
1996
1984
1860
2076
1844
2004
2008
1900
1956
1996
1852
2040
1836
1944
1980
1868
1936
1920
1860
2008
1868
1908
1996
1844
1944
1908
1892
1888
1904
1880
2004
1852
1948
1880
1956
1908
1960
1884
1968
1900
1924
1920
1936
1924
1956
1920
1916
1948
1872
1936
1900
1868
1864
1896
1844
1988
1808
1948
1884
1884
1896
1924
1840
2048
1844
1956
1944
1824
1948
1900
1844
1952
1832
1900
1976
1776
2004
1876
1912
1980
1860
1836
1980
1752
2012
1852
1892
1964
1832
1840
1944
1784
1952
1852
1792
1948
1804
1876
1932
1800
1896
1912
1816
2012
1756
1868
1892
1844
1852
1908
1796
2004
1804
1924
1920
1816
1896
1900
1812
1944
1820
1876
1912
1832
1936
1860
1868
1864
1852
1820
1916
1832
1932
1808
1868
1828
1888
1820
1920
1820
1844
1860
1896
1868
1892
1852
1848
1880
1808
1856
1832
1852
1908
1908
1748
1892
1764
1900
1804
1772
1812
1904
1796
1944
1724
1868
1880
1792
1828
1828
1804
1964
1772
1856
1972
1760
1948
1780
1816
1908
1788
1792
1892
1668
1940
1784
1812
1884
1768
1784
1892
1680
1884
1848
1804
1928
1692
1820
1872
1760
1836
1828
1728
1972
1740
1884
1864
1792
1860
1888
1764
1940
1704
1820
1832
1780
1820
1796
1764
1864
1772
1804
1876
1740
1828
1776
1848
1832
1800
1756
1892
1780
1848
1772
1848
1776
1820
1760
1856
1756
1776
1784
1820
1768
1824
1788
1812
1812
1712
1800
1776
1800
1768
1796
1720
1884
1660
1824
1796
1756
1788
1832
1740
1908
1692
1820
1828
1732
1848
1744
1760
1888
1736
1784
1860
1668
1892
1692
1724
1812
1696
1724
1844
1676
1912
1728
1764
1824
1740
1776
1880
1664
1832
1716
1728
1868
1724
1796
1816
1680
1836
1720
1736
1860
1728
1780
1792
1724
1928
1836
1724
1876
1676
1796
1776
1708
1772
1756
1776
1772
1692
1708
1824
1684
1780
1672
1788
1716
1756
1692
1836
1724
1808
1676
1772
1736
1828
1724
1780
1756
1752
1752
1744
1728
1772
1776
1760
1776
1612
1776
1772
1712
1780
1776
1744
1900
1612
1748
1708
1732
1804
1728
1660
1860
1668
1788
1740
1628
1788
1740
1708
1804
1648
1756
1812
1616
1856
1688
1764
1800
1692
1692
1816
1592
1820
1636
1728
1800
1676
1656
1772
1596
1812
1668
1668
1812
1628
1744
1752
1628
1720
1732
1664
1856
1596
1756
1716
1684
1700
1724
1624
1792
1612
1740
1756
1708
1728
1708
1660
1736
1672
1704
1748
1652
1740
1660
1724
1664
1688
1632
1788
1684
1716
1676
1764
1668
1752
1640
1716
1684
1704
1692
1700
1676
1748
1688
1688
1748
1612
1744
1716
1676
1716
1704
1612
1780
1572
1756
1656
1644
1696
1712
1604
1780
1568
1712
1720
1624
1748
1668
1676
1784
1624
1684
1796
1584
1796
1592
1660
1732
1604
1644
1772
1520
1776
1612
1660
1740
1620
1676
