13536
13569
3392

796
796
616
764
716
664
772
776
632
860
656
812
736
628
776
752
612
812
644
776
844
652
808
752
704
824
708
728
832
560
812
704
728
760
708
724
828
636
864
712
732
788
668
712
764
664
772
724
632
760
660
768
736
728
756
808
684
820
672
800
692
780
688
812
636
760
664
828
764
744
736
732
720
708
756
700
760
748
748
756
800
676
808
700
744
744
728
752
780
636
836
724
744
764
672
772
812
652
780
784
688
824
624
772
732
688
736
704
592
840
632
828
796
676
820
752
612
808
668
800
812
604
808
704
672
808
700
764
824
568
836
680
728
792
736
740
816
588
828
664
712
748
680
724
804
672
796
748
720
776
708
772
740
728
716
772
688
828
688
780
696
744
736
796
692
756
724
736
728
732
748
752
764
676
788
748
812
768
764
700
796
632
836
700
764
764
760
692
784
624
820
716
668
780
620
760
732
652
764
728
656
824
608
804
768
712
736
756
668
844
580
760
732
652
768
708
596
824
668
736
728
584
804
728
688
768
652
760
840
576
796
664
708
772
720
732
800
552
812
756
796
784
636
676
768
712
820
732
636
712
688
832
776
720
680
772
636
744
632
764
708
724
664
744
680
780
728
724
704
756
740
784
788
704
740
668
744
776
760
728
772
620
820
728
740
736
724
756
844
652
832
704
716
776
636
760
788
636
776
752
728
828
556
736
716
700
748
732
604
812
612
820
732
700
772
732
652
860
676
780
744
608
824
728
700
756
644
748
816
588
852
680
768
800
684
728
804
600
776
652
748
788
696
732
744
636
748
708
668
736
648
752
716
764
708
772
668
780
656
720
672
748
696
824
688
732
692
716
688
744
708
724
748
676
756
668
712
736
720
732
828
632
820
628
732
720
736
716
784
592
860
720
752
792
668
756
740
668
816
740
672
812
576
792
716
676
752
744
660
848
612
788
696
652
760
716
636
804
624
780
772
676
816
668
700
808
700
736
800
588
836
668
748
756
676
704
780
600
796
652
744
716
676
712
740
680
788
768
720
764
688
760
732
736
688
796
700
784
684
752
680
716
664
756
676
780
708
740
640
672
704
764
780
620
780
684
772
764
676
708
780
656
832
676
740
764
736
744
796
612
864
676
704
804
688
776
700
592
772
672
652
792
588
832
732
692
764
724
640
832
572
780
708
636
748
728
700
808
644
784
776
636
808
668
712
780
668
708
756
584
812
668
760
780
712
712
776
612
788
652
728
736
712
760
764
696
752
720
708
748
684
768
716
728
684
820
688
756
696
700
680
740
704
760
708
756
780
712
716
716
680
744
756
656
780
684
728
728
704
728
792
632
800
664
728
724
652
724
808
648
836
656
684
772
656
768
768
668
760
668
724
856
612
828
728
696
788
732
632
832
664
860
696
648
768
740
688
792
588
780
764
656
776
648
712
764
644
756
788
628
828
632
740
752
708
720
768
604
796
660
716
692
696
724
756
684
736
704
688
736
680
752
704
736
716
780
672
772
668
732
716
812
656
776
680
772
724
752
720
764
684
796
708
648
764
700
744
764
688
728
736
596
836
660
732
704
636
740
768
620
808
624
672
756
652
796
716
636
824
728
748
792
572
812
684
660
768
680
648
816
532
796
680
672
752
696
692
832
620
760
696
652
828
692
708
784
692
756
768
584
796
652
736
704
704
756
780
628
784
652
776
752
712
704
708
664
736
696
692
732
676
720
680
736
676
764
656
732
732
780
680
692
604
784
704
728
700
692
716
772
692
768
732
632
764
680
780
764
716
752
748
608
816
608
688
704
672
780
768
612
808
628
728
744
572
764
712
632
836
680
716
788
588
804
696
700
792
712
708
880
628
812
668
700
756
688
644
800
624
808
740
636
792
684
704
720
664
748
740
628
836
664
760
732
676
696
768
652
800
668
752
708
728
764
740
668
716
712
704
716
664
700
704
732
688
780
660
708
684
748
704
760
632
792
656
700
772
692
764
764
684
764
740
596
860
668
792
716
656
732
768
640
832
640
764
732
648
740
752
596
860
632
764
780
636
772
716
656
804
660
728
788
588
808
656
688
764
644
664
780
544
800
684
684
772
692
700
792
592
820
688
668
772
660
728
756
628
776
764
652
812
628
732
700
704
696
728
612
780
636
752
692
692
700
724
684
732
708
680
660
720
716
744
748
672
764
676
740
704
712
704
732
616
768
664
732
760
712
696
748
652
804
708
700
788
676
740
736
680
756
700
604
788
576
744
708
668
752
760
632
800
588
780
768
612
784
748
676
832
616
700
764
632
844
648
696
800
716
732
768
580
836
632
676
740
672
732
764
572
792
700
716
764
652
700
764
676
760
708
636
796
668
744
652
640
676
764
680
792
616
716
660
756
776
780
644
652
684
724
756
752
728
672
728
672
832
700
684
668
676
760
812
648
744
604
708
772
716
688
720
616
780
668
676
712
596
764
728
636
752
692
620
820
604
764
664
608
764
764
644
804
536
736
760
676
804
660
636
824
644
760
792
620
844
652
692
780
680
692
712
548
848
636
704
716
684
692
724
556
760
660
668
704
588
720
728
652
716
696
652
792
604
736
720
772
764
764
676
804
644
732
628
680
668
692
632
668
684
716
700
676
680
708
748
664
768
708
748
724
696
708
776
624
812
620
728
724
696
720
744
652
836
700
716
768
664
776
716
644
764
704
612
780
580
788
680
640
724
696
588
860
628
848
744
676
832
728
688
836
636
716
692
600
828
660
680
744
676
708
744
564
796
596
700
736
712
708
756
636
844
672
688
724
668
724
744
704
768
756
700
788
660
752
680
720
688
760
644
800
680
756
672
712
664
728
708
732
748
736
736
760
684
676
676
604
752
616
720
708
668
692
728
568
772
604
736
760
732
784
784
668
800
692
676
804
612
760
724
676
828
696
668
764
584
804
716
684
808
760
672
844
584
780
712
648
820
676
668
788
584
744
736
612
828
644
744
744
680
720
760
576
816
604
732
708
672
696
744
620
828
688
716
768
696
716
716
656
748
720
700
812
704
744
680
708
692
728
632
748
660
744
684
756
644
692
628
700
720
704
692
740
704
748
740
640
780
656
720
716
692
716
732
608
816
620
756
728
672
704
736
628
792
632
712
732
592
720
700
644
768
716
676
760
576
860
728
684
756
736
684
840
548
792
708
708
768
624
648
780
616
756
656
604
836
648
712
748
684
732
716
568
816
636
732
688
708
712
756
648
812
672
704
740
692
708
716
676
720
684
616
740
648
708
644
712
684
760
632
752
672
744
652
724
672
752
656
660
716
708
708
696
644
720
704
660
784
616
712
724
716
720
708
584
844
648
772
728
680
732
716
636
864
632
632
736
652
796
680
620
768
684
688
804
536
768
644
688
764
680
652
776
532
792
724
676
792
612
668
828
676
780
704
608
808
660
728
736
636
732
740
612
820
600
732
692
692
732
728
668
796
684
700
716
648
676
676
684
744
736
676
748
632
708
652
708
672
736
636
760
668
760
704
776
668
716
652
732
748
700
696
756
684
708
708
656
800
592
716
688
692
724
708
568
808
616
744
700
620
700
704
624
820
644
748
780
632
784
696
684
800
640
680
772
552
824
692
676
776
672
668
780
564
788
644
660
796
692
700
748
580
756
676
628
812
620
736
748
688
732
728
620
824
596
732
696
732
720
712
632
800
688
700
684
676
748
732
732
704
680
652
724
680
732
700
728
680
756
648
716
692
728
668
764
700
772
652
700
712
640
644
732
712
764
692
616
792
600
724
696
668
700
696
572
840
596
736
712
624
736
700
604
796
596
772
752
660
788
664
644
776
616
760
804
636
764
624
632
724
640
580
788
584
812
644
604
756
628
668
744
632
768
724
616
808
612
716
704
640
724
760
656
856
640
756
692
688
688
676
612
760
664
704
696
676
672
660
680
684
680
644
732
680
692
636
708
628
764
648
732
688
700
628
740
644
760
672
692
736
684
680
760
680
772
724
660
808
644
744
728
680
748
732
612
828
580
752
700
652
724
688
604
848
640
708
680
624
808
688
648
780
684
720
780
556
764
636
732
768
628
660
812
592
796
624
652
764
624
620
688
620
788
696
620
788
616
732
680
612
680
716
656
808
628
760
704
740
680
700
636
776
652
712
744
744
720
676
688
696
740
668
732
676
720
672
788
680
764
636
756
704
708
676
748
640
724
660
672
708
656
696
756
668
748
668
604
820
644
748
720
636
732
732
620
804
548
696
660
628
756
708
624
824
624
732
752
624
844
652
648
764
656
716
780
580
788
628
684
780
664
636
796
584
796
664
684
764
608
648
804
700
776
676
640
848
668
764
724
684
732
744
644
784
600
744
708
724
664
704
620
728
628
704
684
684
676
680
684
692
744
664
704
656
720
692
768
656
764
632
724
716
716
640
724
636
776
708
748
760
664
700
720
624
692
692
664
812
556
700
652
676
716
672
576
832
616
764
680
640
756
660
596
816
624
764
724
592
788
676
868
1192
1304
1636
2004
2160
2780
3008
3404
3724
3776
3904
4112
3928
4140
4036
4052
4156
4064
4092
4164
4036
4180
4116
4040
4204
4036
4196
4148
4112
4136
4140
4040
4164
4032
4132
4052
4068
4044
4092
4036
4096
4012
4052
4032
4020
4012
4004
3996
3964
4024
3964
4020
4004
3996
3964
4044
3948
4080
3960
4060
4004
3980
4004
4068
3956
4044
3940
4004
4028
3920
3972
4000
3924
4032
3968
3916
4080
3888
4020
3996
3924
3980
3940
3844
4056
3832
4032
3972
3892
4012
3940
3872
4020
3808
3948
3956
3820
4036
3904
3868
4052
3860
3932
3968
3784
3928
3896
3908
3996
3860
3876
3996
3772
3996
3860
3892
3996
3860
3916
3944
3852
3948
3876
3852
3984
3800
3916
3892
3880
3876
3892
3808
3964
3792
3928
3836
3904
3876
3884
3808
3880
3848
3884
3852
3884
3844
3864
3848
3816
3908
3816
3884
3872
3860
3852
3884
3784
3920
3740
3880
3828
3828
3800
3880
3756
3924
3748
3832
3880
3756
3852
3844
3724
3820
3744
3724
3908
3700
3896
3804
3756
3820
3784
3736
3964
3652
3896
3724
3720
3884
3784
3712
3884
3688
3836
3804
3660
3836
3708
3820
3852
3692
3768
3840
3692
3892
3652
3736
3832
3732
3716
3808
3644
3900
3708
3740
3804
3720
3780
3796
3668
3776
3708
3668
3792
3660
3756
3724
3740
3752
3756
3680
3796
3620
3736
3684
3752
3684
3728
3684
3756
3684
3736
3668
3712
3660
3704
3688
3672
3732
3652
3724
3684
3672
3656
3724
3648
3756
3564
3664
3676
3664
3640
3696
3576
3740
3604
3660
3728
3608
3652
3688
3604
3704
3620
3560
3732
3540
3748
3652
3576
3644
3608
3552
3760
3468
3704
3644
3584
3696
3596
3544
3696
3492
3688
3660
3560
3708
3540
3612
3648
3536
3652
3680
3496
3688
3520
3664
3660
3612
3588
3660
3460
3688
3520
3588
3624
3556
3580
3620
3536
3648
3532
3508
3684
3552
3636
3552
3556
3564
3612
3556
3628
3484
3604
3560
3636
3532
3540
3508
3568
3532
3564
3552
3564
3504
3564
3580
3544
3572
3452
3556
3572
3576
3564
3576
3436
3644
3404
3556
3500
3484
3520
3580
3464
3644
3460
3524
3576
3468
3520
3516
3452
3596
3468
3472
3644
3420
3616
3520
3456
3564
3548
3452
3620
3352
3612
3524
3460
3524
3436
3436
3644
3356
3508
3500
3428
3612
3380
3440
3528
3420
3448
3496
3376
3596
3376
3452
3484
3452
3488
3532
3356
3540
3408
3496
3544
3424
3472
3484
3420
3500
3420
3412
3500
3364
3480
3432
3476
3440
3420
3368
3500
3388
3484
3380
3492
3412
3440
3392
3444
3400
3404
3372
3400
3340
3408
3440
3380
3492
3332
3412
3400
3408
3384
3444
3336
3548
3340
3456
3424
3360
3356
3384
3304
3472
3344
3408
3448
3292
3404
3392
3324
3464
3348
3336
3484
3236
3420
3352
3312
3412
3336
3284
3488
3212
3448
3352
3300
3420
3328
3300
3476
3228
3408
3348
3248
3420
3228
3312
3400
3304
3376
3348
3300
3424
3300
3324
3348
3264
3328
3424
3220
3416
3268
3352
3372
3264
3312
3396
3336
3380
3288
3276
3380
3260
3312
3280
3328
3324
3312
3224
3368
3232
3316
3224
3316
3224
3372
3260
3284
3256
3292
3248
3340
3248
3288
3248
3204
3324
3180
3276
3276
3256
3284
3336
3160
3372
3160
3348
3300
3256
3248
3276
3148
3364
3176
3300
3320
3180
3308
3268
3224
3320
3220
3208
3364
3128
3324
3176
3228
3324
3244
3180
3348
3096
3332
3180
3108
3240
3168
3236
3304
3068
3248
3264
3180
3300
3100
3220
3272
3148
3200
3248
3124
3292
3076
3212
3200
3188
3192
3228
3084
3280
3180
3196
3220
3140
3196
3236
3168
3208
3148
3132
3256
3152
3228
3140
3168
3124
3192
3144
3232
3136
3208
3100
3204
3108
3176
3112
3176
3176
3164
3148
3176
3116
3168
3132
3068
3196
3036
3164
3140
3092
3124
3176
3092
3248
3008
3116
3104
3048
3148
3188
3052
3204
3036
3144
3212
3052
3180
3108
3048
3148
3064
3080
3220
2964
3164
3064
3028
3144
3068
3012
3232
2972
3184
3068
3048
3156
3020
3064
3196
2980
3136
3088
3036
3164
2980
3120
3136
3044
3068
3112
2992
3140
2940
3100
3100
3060
3004
3076
2984
3148
3036
3052
3040
3008
3044
3068
3000
3068
3068
3052
3076
3024
3072
3012
3068
3048
3140
3052
3116
2976
3032
2992
3116
3020
3084
2988
3064
3092
3032
3036
3064
2968
3048
3020
2988
3084
2900
3012
3032
3004
3024
3000
2876
3136
2912
3068
3048
2976
3024
3044
2956
3108
2876
3028
3100
2920
3040
2984
2944
3036
2896
2924
3060
2852
3068
2956
2984
3092
3004
2928
3100
2852
3076
2932
2940
3064
2936
2948
3028
2856
3044
2940
2876
3072
2900
3024
3036
2924
2944
2976
2908
3068
2848
2972
2984
2972
2944
2960
2888
3044
2888
2956
2972
2956
2940
2912
2900
2936
2964
2924
2952
2892
2972
2928
2960
2904
2988
2900
3008
2920
2944
2876
2988
2860
2972
2876
2876
2896
2876
2904
2964
2844
2900
2868
2844
2972
2828
2940
2896
2836
2928
2940
2812
3028
2796
2944
2900
2820
2896
2924
2812
2996
2816
2940
2952
2812
2964
2856
2844
2956
2864
2876
3028
2780
2984
2832
2828
2916
2804
2812
2972
2764
2988
2832
2840
2932
2804
2860
2956
2748
2912
2848
2820
2972
2768
2880
2900
2800
2864
2892
2784
3000
2772
2896
2896
2860
2864
2860
2728
2924
2780
2908
2808
2792
2792
2836
2800
2792
2832
2824
2928
2804
2820
2804
2840
2772
2920
2764
2892
2804
2868
2752
2892
2688
2840
2736
2812
2836
2780
2768
2828
2732
2832
2816
2728
2844
2692
2824
2816
2724
2800
2844
2720
2900
2640
2824
2784
2748
2804
2840
2752
2908
2724
2816
2844
2740
2848
2724
2772
2916
2736
2724
2880
2712
2920
2732
2700
2796
2768
2808
2872
2600
2844
2728
2724
2800
2652
2712
2848
2644
2732
2688
2704
2844
2648
2752
2752
2708
2724
2720
2644
2820
2596
2744
2704
2752
2728
2752
2680
2784
2676
2752
2732
2740
2760
2808
2772
2752
2720
2684
2784
2716
2736
2676
2740
2660
2764
2664
2720
2700
2712
2684
2728
2628
2704
2676
2688
2724
2624
2660
2712
2628
2736
2684
2632
2772
2600
2716
2764
2692
2712
2692
2620
2844
2580
2724
2708
2624
2712
2672
2596
2764
2588
2712
2680
2552
2764
2640
2644
2728
2628
2660
2744
2536
2724
2604
2628
2752
2680
2680
2792
2528
2732
2624
2624
2724
2592
2640
2728
2564
2688
2636
2604
2736
2548
2652
2676
2620
2664
2688
2620
2732
2516
2648
2616
2664
2616
2632
2600
2748
2620
2612
2596
2628
2672
2652
2652
2612
2624
2560
2636
2584
2600
2596
2660
2556
2668
2556
2620
2556
2600
2592
2668
2532
2664
2556
2616
2672
2584
2580
2596
2516
2648
2616
2572
2712
2512
2648
2604
2540
2608
2600
2504
2708
2500
2692
2632
2544
2628
2572
2544
2704
2460
2608
2632
2492
2684
2552
2544
2620
2492
2568
2664
2472
2680
2504
2556
2652
2540
2528
2676
2448
2664
2516
2560
2616
2492
2524
2608
2448
2604
2532
2524
2628
2472
2584
2580
2524
2600
2568
2492
2596
2500
2600
2536
2548
2556
2644
2524
2552
2444
2540
2552
2564
2524
2552
2548
2512
2528
2504
2600
2540
2540
2512
2572
2476
2616
2492
2560
2520
2556
2508
2532
2392
2588
2484
2532
2544
2460
2520
2564
2456
2536
2472
2504
2648
2432
2532
2508
2436
2540
2524
2424
2648
2380
2548
2492
2444
2556
2500
2444
2604
2380
2564
2564
2428
2560
2432
2440
2568
2448
2492
2544
2352
2564
2400
2496
2540
2444
2464
2584
2384
2588
2404
2476
2544
2408
2464
2556
2388
2512
2420
2444
2560
2388
2512
2468
2408
2452
2480
2404
2504
2352
2488
2456
2524
2356
2512
2384
2504
2380
2492
2424
2560
2444
2496
2460
2416
2532
2396
2472
2344
2420
2420
2500
2340
2472
2332
2484
2420
2408
2408
2532
2344
2492
2332
2408
2428
2360
2452
2472
2336
2460
2384
2380
2540
2300
2492
2440
2380
2464
2396
2308
2512
2288
2476
2420
2360
2444
2368
2364
2560
2264
2448
2440
2324
2496
2356
2348
2440
2376
2460
2424
2260
2524
2360
2396
2424
2332
2392
2516
2276
2472
2316
2384
2432
2300
2360
2444
2332
2460
2380
2372
2448
2304
2424
2388
2384
2392
2412
2340
2436
2308
2444
2324
2364
2324
2384
2348
2392
2316
2368
2324
2360
2292
2348
2340
2344
2368
2300
2392
2336
2328
2316
2388
2284
2444
2292
2412
2340
2320
2344
2428
2284
2392
2268
2316
2352
2268
2328
2372
2284
2396
2320
2300
2440
2244
2412
2356
2324
2428
2360
2296
2460
2176
2404
2328
2276
2380
2288
2248
2432
2208
2408
2372
2268
2448
2300
2312
2340
2228
2288
2348
2200
2416
2264
2352
2356
2284
2272
2344
2176
2376
2280
2340
2376
2272
2324
2380
2256
2348
2284
2280
2308
2192
2304
2292
2288
2280
2316
2224
2356
2192
2328
2236
2316
2236
2332
2272
2304
2240
2296
2248
2316
2276
2356
2296
2204
2320
2276
2336
2300
2236
2264
2320
2232
2356
2168
2304
2292
2276
2288
2332
2168
2356
2184
2308
2348
2216
2284
2284
2192
2360
2256
2216
2292
2100
2344
2304
2236
2320
2268
2192
2404
2120
2360
2240
2180
2304
2212
2192
2324
2044
2244
2228
2136
2316
2140
2212
2288
2168
2296
2316
2132
2352
2148
2256
2252
2176
2204
2308
2104
2320
2188
2240
2248
2180
2224
2268
2180
2308
2224
2220
2296
2148
2268
2196
2232
2220
2244
2152
2244
2128
2260
2172
2244
2164
2196
2172
2228
2160
2188
2172
2196
2176
2236
2220
2140
2236
2176
2256
2192
2148
2172
2236
2124
2244
2092
2256
2208
2160
2184
2248
2096
2272
2076
2204
2248
2132
2232
2232
2136
2252
2124
2140
2272
2040
2252
2180
2116
2232
2172
2116
2300
2020
2276
2184
2124
2240
2176
2136
2276
2060
2236
2164
2072
2252
2100
2168
2196
2100
2188
2228
2056
2236
2072
2124
2172
2132
2156
2232
2084
2268
2100
2156
2176
2116
2148
2160
2084
2164
2128
2104
2188
2044
2168
2076
2140
2088
2160
2068
2184
2056
2168
2096
2164
2056
2164
2100
2140
2112
2140
2092
2184
2048
2088
2148
2096
2260
2052
2200
2096
2116
2136
2184
1992
2212
2064
2180
2112
2076
2096
2156
2028
2228
2044
2128
2172
2008
2152
2140
2048
2164
2084
2108
2240
2036
2160
2072
2040
2100
2060
2072
2260
1948
2172
2092
2056
2184
2028
1996
2132
2028
2188
2092
1960
2160
2008
2092
2060
1988
2112
2140
1980
2168
1988
2120
2072
2044
2048
2120
2000
2184
2016
2088
2132
2036
2040
2088
1996
2116
2056
2068
2096
2020
2096
2060
2052
2064
2136
2052
2100
2020
2112
2048
2088
1980
2092
2068
2116
2088
2076
2076
2088
1976
2048
2040
2028
2124
2012
2116
2088
1992
2032
2072
1960
2156
1980
2128
2108
2048
2072
2076
1948
2116
1964
2068
2096
1956
2072
2044
1948
2076
1944
1964
2120
1912
2140
2040
2028
2092
2000
1968
2152
1868
2124
2040
2020
2124
1984
1984
2076
1872
2040
1992
1928
2084
1956
2020
2044
1968
2036
2072
1916
2116
1936
2068
2040
2000
2012
2104
1928
2076
1916
2016
2028
1988
2024
2036
1972
2056
2020
2028
2076
1964
2032
1980
2012
1932
2020
1932
2044
1924
2016
1960
2048
1968
2056
2000
2020
2044
1964
1952
2008
1936
2044
2000
1928
2036
1904
2072
2020
1912
1972
2016
1924
2068
1860
2008
1956
1920
2004
2008
1884
2072
1892
2000
1984
1880
2004
1984
1920
2072
1984
1964
2016
1804
2052
1988
1936
1968
1868
1912
2088
1852
2084
1932
1920
2028
1932
1968
2072
1816
1984
1912
1892
2044
1884
1972
1976
1852
1968
1972
1880
2060
1884
1972
1944
1944
1948
2012
1868
2028
1888
1996
1960
1936
1940
1964
1904
1940
1912
1952
1996
1908
1956
1908
1948
1908
1952
1880
1972
1876
1964
1900
1992
1864
2004
1900
1920
1944
1928
1928
1988
1868
1976
1932
