23302
23342
5836

3592
3592
3400
3532
3460
3404
3456
3472
3372
3572
3344
3436
3492
3396
3512
3456
3384
3508
3372
3384
3548
3308
3496
3388
3416
3496
3416
3388
3568
3308
3500
3376
3388
3476
3360
3384
3492
3284
3416
3360
3312
3544
3372
3436
3464
3404
3416
3452
3316
3504
3276
3420
3420
3396
3380
3428
3312
3448
3324
3404
3384
3368
3392
3384
3352
3456
3380
3280
3364
3312
3400
3324
3368
3228
3376
3320
3420
3316
3360
3224
3400
3312
3452
3292
3304
3356
3348
3352
3384
3232
3360
3360
3328
3404
3292
3404
3356
3264
3340
3380
3312
3460
3180
3332
3364
3304
3340
3296
3264
3464
3260
3324
3348
3224
3380
3304
3276
3376
3248
3252
3384
3164
3408
3252
3272
3328
3252
3236
3392
3124
3364
3220
3260
3388
3232
3244
3356
3176
3364
3324
3172
3404
3136
3292
3228
3184
3212
3408
3216
3356
3140
3236
3220
3200
3220
3320
3256
3396
3192
3252
3220
3220
3244
3236
3212
3264
3264
3204
3228
3192
3280
3236
3268
3212
3300
3212
3288
3184
3204
3164
3292
3156
3252
3184
3244
3228
3172
3176
3260
3164
3268
3228
3176
3272
3116
3208
3200
3128
3208
3216
3144
3336
3096
3260
3228
3104
3200
3180
3088
3268
3064
3192
3212
3068
3228
3148
3136
3244
3152
3168
3236
3016
3252
3120
3132
3180
3112
3116
3292
3040
3264
3100
3100
3204
3140
3164
3232
3028
3196
3148
3108
3228
3020
3112
3144
3096
3124
3152
3040
3224
3044
3180
3132
3112
3100
3176
3092
3180
3052
3136
3168
3148
3152
3168
3124
3132
3116
3084
3152
3092
3124
3076
3096
3064
3176
3068
3128
3048
3084
3052
3164
3044
3188
3096
3148
3120
3036
3060
3100
2996
3104
3056
3020
3128
2972
3088
3100
3024
3108
3084
2984
3216
2964
3136
3076
3028
3124
3096
2956
3144
2932
3076
3092
2988
3132
3024
2988
3120
3000
3028
3112
2884
3128
2996
3076
3132
3048
3020
3160
2892
3124
3016
3028
3100
2972
3036
3084
2916
3072
2976
2964
3088
2916
3044
3008
3000
3044
3056
2960
3092
2924
3044
2964
3004
2992
3040
2980
3076
2928
2988
2972
2972
2972
3032
3008
3028
2988
2964
3036
2992
3004
2948
3028
2932
3048
2944
3048
2980
3000
2948
3040
2920
3016
2940
2972
2980
2932
2976
3032
2932
3036
2972
2916
3036
2844
2996
2972
2900
2984
2956
2860
3052
2844
3048
3008
2916
2980
2936
2892
3056
2856
3008
3012
2856
3016
2864
2904
3012
2880
2928
2996
2808
3048
2848
2928
2996
2896
2916
3060
2820
3044
2856
2904
2980
2852
2920
2972
2868
2976
2908
2868
2992
2824
2928
2892
2868
2888
2920
2872
2952
2812
2892
2840
2860
2852
2892
2856
2940
2828
2920
2880
2900
2868
2888
2880
2848
2904
2868
2888
2880
2940
2836
2932
2840
2920
2788
2868
2876
2900
2836
2892
2764
2948
2864
2872
2856
2792
2844
2916
2756
2856
2804
2860
3000
2760
2876
2864
2824
2912
2884
2784
2936
2668
2876
2804
2792
2904
2840
2756
2932
2744
2900
2880
2744
2924
2836
2856
2936
2748
2796
2908
2708
2924
2764
2792
2880
2796
2808
2912
2692
2908
2748
2796
2884
2768
2824
2824
2708
2892
2832
2792
2840
2696
2816
2772
2808
2796
2868
2704
2816
2688
2844
2816
2772
2764
2804
2800
2876
2740
2792
2808
2860
2784
2792
2772
2724
2780
2716
2792
2756
2776
2760
2812
2712
2852
2724
2828
2744
2772
2708
2812
2676
2816
2692
2780
2788
2692
2760
2784
2704
2796
2720
2672
2864
2620
2804
2772
2688
2780
2748
2664
2876
2660
2844
2764
2696
2764
2696
2676
2820
2584
2784
2736
2668
2812
2680
2696
2784
2680
2776
2844
2652
2852
2668
2724
2760
2680
2700
2804
2588
2792
2616
2696
2760
2644
2696
2748
2612
2752
2644
2680
2724
2624
2708
2708
2656
2676
2684
2664
2756
2644
2764
2652
2688
2636
2704
2628
2700
2636
2708
2680
2688
2620
2676
2704
2684
2688
2628
2680
2660
2644
2624
2688
2596
2740
2560
2676
2668
2688
2660
2676
2540
2712
2620
2664
2692
2592
2684
2692
2556
2700
2644
2644
2744
2512
2740
2684
2604
2688
2632
2600
2784
2512
2728
2660
2636
2720
2612
2596
2768
2500
2688
2636
2544
2708
2596
2616
2688
2568
2668
2700
2524
2692
2516
2580
2668
2572
2620
2712
2496
2704
2536
2608
2640
2564
2596
2644
2520
2636
2592
2572
2680
2544
2628
2616
2576
2592
2592
2572
2652
2540
2636
2548
2600
2544
2628
2532
2588
2524
2556
2548
2584
2532
2600
2576
2556
2640
2548
2608
2580
2548
2552
2640
2492
2640
2500
2616
2544
2556
2556
2608
2456
2632
2460
2544
2556
2472
2548
2572
2456
2604
2484
2472
2616
2436
2620
2536
2472
2564
2520
2508
2684
2396
2616
2540
2484
2608
2552
2492
2612
2380
2580
2524
2444
2584
2460
2532
2608
2472
2540
2584
2416
2636
2432
2516
2564
2448
2484
2544
2408
2564
2432
2476
2556
2444
2524
2544
2440
2536
2500
2484
2572
2432
2548
2496
2472
2488
2500
2464
2536
2408
2516
2436
2516
2432
2536
2484
2524
2488
2520
2520
2564
2464
2472
2516
2484
2532
2412
2492
2512
2472
2468
2496
2340
2588
2496
2572
2448
2404
2488
2564
2384
2540
2404
2524
2552
2428
2500
2492
2364
2540
2424
2400
2540
2328
2492
2408
2428
2556
2452
2388
2572
2328
2584
2484
2412
2520
2440
2444
2568
2332
2504
2448
2336
2524
2380
2484
2524
2388
2452
2520
2364
2556
2360
2420
2412
2372
2436
2492
2304
2516
2372
2444
2460
2372
2420
2444
2344
2448
2376
2408
2460
2344
2456
2384
2388
2396
2364
2392
2460
2312
2448
2364
2356
2412
2440
2424
2352
2328
2368
2396
2436
2304
2444
2440
2400
2460
2332
2428
2376
2352
2360
2436
2316
2484
2268
2392
2384
2336
2352
2428
2300
2480
2316
2400
2424
2308
2416
2380
2288
2472
2332
2348
2500
2268
2460
2368
2376
2408
2324
2308
2500
2228
2476
2316
2332
2428
2348
2324
2444
2212
2412
2368
2276
2420
2300
2368
2396
2284
2332
2384
2228
2460
2284
2412
2368
2308
2300
2404
2268
2436
2288
2376
2368
2328
2352
2356
2284
2396
2312
2332
2372
2276
2380
2340
2340
2312
2336
2276
2368
2268
2352
2284
2376
2268
2392
2300
2308
2292
2324
2324
2356
2260
2352
2304
2276
2356
2264
2348
2308
2272
2336
2356
2236
2428
2208
2336
2320
2284
2316
2352
2220
2424
2220
2288
2336
2228
2328
2284
2200
2408
2268
2276
2384
2140
2368
2292
2220
2336
2276
2284
2384
2076
2328
2228
2204
2304
2228
2232
2384
2164
2340
2252
2188
2360
2192
2248
2288
2216
2304
2312
2164
2356
2172
2296
2272
2244
2284
2348
2196
2392
2236
2300
2260
2180
2260
2292
2236
2324
2260
2244
2304
2196
2292
2224
2244
2196
2276
2200
2284
2184
2260
2172
2300
2188
2276
2200
2252
2212
2228
2244
2276
2172
2244
2228
2184
2308
2188
2280
2244
2180
2208
2252
2148
2320
2132
2268
2196
2188
2284
2284
2136
2284
2096
2232
2216
2092
2252
2204
2140
2268
2148
2192
2288
2056
2308
2208
2172
2248
2156
2172
2328
2068
2316
2156
2160
2220
2140
2156
2288
2048
2268
2224
2168
2272
2124
2172
2260
2132
2208
2188
2116
2252
2108
2216
2216
2120
2152
2192
2084
2228
2112
2188
2172
2124
2164
2192
2136
2208
2160
2160
2152
2112
2180
2152
2180
2164
2228
2168
2176
2168
2188
2160
2228
2072
2172
2180
2216
2148
2084
2124
2224
2128
2180
2124
2060
2264
2160
2232
2148
2116
2212
2216
2064
2236
2056
2208
2164
2076
2136
2180
2108
2244
1972
2148
2180
2072
2156
2124
2064
2240
2080
2124
2180
2000
2232
2100
2104
2204
2092
2060
2164
1976
2276
2144
2080
2164
2076
2128
2228
2032
2180
2056
2044
2200
2060
2128
2128
2052
2156
2188
2076
2200
2012
2132
2108
2112
2112
2140
2012
2164
2044
2164
2108
2060
2076
2132
2052
2144
2088
2084
2100
2088
2160
2144
2132
2072
2156
2104
2160
2108
2076
2136
2100
2084
2120
2032
2004
2128
2068
2052
2100
1944
2072
2084
2060
2188
2032
2168
2072
2008
2076
2120
1992
2172
1948
2148
2044
2008
2056
2064
1968
2172
1964
2072
2068
1996
2132
2076
2024
2152
2024
2080
2156
1940
2168
2012
2020
2108
2024
2044
2132
1856
2152
1956
2028
2124
2020
2068
2156
1940
2156
2044
2040
2104
1988
2064
2068
1948
2028
2052
1948
2180
2020
2132
2040
1992
2016
2108
2008
2128
2012
2060
2028
2012
2008
2008
1944
2012
1996
1996
2040
2000
2052
2024
2056
1992
2076
1996
2072
2052
2092
2036
2100
1944
2068
1964
2004
2020
1968
2000
2044
1968
2068
2012
1960
2076
1908
2028
2032
1948
2048
2024
1924
2124
1900
2096
2008
1984
2076
2044
1924
2136
1908
2056
2028
1924
2084
2008
1976
2104
1932
1996
2076
1940
2144
1972
1948
2048
1940
1976
2076
1852
2100
1936
1908
2000
1916
1956
2048
1840
2076
1976
1920
2004
1856
1996
1992
1916
1980
1984
1912
2072
1896
2020
1944
2008
1984
2024
1900
2044
1976
2044
1976
1964
1956
2012
1964
1980
1964
1952
1976
1904
1948
1948
2012
1916
2016
1904
2000
1904
1956
1928
2032
1852
2024
1952
2016
2036
1960
2008
2008
1892
2000
1956
1896
2036
1848
1984
1972
1900
2000
1948
1836
2052
1828
2044
1944
1940
2008
1984
1832
2020
1788
1972
1936
1844
2004
1932
1888
2004
1832
1900
1964
1764
2024
1888
1924
2008
1904
1936
2016
1788
2032
1860
1900
1984
1888
1956
2036
1852
2008
1920
1912
2004
1852
1920
1916
1848
1924
1936
1860
2008
1852
1964
1932
1940
1908
1944
1872
1952
1872
1948
1884
1892
1884
1916
1884
1908
1912
1892
1900
1852
1876
1880
1936
1828
1908
1836
1956
1900
1876
1864
1944
1820
1948
1796
1808
1928
1892
1892
1888
1788
1948
1876
1804
1952
1820
1996
1936
1792
1916
1904
1832
1996
1740
1952
1916
1844
1932
1876
1816
1988
1796
1884
1860
1796
1980
1836
1776
1944
1852
1952
1984
1752
1980
1884
1880
1908
1784
1844
1952
1740
1996
1860
1848
1860
1796
1828
1904
1732
1888
1792
1776
1928
1840
1908
1880
1804
1860
1932
1812
1904
1744
1896
1820
1840
1820
1904
1780
1868
1796
1872
1844
1860
1836
1876
1840
1836
1856
1832
1868
1848
1872
1840
1876
1760
1912
1764
1844
1788
1824
1808
1900
1724
1908
1836
1796
1876
1704
1776
1908
1772
1972
1824
1796
1876
1748
1880
1780
1744
1868
1864
1748
1896
1664
1892
1804
1740
1868
1836
1804
1916
1684
1892
1864
1760
1892
1804
1808
1912
1720
1784
1876
1704
1928
1764
1796
1816
1732
1780
1908
1692
1884
1764
1776
1840
1768
1788
1860
1716
1868
1820
1820
1856
1696
1816
1776
1764
1808
1812
1752
1840
1740
1856
1768
1804
1744
1832
1748
1832
1784
1828
1764
1804
1796
1872
1800
1768
1796
1764
1832
1824
1796
1788
1824
1704
1832
1716
1788
1788
1772
1780
1836
1680
1856
1700
1772
1816
1740
1792
1816
1708
1848
1756
1708
1872
1668
1820
1768
1668
1804
1784
1732
1932
1668
1864
1764
1708
1804
1740
1676
1860
1644
1812
1776
1664
1860
1736
1708
1804
1712
1768
1816
1612
1848
1732
1776
1804
1740
1784
1840
1608
1852
1708
1740
1772
1700
1748
1772
1680
1820
1740
1688
1792
1704
1800
1728
1704
1748
1796
1736
1816
1668
1812
1736
1756
1672
1780
1740
1796
1716
1736
1736
1780
1696
1728
1696
1740
1764
1700
1728
1736
1736
1736
1748
1636
1788
1692
1776
1716
1716
1724
1756
1604
1796
1660
1724
1740
1664
1720
1720
1616
1776
1700
1672
1832
1652
1788
1708
1664
1772
1700
1632
1808
1580
1828
1704
1720
2200
2732
3392
4296
4732
5532
6044
6460
7052
7200
7340
7448
7360
7484
7564
7432
7652
7476
7588
7652
7548
7608
7648
7484
7700
7572
7576
7608
7528
7580
7592
7520
7584
7476
7468
7568
7448
7508
7468
7484
7480
7464
7384
7512
7372
7472
7388
7472
7424
7476
7376
7448
7392
7416
7356
7456
7348
7420
7376
7288
7340
7332
7388
7356
7292
7324
7412
7272
7416
7204
7332
7400
7376
7320
7348
7244
7448
7236
7288
7336
7296
7348
7308
7140
7376
7244
7196
7336
7156
7328
7276
7200
7340
7244
7196
7396
7108
7300
7244
7220
7324
7172
7136
7296
7068
7268
7212
7144
7272
7172
7156
7228
7108
7224
7208
7000
7228
7100
7228
7216
7140
7132
7228
7032
7252
7036
7104
7156
7148
7160
7184
7064
7180
7060
7064
7164
7080
7104
7068
7068
7100
7120
7020
7068
6992
7136
7060
7160
7044
7132
7024
7096
7024
7032
7028
7084
7024
7092
7012
7036
7060
6964
7012
7004
6980
7004
7028
6928
7128
6912
7004
6944
6956
6980
7012
6868
7104
6908
7000
6964
6904
6992
6972
6908
7040
6808
6976
7024
6900
6980
6900
6876
7032
6924
6832
7068
6808
7044
6828
6828
6996
6856
6844
6964
6804
7012
6884
6816
6952
6828
6848
6864
6768
6864
6884
6748
6972
6760
6900
6856
6784
6784
6844
6692
6920
6744
6812
6832
6816
6852
6788
6716
6808
6724
6772
6852
6748
6848
6768
6784
6764
6752
6716
6808
6756
6852
6740
6840
6704
6788
6692
6720
6712
6720
6704
6768
6704
6804
6692
6648
6740
6668
6700
6744
6676
6716
6708
6612
6780
6608
6688
6664
6640
6684
6720
6572
6812
6604
6676
6696
6628
6732
6664
6528
6732
6604
6616
6684
6504
6732
6604
6536
6680
6556
6560
6716
6500
6748
6556
6552
6656
6568
6576
6680
6468
6660
6572
6524
6628
6480
6520
6596
6464
6580
6544
6444
6656
6468
6564
6580
6552
6540
6552
6372
6628
6468
6532
6548
6520
6536
6536
6444
6548
6424
6448
6496
6456
6524
6476
6528
6488
6500
6380
6500
6412
6488
6380
6508
6460
6552
6404
6432
6408
6436
6412
6448
6352
6488
6396
6396
6456
6336
6436
6424
6340
6372
6388
6320
6516
6280
6400
6404
6388
6420
6404
6252
6488
6296
6396
6380
6292
6436
6416
6260
6436
6264
6348
6428
6200
6468
6308
6292
6428
6260
6260
6404
6160
6416
6256
6316
6396
6272
6284
6400
6192
6396
6252
6228
6352
6192
6272
6316
6196
6332
6216
6192
6372
6228
6280
6312
6228
6276
6264
6172
6300
6152
6224
6244
6208
6208
6244
6148
6260
6168
6192
6204
6168
6232
6172
6152
6164
6196
6140
6196
6168
6200
6136
6228
6104
6268
6144
6104
6136
6180
6140
6156
6052
6200
6116
6108
6144
6028
6148
6204
6108
6152
6120
6076
6224
5996
6108
6088
6112
6172
6140
6012
6248
6028
6140
6108
6024
6168
6112
6000
6172
6016
6092
6136
5932
6140
6000
6032
6128
6020
6032
6180
5940
6204
6004
6032
6116
6024
6000
6052
5888
6160
6028
5980
6092
5956
6016
6044
5964
6044
6016
5928
6088
5908
6088
5984
5904
5920
5960
5888
6020
5908
5976
5920
5960
6012
5996
5896
6000
5940
5956
5964
5924
5956
5884
5908
5908
6000
5900
5900
5820
5884
5892
5936
5796
5924
5836
5916
5932
5920
5900
5924
5784
5960
5836
5848
5920
5820
5908
5856
5816
5916
5844
5760
5940
5740
5928
5852
5756
5836
5820
5736
5960
5732
5872
5816
5764
5884
5852
5656
5940
5708
5884
5852
5676
5856
5788
5784
5864
5784
5756
5900
5660
5944
5736
5788
5848
5696
5748
5840
5636
5836
5680
5712
5836
5708
5732
5744
5660
5804
5768
5692
5768
5640
5772
5720
5728
5656
5720
5620
5760
5624
5732
5680
5712
5708
5708
5628
5736
5684
5660
5700
5676
5724
5632
5688
5656
5760
5632
5692
5652
5708
5652
5724
5560
5692
5592
5644
5620
5632
5628
5668
5528
5728
5608
5596
5696
5576
5636
5624
5580
5716
5652
5540
5716
5496
5660
5576
5548
5620
5624
5500
5700
5488
5628
5564
5480
5640
5564
5508
5692
5524
5596
5600
5432
5676
5492
5508
5644
5524
5516
5628
5404
5672
5440
5484
5528
5460
5468
5572
5412
5636
5460
5468
5528
5472
5532
5556
5448
5548
5516
5432
5552
5396
5528
5436
5448
5440
5504
5364
5524
5380
5492
5436
5428
5416
5428
5404
5436
5436
5444
5432
5408
5428
5428
5440
5380
5464
5352
5396
5364
5400
5396
5436
5292
5476
5360
5448
5440
5336
5368
5424
5276
5460
5364
5368
5504
5300
5376
5340
5320
5460
5388
5324
5516
5276
5448
5352
5300
5404
5380
5264
5444
5212
5400
5352
5260
5412
5320
5300
5452
5256
5356
5372
5200
5456
5256
5264
5372
5296
5308
5368
5136
5404
5196
5272
5352
5252
5292
5308
5124
5380
5228
5264
5300
5236
5260
5324
5188
5292
5216
5208
5308
5236
5324
5240
5224
5228
5272
5172
5324
5196
5252
5200
5212
5176
5208
5148
5232
5196
5192
5196
5212
5224
5192
5204
5148
5252
5124
5116
5184
5192
5132
5188
5048
5276
5132
5172
5140
5080
5140
5228
5068
5232
5120
5168
5232
5068
5188
5156
5104
5204
5092
5060
5296
5040
5196
5100
5116
5208
5132
5004
5212
4988
5188
5092
5052
5224
5136
5048
5148
4976
5076
5108
4964
5188
5044
5084
5124
5020
5056
5132
4928
5192
5000
5076
5116
5056
5072
5124
4968
5148
4996
5032
5092
5012
5076
5040
4996
5108
5044
4984
5096
4964
5088
5020
5100
4984
4992
4928
5048
4964
5000
4984
5040
4952
5020
4956
4972
4964
4980
4956
4956
4952
4952
4988
4928
5020
4892
4948
4960
5004
4988
5044
4840
5020
4888
4992
5012
4892
4908
4940
4884
5100
4928
4892
4976
4812
4988
4952
4892
4992
4852
4860
5040
4812
5012
4860
4860
4964
4872
4816
5000
4768
4964
4856
4804
4944
4860
4812
4968
4776
4900
4860
4792
4932
4804
4792
4860
4804
4876
4956
4728
5008
4732
4828
4836
4756
4840
4916
4792
4928
4724
4820
4880
4824
4860
4816
4764
4856
4812
4776
4864
4772
4856
4752
4808
4824
4848
4736
4836
4776
4852
4812
4836
4728
4800
4728
4784
4760
4796
4776
4800
4784
4748
4752
4688
4848
4704
4720
4692
4756
4728
4804
4644
4880
4664
4788
4716
4716
4772
4812
4616
4820
4684
4728
4812
4628
4788
4676
4628
4804
4672
4644
4808
4580
4792
4676
4660
4732
4680
4600
4796
4548
4756
4652
4608
4728
4620
4600
4696
4552
4652
4676
4572
4780
4588
4640
4680
4592
4644
4684
4488
4756
4584
4704
4724
4652
4636
4660
4560
4716
4572
4632
4644
4584
4636
4604
4608
4636
4600
4528
4624
4588
4656
4580
4620
4560
4668
4528
4644
4560
4604
4524
4600
4556
4636
4576
4600
4592
4548
4576
4592
4544
4572
4572
4508
4636
4504
4604
4564
4552
4556
4592
4476
4684
4500
4576
4580
4496
4528
4556
4440
4640
4456
4508
4548
4416
4604
4540
4460
4540
4432
4452
4616
4368
4588
4448
4508
4600
4504
4452
4608
4392
4584
4456
4400
4572
4460
4432
4544
4392
4540
4492
4364
4584
4444
4524
4512
4392
4476
4504
4320
4596
4308
4460
4468
4452
4388
4468
4300
4524
4340
4432
4444
4408
4456
4440
4384
4492
4448
4380
4456
4396
4444
4360
4448
4392
4476
4376
4464
4412
4440
4384
4444
4352
4476
4360
4428
4440
4364
4352
4428
4428
4388
4352
4300
4492
4344
4380
4340
4328
4396
4464
4252
4404
4216
4368
4388
4304
4376
4408
4268
4444
4252
4348
4444
4232
4408
4316
4260
4424
4316
4260
4420
4212
4460
4292
4292
4396
4272
4256
4396
4176
4364
4244
4220
4344
4256
4280
4372
4220
4356
4300
4208
4400
4228
4264
4332
4244
4280
4300
4156
4408
4220
4292
4268
4204
4248
4300
4188
4364
4192
4264
4232
4188
4256
4220
4236
4248
4236
4196
4288
4236
4268
4220
4280
4204
4332
4164
4236
4192
4208
4176
4296
4240
4296
4140
4224
4272
4220
4228
4208
4140
4220
4240
4124
4236
4096
4244
4228
4164
4176
4188
4080
4312
4104
4232
4224
4096
4180
4188
4088
4316
4132
4124
4220
4068
4252
4148
4076
4204
4064
4108
4244
4076
4260
4092
4068
4204
4124
4140
4236
4008
4220
4096
4108
4180
4052
4080
4188
4048
4172
4108
3992
4212
3984
4128
4156
4040
4108
4100
3932
4248
4036
4180
4024
4076
4084
4120
3996
4140
4044
4132
4136
4040
4060
4072
4064
4076
4016
4032
4096
4052
4088
3956
4092
4028
4156
4024
4064
4024
4048
4012
4064
3988
4096
3972
4044
4068
4032
4092
4108
4024
4076
4032
4008
4128
3996
4064
4012
3984
4052
4052
3928
4108
3912
4028
3996
3944
4024
4012
3868
4104
3960
4028
4072
3900
4092
3976
3976
4096
3964
3964
4080
3848
4124
3908
3964
4056
4000
3964
4068
3844
4068
3932
3900
4072
3924
3948
4044
3924
4020
3956
3872
4068
3904
3964
3952
3900
3928
3972
3880
4092
3852
3932
3900
3924
3912
3964
3868
3980
3856
3928
3912
3892
3924
3880
3912
3932
3944
3908
3932
3880
3908
3864
3936
3836
3980
3828
3904
3884
3868
3848
3916
3804
3940
3828
3852
3912
3816
3880
3912
3852
3928
3868
3804
3980
3816
3936
3880
3844
3908
3876
3748
3964
3704
3844
3828
3792
3892
3848
3772
3964
3736
3828
3864
3732
3912
3816
3800
3880
3772
3812
3912
3676
3960
3744
3808
3868
3752
3788
3920
3700
3876
3708
3780
3852
3736
3764
3848
3752
3892
3736
3728
3908
3728
3788
3764
3796
3820
3812
3640
3832
3652
3820
3736
3736
3780
3836
3716
3836
3652
3732
3788
3768
3752
3720
3752
3740
3748
3696
3748
3716
3748
3676
3752
3692
3832
3656
3768
3740
3708
3656
3796
3704
3784
3676
3740
3812
3692
3704
3668
3624
3792
3764
3624
3732
3612
3772
3704
3624
3692
3728
3620
3836
3568
3744
3736
3668
3724
3680
3624
3848
3564
3644
3708
3564
3772
3604
3640
3780
3656
3692
3776
3536
3800
3608
3680
3716
3612
3620
3720
3556
3768
3596
3600
3680
3588
3620
3676
3556
3676
3632
3592
3740
3556
3624
3616
3644
3676
3688
3568
3716
3528
3660
3604
3600
3580
3612
3536
3652
3548
3612
3588
3604
3616
3580
3628
3608
3636
3580
3632
3608
3636
3556
3612
3472
3628
3484
3604
3596
3580
3556
3600
3484
3676
3512
3544
3620
3560
3636
3564
3488
3616
3584
3488
3656
3412
3600
3572
3532
3584
3548
3460
3708
3424
3588
3564
3456
3576
3496
3464
3648
3396
3540
3564
3476
3656
3488
3500
3600
3468
3552
3616
3404
3608
3400
3520
3580
3488
3504
3588
3384
3580
3408
3464
3528
3436
3484
3548
3444
3588
3528
3480
3600
3448
3560
3492
3460
3416
3548
3404
3640
3384
3492
3384
3584
3464
3492
3372
3464
3408
3452
3440
3460
3456
3472
3472
3432
3472
3404
3496
3484
3476
3436
3512
3388
3508
3336
3512
3476
3460
3436
3532
3416
3568
3412
3448
3492
3372
3444
3416
3380
3468
3424
3352
3508
3304
3504
3452
3372
3480
3416
3336
3524
3260
3476
3420
3336
3440
3380
3328
3488
3304
3440
3452
3324
3504
3308
3336
3428
3288
3356
3444
3256
3544
3324
3376
3420
3336
3356
3436
3292
3452
3300
3352
3420
3324
3372
3388
3280
3396
3296
3276
3396
3256
3364
3352
3360
3396
3372
3300
3428
3292
3400
3356
3384
3328
3380
3324
3404
3300
3348
3360
3368
3336
3328
3328
3324
3368
3284
3332
3324
3340
3292
3372
3232
3400
3208
3348
3324
3276
3304
3340
3208
3376
3256
3304
3348
3204
3308
3312
3240
3340
3260
3236
3400
3188
3344
3300
3268
3308
3260
3196
3404
3188
3356
3248
3220
3328
3268
3180
3372
3140
3288
3284
3164
3372
3192
3224
3308
3156
3240
3332
3164
3364
3120
3220
3288
3204
3256
3308
3148
3324
3128
3208
3288
3156
3252
3244
3196
3244
3240
3208
3340
3092
3244
3220
3268
3216
3248
3148
3300
3100
3204
3144
3212
3192
3220
3156
3256
3232
3228
3204
3212
3184
3216
3176
3112
3232
3140
3240
3196
3100
3060
3220
