3202
3207
802

1072
1072
876
1152
900
1020
1008
940
956
1044
964
1092
980
944
1072
900
1016
940
936
1004
1020
936
1072
908
1044
964
996
960
1020
952
1060
964
1016
972
996
972
1008
980
936
992
972
996
980
1004
1008
1028
880
1008
876
1020
1024
1008
956
1048
932
1088
884
932
992
980
996
1000
896
1052
956
912
1020
888
1060
984
952
1044
1032
924
1092
852
1032
948
932
1024
960
852
1092
852
1016
988
928
1084
940
888
1020
888
988
984
836
1104
912
988
984
924
956
1036
832
1088
888
984
984
924
1000
1020
920
1064
960
948
1020
916
980
924
944
1052
1040
880
1036
940
1060
924
1004
928
988
948
1112
956
992
960
1012
952
968
968
960
968
972
1040
992
932
872
960
928
1084
852
952
912
968
988
1004
868
1076
860
972
996
924
988
936
860
1060
952
916
968
796
1044
968
940
1012
924
904
1076
828
1032
908
896
1004
940
868
1032
820
1020
960
908
1076
932
912
1012
880
988
988
828
1068
876
992
984
892
956
1028
844
1076
852
952
1000
944
980
996
868
1028
940
964
1020
912
1020
916
1008
980
1000
824
1004
852
1056
960
988
944
956
904
984
896
972
948
992
900
980
912
924
944
876
940
972
972
956
952
844
1028
876
992
940
936
940
1004
836
1040
868
956
964
844
972
932
852
1028
880
872
988
832
972
928
892
996
940
888
1068
832
1048
904
900
1012
920
860
1020
776
992
964
888
1028
884
904
1000
868
952
976
848
1076
852
956
976
908
924
988
844
1072
840
960
968
888
932
980
872
1008
920
936
1016
912
952
920
940
948
1000
904
1044
884
988
924
964
872
968
872
1000
900
952
916
944
920
996
964
928
980
900
956
948
892
920
940
884
1024
856
952
952
924
932
968
836
1056
820
956
968
920
1016
956
876
1036
824
888
1016
844
1020
924
892
1016
872
832
1036
784
1024
900
896
968
896
836
1028
840
1028
912
832
1020
864
924
968
832
952
908
816
1044
820
928
968
864
904
960
816
1028
824
952
936
912
932
952
824
980
896
884
940
888
980
928
916
908
916
844
976
852
916
868
944
892
972
880
912
856
944
896
928
876
944
904
892
908
828
940
976
924
924
960
872
1052
828
900
900
896
936
932
800
1024
804
936
912
844
1008
964
856
980
900
956
1036
800
1008
884
872
960
876
840
1028
756
964
828
884
996
904
852
1044
804
1044
944
856
1004
832
872
972
856
900
952
832
1036
812
908
924
872
900
972
816
1036
860
928
948
880
908
936
856
972
872
888
904
848
908
876
888
896
924
860
884
832
948
916
956
820
952
892
1012
908
916
880
960
888
940
836
824
940
892
968
924
832
816
856
792
1056
836
952
876
864
956
1020
804
972
736
916
964
844
912
840
808
1016
828
864
956
784
956
852
880
996
892
824
1000
748
1028
848
860
976
904
868
980
736
952
876
844
968
816
892
968
868
916
908
796
1044
784
912
884
876
872
912
768
996
800
908
840
872
924
948
888
964
888
860
896
816
884
888
932
884
936
824
968
788
940
796
880
840
948
860
888
924
852
872
936
816
904
864
888
952
800
856
908
888
872
884
796
1004
744
880
912
896
908
892
788
1024
828
920
932
812
916
860
804
956
780
860
932
756
984
840
844
968
828
864
988
744
936
816
844
988
884
808
936
788
988
892
828
956
800
868
960
812
888
896
796
1000
792
924
892
884
884
932
824
1020
792
916
860
836
844
876
808
932
852
836
904
876
900
848
896
848
928
824
952
884
916
868
924
840
944
784
876
852
876
876
940
848
924
824
840
964
812
884
892
836
876
876
788
1012
800
920
848
844
932
924
768
1020
796
912
892
796
956
868
848
968
796
884
996
804
1024
792
868
936
872
856
980
708
948
796
884
948
848
788
916
788
968
828
800
976
796
908
924
824
900
932
824
1008
760
884
840
824
872
892
764
948
760
868
824
828
856
900
848
908
848
844
892
864
876
860
908
848
888
780
824
824
924
860
884
756
944
868
940
844
792
840
968
808
884
860
868
988
828
860
816
824
864
896
776
1016
800
924
816
796
892
896
764
1016
760
940
900
780
912
848
800
968
768
860
948
780
980
780
840
932
816
828
984
736
1000
800
824
872
796
808
948
756
940
828
812
924
776
868
900
820
864
880
764
940
752
900
844
836
808
840
764
932
812
892
844
856
860
856
824
884
828
856
908
868
832
828
888
852
904
812
904
880
908
840
936
772
920
796
972
896
828
832
896
828
916
832
816
952
808
896
836
820
900
884
764
996
728
864
820
836
920
888
756
944
700
892
876
764
892
804
816
988
756
856
916
700
908
764
872
952
776
764
908
740
988
732
788
904
860
876
892
700
900
800
776
916
768
836
864
780
840
864
764
932
716
844
804
812
840
880
784
936
776
872
836
840
828
824
828
888
872
844
828
848
848
796
848
776
904
788
868
880
824
808
904
764
916
780
804
964
812
900
872
800
884
780
820
924
820
948
868
796
872
888
764
972
716
916
836
792
860
840
736
984
724
880
868
764
888
820
776
952
784
840
892
748
984
804
840
888
800
784
956
712
948
804
848
896
800
772
860
744
876
808
768
900
756
856
848
812
828
860
768
964
776
892
820
852
824
868
760
904
764
868
832
848
796
844
824
860
840
812
844
820
828
804
880
792
960
808
892
828
860
812
860
712
888
740
828
848
788
820
852
796
932
792
780
880
736
892
844
796
848
796
756
952
728
892
836
800
852
836
748
960
724
908
876
784
940
792
760
908
740
800
856
688
944
716
780
864
772
816
892
752
948
748
804
892
768
796
860
716
876
768
792
912
764
852
812
744
792
784
736
908
744
828
788
820
804
860
744
908
760
868
812
868
796
852
820
852
836
796
792
828
840
796
824
712
888
752
836
748
764
784
908
764
900
732
868
876
768
792
868
820
936
796
788
920
744
836
788
812
880
832
712
884
680
896
832
780
844
828
760
956
692
904
872
788
888
740
760
952
748
836
884
716
940
760
828
860
760
824
904
692
928
720
812
828
756
784
864
756
876
792
788
884
760
828
828
824
828
828
756
872
704
824
764
796
760
812
764
876
780
852
780
808
772
808
812
816
820
764
816
776
768
764
832
752
904
764
832
804
816
816
852
708
892
728
836
852
788
796
808
776
932
748
796
900
764
844
796
732
856
792
748
908
640
876
804
796
872
784
696
908
668
844
820
716
840
692
764
936
760
808
812
692
960
732
800
832
744
792
888
708
904
700
804
808
772
804
892
732
860
736
772
860
756
792
792
808
828
808
700
848
708
876
776
836
764
844
760
900
740
824
808
828
780
828
780
816
836
764
812
828
780
764
784
736
884
716
824
812
796
768
816
732
864
756
820
904
736
808
776
792
932
748
768
800
704
860
764
760
860
836
768
940
652
888
760
752
840
812
772
916
640
868
784
756
892
792
784
916
716
812
832
724
932
728
800
828
780
772
852
700
936
676
820
804
792
772
836
744
868
716
812
836
760
796
784
768
796
824
740
816
760
852
788
836
768
812
724
800
708
784
748
804
724
780
752
768
856
760
816
808
748
792
824
744
896
708
848
804
768
800
856
708
932
680
808
792
764
820
812
752
904
744
768
856
668
836
772
784
904
820
760
940
656
884
744
772
840
764
716
884
616
884
796
768
892
768
804
896
724
872
820
732
876
712
772
832
700
812
832
696
852
708
812
800
768
820
828
756
856
732
772
820
772
804
816
820
816
820
748
844
688
788
752
808
720
820
712
880
780
788
700
836
780
832
732
768
804
768
764
768
720
784
832
700
816
700
836
776
724
728
792
712
900
652
824
828
756
796
748
720
868
708
764
852
692
892
768
748
804
740
728
852
612
860
748
812
840
732
720
908
632
872
784
764
864
708
748
804
692
812
828
712
896
688
824
816
776
812
836
700
880
688
832
824
768
732
748
672
808
724
768
828
748
772
764
752
776
764
716
832
732
832
796
888
772
820
704
820
724
788
776
844
732
824
764
796
800
748
792
820
752
804
812
752
892
668
796
760
684
740
788
680
900
640
812
788
732
808
768
712
872
708
764
836
696
936
732
712
816
748
748
872
596
816
676
756
828
740
720
896
664
872
756
732
840
704
796
916
752
820
760
728
908
676
764
736
704
796
848
696
836
624
768
764
776
776
796
668
812
740
808
776
660
720
772
780
752
748
736
880
752
768
700
808
732
828
724
860
812
780
756
840
756
868
772
760
796
740
800
804
764
808
808
740
844
620
820
788
772
796
816
724
892
628
844
760
712
792
712
668
836
620
816
788
716
816
756
712
832
744
732
892
660
916
708
720
812
724
780
876
676
904
764
748
816
704
772
816
684
816
792
704
876
652
800
796
756
748
800
696
860
656
812
744
764
728
772
664
788
708
780
804
760
744
732
748
736
764
724
828
760
788
700
788
688
840
724
832
740
780
764
852
724
800
716
756
796
720
796
788
688
796
776
724
876
684
852
796
740
784
812
696
916
656
780
728
664
804
748
688
840
644
780
796
632
856
736
764
824
680
756
888
636
876
704
760
816
748
748
868
608
836
732
756
780
640
724
788
664
808
772
708
860
644
788
796
756
832
896
844
1024
944
1112
1164
1228
1300
1444
1488
1572
1496
1508
1524
1528
1556
1552
1580
1556
1632
1520
1628
1584
1564
1528
1624
1536
1624
1448
1588
1540
1584
1496
1548
1432
1648
1532
1564
1584
1508
1600
1560
1476
1576
1580
1512
1632
1412
1628
1556
1496
1508
1524
1456
1672
1416
1608
1532
1492
1612
1552
1476
1636
1452
1572
1568
1432
1652
1500
1500
1576
1456
1536
1588
1356
1608
1444
1508
1548
1496
1528
1616
1428
1652
1468
1480
1564
1464
1548
1584
1460
1556
1524
1436
1564
1432
1548
1472
1468
1484
1532
1440
1596
1444
1580
1488
1516
1488
1532
1480
1552
1488
1512
1520
1484
1508
1532
1532
1480
1540
1464
1540
1464
1492
1484
1556
1436
1576
1420
1560
1516
1480
1504
1548
1424
1588
1448
1452
1516
1392
1512
1468
1420
1532
1508
1492
1624
1412
1576
1488
1468
1548
1532
1404
1592
1324
1588
1476
1396
1508
1424
1424
1592
1396
1560
1536
1368
1564
1464
1472
1540
1464
1564
1584
1320
1580
1408
1548
1524
1452
1428
1532
1328
1592
1412
1424
1532
1420
1476
1508
1408
1480
1436
1400
1576
1440
1512
1436
1432
1484
1516
1408
1516
1356
1512
1480
1516
1452
1480
1440
1560
1472
1484
1464
1424
1420
1464
1504
1444
1524
1428
1524
1472
1476
1456
1500
1332
1484
1404
1532
1436
1440
1484
1524
1388
1508
1372
1436
1532
1380
1484
1480
1416
1504
1412
1372
1532
1356
1556
1444
1424
1508
1508
1408
1556
1276
1520
1444
1388
1500
1496
1388
1588
1308
1512
1464
1368
1436
1456
1484
1548
1340
1388
1488
1316
1556
1316
1476
1492
1396
1408
1472
1320
1512
1372
1436
1540
1432
1472
1472
1368
1436
1404
1412
1524
1340
1484
1436
1420
1404
1460
1348
1472
1364
1476
1412
1456
1432
1492
1404
1432
1408
1432
1452
1468
1428
1448
1456
1380
1484
1356
1440
1388
1404
1412
1500
1348
1484
1316
1468
1436
1400
1400
1472
1360
1532
1368
1440
1452
1296
1420
1456
1372
1472
1412
1380
1492
1272
1480
1376
1340
1456
1420
1336
1516
1276
1532
1416
1352
1452
1384
1392
1500
1300
1456
1480
1308
1540
1332
1424
1444
1376
1400
1492
1276
1500
1332
1408
1412
1376
1440
1476
1300
1468
1340
1356
1428
1320
1440
1452
1372
1436
1424
1340
1464
1300
1436
1392
1424
1396
1440
1340
1468
1300
1432
1396
1436
1352
1412
1328
1428
1348
1396
1384
1388
1288
1380
1416
1344
1392
1292
1440
1396
1340
1332
1408
1308
1524
1308
1420
1412
1384
1388
1360
1220
1420
1304
1412
1408
1280
1428
1376
1332
1400
1364
1356
1516
1212
1444
1396
1388
1424
1340
1308
1480
1216
1436
1340
1304
1444
1332
1324
1444
1260
1440
1400
1264
1468
1272
1364
1380
1292
1376
1440
1244
1452
1232
1392
1364
1316
1348
1420
1244
1452
1312
1404
1396
1300
1352
1376
1300
1368
1348
1348
1448
1292
1416
1372
1388
1336
1388
1300
1420
1268
1396
1312
1404
1336
1412
1320
1344
1316
1324
1380
1356
1304
1372
1392
1296
1412
1312
1392
1336
1328
1340
1376
1252
1428
1268
1436
1384
1324
1380
1396
1264
1396
1252
1344
1400
1256
1388
1352
1300
1416
1304
1304
1412
1164
1456
1340
1320
1384
1340
1312
1472
1212
1428
1316
1308
1420
1272
1304
1444
1240
1380
1364
1232
1380
1228
1344
1368
1276
1312
1412
1264
1444
1228
1404
1364
1232
1276
1384
1280
1428
1284
1332
1332
1256
1336
1332
1244
1348
1348
1316
1420
1244
1360
1292
1324
1336
1436
1300
1344
1244
1392
1328
1332
1216
1292
1284
1356
1324
1300
1292
1296
1252
1316
1348
1292
1360
1216
1324
1284
1288
1304
1340
1212
1412
1232
1396
1312
1252
1324
1328
1252
1400
1228
1308
1296
1180
1388
1320
1232
1344
1288
1328
1444
1180
1432
1300
1308
1380
1276
1256
1460
1172
1400
1264
1268
1336
1212
1240
1360
1204
1424
1312
1240
1324
1244
1264
1244
1160
1320
1396
1148
1348
1116
1344
1300
1220
1240
1312
1212
1376
1236
1304
1316
1260
1292
1308
1260
1356
1304
1268
1352
1272
1344
1276
1296
1256
1308
1200
1316
1228
1332
1252
1320
1228
1308
1272
1324
1276
1248
1292
1288
1240
1264
1276
1216
1336
1176
1316
1252
1252
1248
1328
1168
1368
1144
1280
1268
1236
1308
1316
1192
1332
1172
1276
1336
1160
1300
1280
1236
1360
1264
1224
1380
1108
1372
1220
1260
1328
1240
1240
1368
1100
1324
1228
1228
1344
1212
1236
1340
1180
1360
1296
1188
1328
1172
1260
1244
1176
1284
1296
1184
1356
1188
1288
1292
1228
1264
1336
1188
1308
1176
1280
1264
1188
1244
1272
1256
1248
1272
1196
1328
1196
1296
1260
1304
1204
1316
1188
1320
1172
1272
1212
1280
1112
1292
1232
1256
1192
1212
1260
1292
1180
1240
1224
1232
1388
1168
1276
1232
1256
1316
1280
1144
1396
1148
1348
1276
1184
1284
1292
1164
1332
1124
1284
1276
1128
1288
1244
1224
1296
1148
1216
1328
1100
1344
1188
1204
1292
1192
1180
1308
1092
1344
1172
1164
1248
1132
1184
1276
1116
1308
1224
1172
1360
1164
1280
1264
1188
1264
1292
1180
1364
1168
1304
1228
1228
1236
1276
1160
1316
1196
1288
1280
1224
1228
1224
1184
1244
1220
1212
1268
1164
1248
1212
1252
1156
1276
1212
1296
1180
1224
1188
1276
1168
1268
1180
1212
1192
1156
1236
1256
1148
1224
1200
1144
1260
1108
1244
1180
1164
1248
1276
1140
1296
1064
1280
1220
1176
1244
1252
1160
1372
1140
1272
1260
1140
1284
1204
1148
1288
1144
1196
1276
1088
1336
1156
1212
1244
1148
1180
1296
1064
1296
1160
1164
1272
1188
1212
1292
1076
1240
1184
1148
1256
1108
1224
1224
1164
1240
1252
1128
1320
1092
1248
1208
1200
1156
1212
1160
1280
1096
1200
1188
1184
1164
1212
1148
1188
1200
1212
1216
1108
1180
1172
1252
1164
1280
1164
1232
1148
1240
1196
1252
1092
1212
1140
1256
1228
1108
1140
1172
1116
1232
1164
1108
1224
1092
1276
1204
1152
1168
1160
1060
1300
1072
1292
1172
1140
1248
1212
1108
1272
1052
1224
1228
1124
1276
1148
1160
1276
1116
1168
1228
1040
1340
1132
1164
1196
1160
1200
1264
996
1244
1120
1196
1220
1100
1196
1284
1068
1196
1152
1156
1320
1068
1248
1192
1168
1188
1164
1000
1320
1064
1292
1096
1124
1152
1188
1064
1156
1108
1232
1160
1124
1100
1208
1180
1232
1148
1164
1180
1148
1204
1116
1164
1080
1252
1124
1192
1088
1192
1136
1240
1088
1276
1116
1160
1168
1124
1220
1220
1084
1208
1148
1120
1260
1060
1228
1100
1120
1232
1212
1040
1244
996
1200
1136
1108
1204
1152
1112
1264
1048
1212
1168
1068
1244
1148
1140
1204
1076
1180
1244
1016
1252
1084
1128
1172
1104
1148
1252
1008
1272
1100
1172
1216
1152
1140
1220
1068
1260
1116
1140
1244
1116
1212
1208
1108
1140
1160
1092
1224
1044
1172
1104
1116
1132
1208
1096
1212
1084
1168
1136
1144
1128
1160
1116
1140
1160
1124
1252
1096
1172
1152
1140
984
1180
1076
1180
1092
1176
1132
1204
1036
1204
1052
1168
1172
1092
1140
1148
1088
1200
1116
1088
1236
1060
1220
1088
1092
1216
1160
1024
1224
1020
1264
1148
1072
1168
1148
1076
1224
984
1224
1172
1040
1244
1084
1132
1192
1028
1112
1196
1004
1284
1108
1148
1192
1108
1132
1240
1020
1244
1112
1148
1180
1080
1140
1164
1008
1188
1104
1060
1168
1044
1200
1152
1156
1164
1164
1044
1204
1020
1188
1064
1132
1100
1156
1076
1168
1084
1152
1136
1128
1116
1156
1132
1108
1148
1100
1124
1096
1128
1116
1160
1056
1192
1044
1152
1112
1148
1140
1156
1008
1180
1056
1132
1168
1068
1128
1140
1048
1180
1104
1080
1196
1012
1168
1080
1076
1180
1124
1048
1260
980
1220
1116
1048
1168
1128
1060
1208
1008
1168
1116
1000
1188
1052
1072
1172
1068
1160
1220
1000
1228
1024
1084
1104
1044
1084
1164
976
1148
992
1036
1112
1036
1100
1140
988
1144
1052
1044
1168
1012
1160
1092
1068
1116
1136
1008
1156
1004
1120
1056
1096
1076
1132
1036
1120
1088
1100
1084
1084
1116
1104
1052
1028
1148
1092
1152
1084
1072
1104
1132
996
1180
988
1164
1104
1128
1128
1124
992
1148
1016
1128
1136
1032
1120
1076
1036
1180
1064
1012
1140
980
1204
1096
1048
1120
1068
1016
1196
908
1140
1020
1032
1184
1124
1060
1172
968
1132
1080
980
1176
1016
1064
1128
1032
1108
1136
940
1184
1012
1052
1084
1016
1080
1156
980
1196
992
1052
1100
1060
1144
1124
956
1132
1088
1040
1132
980
1144
1076
1084
996
1148
1020
1192
972
1140
972
1180
1076
1116
1012
1072
1060
1116
1012
1048
1084
1188
1092
1064
1072
1052
1108
1052
1060
1108
1148
968
1116
952
1116
1020
988
1052
1132
996
1164
992
1072
1112
1044
1132
1072
1020
1140
1060
1048
1168
980
1164
1052
964
1100
1048
1000
1148
904
1156
1052
1032
1172
1068
1020
1124
928
1100
1064
988
1188
1012
1084
1148
1020
1108
1120
932
1172
1004
1064
1076
1052
1044
1132
940
1148
952
1064
1044
1016
1036
1072
948
1116
1048
1020
1084
1012
1084
1052
1020
1044
1088
1008
1116
1000
1128
1004
1048
1012
1108
1004
1084
996
1044
1032
1052
1000
1072
992
1004
1112
1008
1044
1020
1032
1108
1116
984
1100
968
1132
1044
1020
1064
1124
992
1140
960
1088
1100
1028
1060
1028
984
1136
988
1012
1104
892
1136
984
1000
1096
1068
1012
1172
880
1204
1016
996
1060
956
972
1132
892
1128
1020
932
1100
952
1000
1080
972
1068
1064
964
1204
940
1056
1068
1016
1044
1056
892
1152
1004
1036
1040
968
1040
1020
988
1096
1036
1056
1108
952
1068
1004
1008
1012
1044
1000
1096
1000
1092
1000
1056
1008
1068
1004
1048
1016
1064
1060
1080
1000
1100
1028
1000
1084
996
1072
1036
1032
1056
1064
940
1096
940
1076
1004
968
1004
1024
916
1116
964
1088
1092
988
1072
1056
984
1124
980
984
1104
904
1148
1016
988
1076
992
964
1132
844
1152
996
980
1076
964
984
1076
872
1076
968
936
1092
940
1028
1044
948
1064
1044
908
1136
960
1032
1000
980
1032
1036
900
1100
944
1000
988
956
1008
1016
920
1032
968
980
1028
924
1052
1008
1020
972
1040
956
1084
980
1076
948
1044
976
1072
976
1020
956
1000
992
996
924
1044
984
916
1024
972
1020
944
968
1040
1080
944
1164
908
1080
1028
1020
1024
1012
932
1144
944
1028
988
892
1016
1004
968
1084
924
928
1032
876
1132
1004
948
1036
1000
988
1108
820
1052
928
960
1096
972
1000
1100
876
1092
1012
932
1100
932
1032
1052
972
1060
1036
896
1100
892
1040
996
984
996
1044
876
1112
952
1056
984
976
996
1044
944
1036
984
976
1008
924
1024
944
980
964
1032
964
1064
872
1116
932
1044
872
1012
924
1084
996
980
968
936
948
1016
976
988
1100
968
1032
1004
992
1028
1004
884
1092
936
1060
932
932
1008
1040
896
1076
900
1044
1060
912
1020
960
932
1076
972
976
1068
876
1084
928
932
1020
948
956
1068
852
1104
932
928
1068
968
1000
1064
876
1052
984
924
1068
884
968
1020
932
1024
1020
900
1088
908
1004
964
956
964
992
872
1064
940
988
980
968
1012
1024
948
1036
1000
972
1000
908
984
932
996
968
1024
904
1004
916
1044
964
1036
940
1008
832
960
1020
1004
956
968
928
1072
976
884
980
920
1052
996
904
1016
1028
908
1100
864
1060
1004
952
1012
996
904
1104
864
1008
1016
928
1056
928
904
1052
940
972
1044
820
1092
924
968
1020
944
