25197
25254
6314

824
824
600
664
660
632
764
760
660
776
632
772
736
728
712
732
596
732
640
736
656
652
676
748
668
692
668
708
724
680
732
684
716
676
748
684
756
632
664
644
772
636
756
664
728
716
676
696
752
584
732
680
668
764
628
732
724
628
720
688
596
812
604
788
720
632
700
700
612
824
576
768
724
616
732
684
644
808
652
732
764
552
788
648
672
748
664
668
824
580
816
652
688
768
664
704
804
592
792
736
684
752
604
724
716
624
736
736
644
780
636
796
700
672
648
756
604
752
628
744
728
708
692
748
716
748
704
708
712
660
696
700
692
632
732
636
704
632
756
676
740
604
756
648
684
720
692
668
728
636
768
704
648
768
592
736
720
640
768
744
656
796
556
756
684
620
740
708
616
792
612
756
732
648
808
748
684
784
580
744
800
592
776
628
672
764
648
684
732
604
796
696
688
792
600
748
820
596
836
656
672
760
632
744
708
672
696
708
624
772
628
748
716
728
684
756
672
764
652
732
688
692
668
708
656
684
680
668
708
676
724
764
720
652
768
636
656
652
732
684
760
572
796
696
728
708
648
724
828
596
708
628
660
780
584
716
744
640
756
700
588
800
560
776
704
664
768
732
596
780
552
732
704
564
728
684
688
756
584
684
772
604
824
636
700
764
684
720
796
536
776
628
708
764
684
696
780
600
788
688
680
764
632
768
720
636
700
708
640
724
600
740
684
724
668
756
632
708
624
716
688
732
692
752
680
692
696
680
728
716
704
708
732
672
744
624
700
656
688
668
732
584
788
664
720
720
672
700
740
620
768
692
700
764
596
760
744
660
748
684
636
828
572
772
668
600
712
692
632
784
580
796
732
640
776
684
664
764
652
752
772
588
796
620
688
736
668
716
792
572
804
612
660
704
660
728
836
616
732
608
656
772
644
756
672
660
728
728
636
744
612
780
680
760
672
752
648
752
700
788
640
636
608
728
704
704
688
640
716
720
712
668
704
620
748
648
752
696
656
644
772
628
796
640
676
696
640
724
708
588
772
720
676
760
592
772
716
636
752
656
572
784
564
796
704
660
740
680
620
840
568
764
704
668
812
700
656
760
632
772
780
632
796
640
692
748
692
708
756
544
788
624
692
696
640
700
752
608
780
660
680
744
624
756
720
676
704
668
676
756
616
736
668
696
672
748
664
736
668
720
668
720
680
744
684
692
700
700
716
688
680
712
724
616
728
644
756
736
704
688
748
588
796
648
716
664
604
704
712
576
748
636
668
792
620
760
704
644
796
708
624
792
528
772
676
676
788
692
640
808
604
780
684
604
784
676
720
784
608
700
716
604
824
660
668
708
656
760
820
564
808
644
716
744
604
704
704
592
808
640
732
672
624
672
704
696
708
692
640
748
644
744
636
680
688
748
684
700
696
732
672
704
592
740
712
712
716
704
672
716
700
712
688
620
796
676
736
644
644
716
788
596
728
604
748
720
672
688
740
612
780
644
652
752
596
780
700
644
772
712
652
812
568
804
652
604
744
696
688
788
588
796
712
660
772
672
688
784
660
736
736
620
828
644
704
700
664
680
744
572
780
644
740
732
676
688
720
660
768
688
712
764
668
724
684
664
692
736
660
756
636
720
660
748
640
728
636
712
660
740
688
716
652
752
668
640
676
600
700
732
688
724
716
636
784
620
708
652
640
680
728
612
804
628
704
684
644
732
700
588
772
636
708
780
604
800
696
644
744
592
596
768
520
812
700
676
736
656
656
792
588
804
692
652
772
676
724
788
644
764
732
648
840
672
708
692
696
712
732
564
764
640
728
732
640
720
748
660
764
620
668
720
644
692
644
660
756
704
676
708
652
716
648
732
652
760
652
732
664
716
668
716
616
744
720
684
708
660
704
736
668
692
676
612
824
692
768
700
644
684
720
596
792
600
712
736
672
772
760
628
764
612
676
772
604
788
684
664
776
664
636
792
556
840
676
664
756
652
636
792
588
784
676
624
756
700
704
764
596
720
704
568
772
600
672
668
640
708
764
612
804
628
720
700
664
680
720
624
764
660
688
692
636
696
664
636
676
700
664
732
652
712
620
708
636
744
604
728
712
752
692
752
628
740
664
668
764
656
700
696
636
716
688
612
768
608
736
688
660
724
704
556
768
588
760
748
656
704
704
620
812
628
684
752
600
828
704
636
752
640
636
824
600
836
628
628
756
648
680
788
600
856
684
636
732
640
716
760
652
776
684
592
772
652
704
732
656
716
704
628
768
644
708
712
700
676
740
624
720
656
700
608
688
712
740
668
692
680
648
756
624
708
656
764
644
748
640
716
736
672
616
764
692
780
636
660
740
684
692
636
600
744
764
604
752
628
792
676
620
652
684
612
812
548
676
724
660
740
696
596
820
636
688
764
592
804
652
612
760
692
668
780
540
808
636
636
728
660
716
812
596
792
664
692
772
660
680
728
636
772
748
644
800
608
732
692
684
712
720
596
756
640
708
704
684
704
740
676
760
672
680
716
688
768
700
672
624
728
688
728
644
712
616
760
612
764
640
720
708
692
668
724
604
760
644
644
764
636
720
712
668
776
740
668
824
608
732
676
652
700
696
600
784
620
732
688
608
756
720
616
796
668
744
756
560
764
660
656
756
628
652
804
564
832
640
688
760
664
664
764
568
828
636
652
756
608
676
700
608
740
700
644
796
644
744
688
672
672
764
612
788
636
748
700
716
680
728
628
724
700
724
704
656
740
640
668
648
724
632
668
652
780
672
760
612
756
640
716
656
668
660
748
664
776
700
684
752
620
740
744
676
728
684
644
812
600
712
616
648
792
748
624
796
612
784
756
632
760
676
572
744
612
732
788
576
788
668
676
772
660
680
780
556
840
636
672
744
644
668
740
572
796
660
684
764
656
728
724
660
724
712
640
764
632
724
652
660
696
764
632
788
664
704
680
716
700
740
632
704
636
688
688
696
700
692
712
648
688
648
680
676
700
660
724
616
772
656
716
712
692
692
728
560
768
688
680
768
644
764
732
664
752
692
632
812
620
764
684
652
732
704
580
792
572
752
696
608
764
676
616
804
600
672
712
576
816
656
668
768
628
688
768
596
860
660
652
704
612
684
760
560
844
624
704
748
700
704
728
612
768
676
648
748
624
696
644
644
692
748
628
764
668
736
628
648
644
676
604
748
620
712
660
732
664
652
608
724
800
692
708
708
692
628
772
584
740
660
676
708
664
680
724
612
780
672
688
804
652
764
732
636
744
704
636
808
616
788
672
640
744
700
592
788
580
708
652
584
736
672
580
752
608
676
736
544
764
612
684
764
668
644
740
508
812
628
672
756
616
692
740
596
836
660
684
728
656
744
736
696
760
700
640
764
652
720
636
704
688
728
612
720
608
712
676
752
684
728
620
740
712
684
676
672
704
668
696
632
768
596
668
692
712
716
732
620
800
656
696
692
676
688
732
632
824
668
652
760
636
780
716
628
776
680
648
824
620
828
708
660
768
692
624
844
624
772
668
600
768
684
648
748
576
724
752
604
792
624
680
760
636
696
772
576
828
632
732
764
676
704
740
576
780
636
680
700
596
724
728
656
740
708
660
748
604
712
648
704
644
692
628
708
636
704
624
696
672
736
632
688
636
672
716
712
712
708
672
604
760
696
720
680
696
760
764
544
736
620
700
720
692
692
748
596
796
632
668
792
640
756
736
664
760
612
620
796
592
772
628
620
740
688
608
740
516
768
736
688
772
632
628
768
628
696
672
564
792
616
676
760
664
680
744
584
820
588
620
688
652
692
756
592
776
604
688
744
676
676
636
624
740
724
672
740
608
720
652
732
704
728
620
712
668
732
652
700
656
720
668
696
684
648
664
720
704
696
684
600
732
624
740
684
684
692
768
640
804
584
672
712
652
704
728
620
796
600
696
800
600
732
680
612
728
664
644
784
548
772
680
636
748
640
636
792
588
764
660
624
772
656
624
736
580
764
748
612
772
620
692
744
636
684
712
524
824
560
708
724
668
664
744
592
808
636
756
716
688
708
736
660
764
684
644
716
644
704
632
692
652
740
632
700
660
696
648
724
668
716
636
700
724
672
696
704
572
680
664
696
724
600
768
768
768
640
736
596
888
680
688
728
712
780
748
552
760
636
728
776
576
780
724
652
760
668
684
840
572
780
660
668
784
648
620
812
616
792
632
632
796
656
636
764
584
740
696
584
784
616
708
724
660
684
716
572
784
592
732
704
680
660
684
620
780
616
668
692
668
696
664
656
720
704
684
764
700
764
676
700
652
720
640
720
668
728
668
760
672
756
660
696
720
712
700
716
684
692
700
668
780
620
708
644
632
688
716
572
796
596
684
700
644
720
696
600
780
640
644
724
560
740
684
652
796
640
648
780
592
808
644
640
748
700
672
828
572
792
636
672
768
668
668
772
612
708
696
608
792
600
684
676
636
688
720
588
840
592
684
680
648
684
732
620
764
612
700
720
668
688
700
716
988
1620
2512
3628
4792
5724
6132
6484
6612
6852
6828
6968
6956
7012
6964
7040
6980
7100
7016
7052
7080
7024
7084
7100
7036
7080
7056
6968
7096
6984
7068
7012
6952
6984
7004
6896
7060
6844
6980
7012
6904
6900
6880
6836
7008
6804
6860
6920
6756
6960
6852
6820
6936
6760
6812
6948
6728
6948
6780
6812
6924
6832
6812
6932
6684
6908
6788
6796
6892
6760
6804
6868
6684
6812
6780
6696
6880
6692
6792
6796
6704
6760
6752
6632
6844
6680
6804
6780
6720
6748
6788
6672
6780
6648
6692
6688
6716
6760
6712
6724
6716
6700
6652
6732
6644
6664
6620
6748
6668
6752
6628
6712
6664
6668
6616
6696
6560
6692
6632
6684
6700
6580
6604
6616
6548
6632
6604
6552
6664
6484
6656
6588
6540
6592
6608
6504
6720
6492
6652
6612
6544
6636
6604
6472
6692
6468
6552
6632
6468
6636
6516
6540
6672
6456
6512
6612
6420
6668
6468
6564
6592
6440
6500
6652
6404
6540
6408
6456
6572
6464
6484
6508
6376
6592
6484
6404
6584
6356
6508
6500
6432
6452
6500
6360
6556
6344
6536
6440
6444
6400
6452
6364
6536
6392
6452
6428
6404
6444
6416
6428
6420
6404
6372
6432
6392
6428
6336
6412
6348
6432
6332
6420
6372
6368
6340
6404
6208
6404
6308
6352
6376
6296
6400
6404
6304
6344
6276
6228
6436
6224
6332
6332
6312
6300
6388
6200
6476
6196
6388
6312
6236
6332
6276
6208
6428
6204
6340
6344
6196
6372
6252
6220
6356
6156
6216
6332
6152
6396
6168
6232
6288
6156
6184
6296
6092
6308
6188
6244
6300
6144
6164
6220
6128
6268
6176
6152
6292
6132
6228
6220
6192
6188
6216
6112
6296
6128
6200
6120
6156
6200
6220
6088
6140
6068
6156
6152
6112
6140
6124
6148
6148
6136
6096
6160
6124
6120
6088
6184
6080
6192
5996
6092
6108
6120
6056
6140
5992
6140
6032
6112
6148
5988
6048
6092
6012
6080
6012
5996
6128
5944
6088
6032
6004
6048
6040
5964
6204
5912
6060
6004
5988
6108
6016
5948
6148
5928
6032
6020
5864
6052
5912
5968
6104
5940
5980
6008
5832
6096
5860
5976
6012
5904
5924
6040
5836
6032
5872
5940
5992
5888
5948
5968
5860
5996
5916
5884
6020
5852
5948
5932
5912
5908
5904
5812
5992
5812
5928
5860
5892
5896
5924
5840
5956
5832
5896
5872
5848
5880
5868
5880
5884
5884
5820
5864
5868
5864
5796
5888
5796
5932
5756
5836
5824
5840
5824
5892
5740
5908
5720
5812
5844
5740
5764
5808
5780
5868
5792
5736
5856
5668
5848
5756
5772
5848
5800
5708
5892
5656
5808
5720
5704
5764
5708
5652
5884
5628
5688
5724
5644
5880
5696
5700
5788
5640
5728
5784
5544
5816
5592
5692
5772
5692
5696
5736
5580
5828
5660
5704
5728
5572
5660
5740
5628
5692
5584
5572
5784
5616
5696
5604
5588
5628
5692
5600
5724
5540
5660
5628
5704
5652
5652
5568
5652
5592
5672
5632
5616
5624
5624
5648
5616
5660
5576
5616
5616
5628
5568
5648
5548
5660
5508
5600
5608
5536
5544
5628
5516
5660
5500
5552
5584
5500
5600
5596
5516
5628
5516
5468
5628
5460
5644
5552
5492
5564
5532
5456
5644
5396
5600
5492
5448
5560
5468
5404
5616
5404
5564
5528
5384
5596
5424
5476
5576
5440
5468
5504
5336
5616
5364
5452
5520
5404
5428
5472
5324
5548
5348
5436
5504
5340
5396
5476
5396
5500
5416
5404
5500
5364
5492
5412
5400
5392
5428
5344
5500
5308
5436
5392
5448
5396
5412
5316
5396
5348
5388
5364
5408
5368
5324
5340
5344
5404
5296
5380
5364
5352
5308
5384
5208
5412
5288
5352
5304
5312
5328
5392
5272
5400
5224
5316
5432
5280
5320
5320
5276
5404
5300
5268
5424
5228
5396
5220
5276
5336
5324
5204
5384
5076
5420
5252
5264
5332
5272
5208
5376
5148
5260
5304
5232
5388
5208
5212
5340
5176
5224
5272
5128
5372
5144
5224
5240
5192
5228
5312
5148
5344
5176
5236
5248
5136
5204
5228
5132
5244
5192
5128
5212
5084
5212
5212
5232
5196
5196
5136
5256
5100
5176
5152
5228
5180
5176
5116
5208
5188
5168
5100
5164
5120
5124
5112
5108
5184
5136
5152
5108
5128
5116
5172
5072
5196
5020
5136
5136
5092
5112
5132
5000
5204
4992
5072
5148
5020
5152
5092
4992
5152
5072
5032
5144
4936
5112
5056
5012
5116
5052
4988
5172
4932
5128
5024
5020
5136
5076
4984
5148
4960
5092
5044
4944
5156
4980
5016
5120
4964
5036
5068
4940
5152
4892
5028
5036
4936
4952
5052
4940
5120
4952
5004
5056
4940
5044
5012
4972
5020
4964
4964
5064
4912
5020
4940
4972
4940
4980
4852
4972
4836
4940
4904
4960
4912
4960
4880
4968
4908
4916
4884
4944
4916
4916
4908
4860
4932
4864
4900
4904
4884
4904
4976
4828
4996
4828
4956
4964
4888
4888
4936
4800
4992
4780
4864
4932
4772
4916
4848
4824
4928
4788
4836
4980
4776
4948
4804
4832
4888
4840
4800
4976
4740
4948
4876
4812
4888
4784
4784
4908
4704
4860
4800
4756
4972
4780
4792
4832
4704
4840
4836
4704
4900
4720
4812
4860
4772
4776
4816
4692
4884
4716
4800
4828
4724
4764
4780
4748
4796
4696
4668
4824
4740
4832
4748
4776
4740
4804
4732
4748
4628
4724
4724
4792
4708
4768
4668
4740
4704
4720
4732
4776
4684
4724
4720
4720
4776
4628
4700
4696
4700
4756
4788
4664
4804
4592
4732
4748
4704
4708
4700
4568
4788
4592
4672
4712
4576
4728
4708
4660
4764
4600
4612
4724
4520
4740
4608
4592
4664
4628
4600
4748
4488
4676
4576
4604
4680
4596
4604
4716
4508
4704
4672
4560
4740
4560
4612
4684
4540
4632
4636
4500
4708
4448
4588
4580
4532
4584
4640
4520
4704
4508
4596
4616
4564
4572
4564
4532
4584
4576
4540
4600
4476
4556
4500
4568
4536
4572
4492
4628
4540
4572
4504
4560
4504
4592
4540
4544
4464
4460
4528
4576
4520
4544
4500
4424
4524
4448
4544
4532
4464
4500
4568
4440
4592
4388
4540
4568
4444
4476
4504
4412
4600
4316
4444
4544
4420
4564
4424
4376
4588
4424
4472
4576
4372
4584
4448
4440
4516
4468
4380
4604
4276
4576
4380
4412
4452
4424
4444
4532
4364
4468
4412
4336
4492
4352
4460
4532
4380
4464
4412
4348
4536
4324
4396
4376
4316
4336
4408
4332
4464
4300
4372
4368
4336
4364
4364
4368
4392
4392
4396
4408
4312
4400
4340
4420
4384
4456
4360
4392
4280
4320
4332
4376
4252
4336
4328
4388
4376
4288
4316
4368
4336
4364
4376
4356
4420
4272
4332
4348
4284
4288
4260
4208
4436
4244
4372
4300
4232
4344
4356
4224
4420
4208
4348
4380
4232
4348
4276
4216
4364
4224
4288
4372
4140
4396
4224
4284
4348
4260
4272
4412
4136
4336
4224
4224
4312
4220
4228
4324
4148
4308
4252
4192
4316
4176
4228
4260
4140
4260
4296
4128
4356
4112
4260
4228
4220
4212
4256
4132
4300
4140
4252
4200
4136
4164
4184
4188
4256
4212
4216
4252
4168
4204
4148
4228
4152
4264
4140
4252
4180
4244
4156
4192
4088
4180
4108
4188
4148
4156
4148
4232
4128
4192
4112
4100
4216
4096
4156
4132
4092
4164
4216
4080
4236
4028
4188
4208
4108
4192
4200
4100
4296
4048
4144
4180
4048
4204
4108
4052
4156
4032
4124
4216
3996
4200
4056
4072
4112
4064
4084
4192
3932
4152
4036
4116
4168
4032
4044
4148
3988
4156
4084
4028
4160
4004
4104
4096
4020
4100
4164
3996
4132
3940
4116
4084
4032
4068
4056
3972
4140
3996
4068
4028
4036
4068
4040
4028
4024
4000
3980
4072
4028
4064
3948
3996
3956
4104
3992
4036
3916
3924
3964
4080
3944
4012
3956
4052
4076
3976
4000
4040
3916
4032
3996
3984
4096
3896
3984
3964
3916
3964
3992
3860
4084
3832
4000
3968
3904
3992
3972
3844
4064
3864
3972
4000
3876
4016
3920
3892
4036
3876
3932
4052
3836
4036
3876
3944
4012
3880
3860
4024
3828
4016
3868
3892
3952
3840
3880
4004
3836
3996
3900
3860
3972
3800
3948
3940
3840
3888
3904
3788
4020
3820
3972
3936
3900
3868
3892
3836
3980
3812
3880
3892
3848
3872
3892
3880
3868
3840
3824
3860
3792
3868
3856
3896
3796
3912
3800
3892
3868
3852
3848
3916
3808
3916
3820
3812
3860
3840
3876
3828
3744
3856
3860
3812
3896
3716
3852
3856
3796
3788
3832
3728
3900
3672
3804
3820
3760
3848
3804
3700
3916
3660
3768
3828
3716
3904
3788
3724
3860
3708
3796
3868
3636
3844
3732
3796
3816
3692
3696
3844
3652
3892
3728
3756
3776
3728
3720
3808
3708
3800
3800
3648
3840
3656
3756
3748
3668
3732
3788
3708
3816
3628
3800
3708
3708
3688
3728
3656
3780
3676
3716
3712
3696
3676
3692
3724
3708
3736
3692
3744
3700
3700
3672
3748
3648
3788
3644
3716
3668
3656
3652
3728
3604
3748
3648
3652
3700
3628
3708
3712
3564
3708
3704
3660
3748
3568
3756
3768
3668
3712
3632
3564
3756
3528
3708
3668
3580
3684
3676
3600
3812
3544
3648
3668
3536
3748
3608
3588
3704
3592
3684
3732
3508
3748
3588
3660
3688
3564
3632
3752
3508
3692
3560
3616
3652
3484
3580
3696
3564
3676
3564
3572
3704
3528
3632
3640
3528
3556
3592
3532
3668
3504
3640
3580
3564
3560
3588
3516
3632
3508
3612
3604
3596
3596
3600
3580
3556
3556
3548
3588
3528
3552
3536
3608
3492
3612
3476
3544
3536
3552
3544
3608
3456
3620
3468
3508
3544
3480
3548
3572
3492
3584
3532
3524
3596
3424
3556
3524
3480
3540
3572
3436
3616
3388
3588
3496
3448
3556
3524
3432
3616
3376
3568
3584
3424
3588
3460
3448
3580
3452
3504
3564
3360
3580
3388
3464
3528
3432
3464
3532
3348
3560
3388
3444
3504
3376
3448
3536
3448
3556
3476
3448
3516
3384
3476
3468
3432
3464
3472
3404
3556
3352
3460
3476
3416
3356
3412
3404
3548
3392
3500
3428
3428
3396
3460
3428
3392
3432
3428
3464
3428
3416
3396
3468
3380
3516
3396
3424
3412
3356
3436
3536
3364
3472
3320
3412
3460
3348
3364
3360
3296
3436
3380
3372
3464
3260
3400
3356
3336
3404
3372
3252
3464
3236
3452
3392
3308
3420
3372
3336
3480
3268
3428
3424
3292
3464
3316
3344
3428
3272
3344
3400
3232
3472
3288
3348
3396
3308
3312
3396
3228
3452
3292
3376
3396
3276
3324
3384
3224
3388
3328
3304
3400
3248
3312
3272
3268
3316
3332
3264
3400
3248
3360
3316
3348
3316
3344
3316
3388
3296
3344
3328
3328
3292
3292
3268
3252
3316
3220
3276
3296
3300
3288
3364
3200
3372
3232
3308
3292
3292
3304
3324
3164
3332
3248
3296
3292
3184
3316
3360
3220
3248
3200
3244
3404
3156
3284
3224
3212
3304
3288
3172
3360
3132
3304
3232
3168
3300
3236
3200
3324
3116
3300
3268
3148
3324
3208
3248
3312
3136
3196
3288
3112
3328
3136
3276
3248
3188
3200
3268
3104
3304
3112
3216
3228
3112
3216
3248
3140
3220
3196
3120
3308
3124
3280
3164
3196
3172
3244
3160
3248
3088
3228
3188
3196
3140
3216
3144
3224
3112
3188
3164
3208
3164
3180
3196
3164
3196
3140
3132
3140
3116
3128
3188
3056
3224
3060
3196
3164
3112
3120
3208
3072
3284
3104
3196
3200
3092
3176
3124
3068
3148
3100
3116
3208
3000
3156
3076
3044
3108
3124
3056
3196
2988
3204
3100
3028
3124
3084
3064
3192
2972
3140
3160
3020
3200
3020
3084
3192
3032
3100
3156
2996
3228
3016
3108
3128
3068
3096
3164
2996
3192
3024
3084
3096
3024
3120
3116
2968
3072
3060
3072
3124
2988
3080
3080
3068
3064
3104
3040
3148
2988
3076
3044
3072
2988
3068
3008
3068
2984
3040
3004
3040
3012
3068
3052
3020
3084
3032
3108
3080
3020
3048
3108
2968
3092
2924
3040
3044
2984
3020
3096
2932
3136
2972
3068
3072
2944
3044
3004
2952
3072
2984
2980
3068
2860
3076
3008
2948
3012
3000
2980
3176
2896
3112
2996
2960
3036
2988
2996
3112
2864
3012
2996
