7462
7488
1872

684
684
636
776
548
732
676
620
712
676
604
812
544
732
680
584
720
656
608
776
580
672
724
588
772
668
684
732
620
660
772
616
804
592
680
696
660
668
752
556
740
636
676
724
652
668
752
708
688
684
604
708
624
716
668
728
624
708
628
704
604
688
660
740
628
692
668
648
660
636
656
668
620
688
760
588
744
624
712
652
640
656
784
568
756
596
688
680
620
672
732
564
728
608
584
724
560
724
740
604
716
648
600
828
596
768
696
628
700
688
608
808
516
716
708
636
764
652
620
752
596
696
728
572
720
612
668
728
668
660
716
540
760
588
664
668
648
676
804
644
716
652
676
660
648
676
604
708
668
768
592
708
588
700
640
692
644
768
652
716
640
732
664
752
604
720
692
684
684
628
692
728
640
672
728
596
736
620
720
716
628
644
740
600
760
620
672
728
592
704
740
572
784
644
644
760
564
700
708
600
744
636
604
796
536
732
680
616
708
664
572
808
580
772
692
592
744
680
632
744
568
620
740
628
780
628
672
728
652
680
708
464
696
648
740
700
628
648
748
596
696
656
696
716
648
680
724
700
660
704
676
768
688
704
608
696
636
724
616
676
640
712
672
716
588
700
668
676
688
660
696
740
604
668
716
600
764
636
728
716
612
656
760
556
764
544
672
716
612
684
748
572
792
636
660
764
560
732
708
612
720
680
660
780
476
760
660
552
640
644
632
788
532
700
672
636
764
624
620
784
628
716
716
584
764
660
684
700
612
664
732
584
768
620
704
672
664
636
736
612
716
632
680
672
636
628
668
700
648
688
612
700
624
720
664
756
628
760
648
700
664
720
672
744
640
736
660
608
684
624
684
708
612
660
716
600
772
620
688
688
620
680
776
592
796
596
720
724
588
676
700
596
768
592
656
752
556
720
672
604
756
704
664
816
540
756
640
632
736
652
616
764
560
768
732
628
728
656
648
768
600
700
720
604
732
592
692
712
632
652
700
564
764
608
684
624
632
612
700
608
708
644
684
684
684
668
672
676
664
692
660
684
628
688
644
716
576
708
632
720
680
704
672
740
588
704
620
632
712
632
676
724
608
676
716
588
784
604
696
720
656
672
752
600
772
576
672
732
588
640
720
620
804
620
684
724
560
744
684
580
696
616
600
772
572
744
624
608
700
696
656
780
516
736
656
636
744
644
648
752
588
708
716
560
720
576
696
708
620
592
708
560
752
616
720
676
684
644
732
620
732
612
616
628
576
736
708
680
532
628
564
832
732
720
600
696
624
752
716
696
668
708
624
688
540
744
676
684
696
600
672
708
592
676
692
592
764
592
664
736
600
720
716
576
804
624
724
708
592
740
712
540
756
608
696
732
604
740
648
564
716
612
652
804
556
772
652
624
744
628
612
776
552
688
648
648
732
640
628
776
636
708
680
516
748
644
696
628
632
684
728
552
700
588
740
704
668
648
732
664
720
608
672
688
720
664
676
676
628
704
616
636
640
680
640
708
552
744
628
668
676
720
684
772
636
756
680
648
704
600
688
728
612
708
692
576
764
572
696
712
624
680
716
524
760
504
672
688
604
740
712
580
752
588
700
764
560
768
684
632
752
660
684
804
552
780
700
680
724
680
648
792
580
796
684
644
704
644
644
672
540
684
708
616
708
576
660
648
620
588
664
588
780
632
724
648
660
636
692
628
700
668
700
668
724
700
660
656
596
708
680
684
636
656
692
764
608
716
588
644
632
660
640
736
588
748
640
660
704
608
656
716
628
748
724
616
796
588
732
712
604
732
736
564
792
564
724
712
604
716
668
552
788
596
716
736
508
728
636
624
748
620
648
784
564
796
656
644
676
632
608
740
560
760
680
708
764
688
684
708
588
676
708
604
740
616
692
668
640
688
732
636
736
616
732
632
652
620
700
644
684
644
676
672
700
668
668
688
624
732
644
744
688
684
636
712
572
728
588
676
696
664
684
744
568
716
644
636
708
632
708
736
632
724
716
596
792
580
748
688
612
680
700
516
768
572
732
696
572
696
660
604
828
616
684
752
580
816
636
620
700
604
648
764
544
752
648
672
728
704
716
764
584
792
700
676
716
620
648
740
664
728
696
596
704
608
712
688
664
644
748
648
764
628
708
640
704
636
712
608
636
656
704
696
696
636
664
696
608
828
628
744
672
684
700
804
648
768
680
664
724
668
644
756
592
808
628
668
732
604
676
696
540
716
660
580
736
596
728
704
604
708
676
564
808
596
732
732
620
744
696
600
752
564
660
700
516
756
644
648
796
660
708
812
548
728
676
704
696
636
668
784
616
716
632
600
716
696
660
692
644
748
712
580
700
640
748
668
644
636
704
580
688
576
736
680
724
636
744
664
704
680
696
680
720
660
692
692
596
732
644
672
672
692
696
764
580
796
668
696
676
640
680
736
572
748
612
664
760
640
704
696
596
732
676
580
748
556
732
712
620
712
696
560
780
560
728
684
568
704
668
576
748
576
696
708
548
748
628
632
708
632
632
728
524
768
604
644
664
616
620
732
580
708
620
640
696
656
684
704
608
708
712
632
712
636
720
644
624
636
676
604
676
628
768
696
716
596
676
624
676
672
700
664
712
620
704
712
604
732
588
636
696
660
668
692
556
768
616
680
676
624
640
696
520
752
632
640
696
572
664
684
600
744
620
544
740
548
704
656
620
744
704
588
824
576
736
656
580
748
692
596
732
504
640
708
552
752
604
640
704
628
684
732
516
748
596
668
684
636
640
732
612
772
636
648
672
648
680
720
664
716
668
616
732
632
700
652
680
648
700
600
728
624
704
616
676
576
664
596
628
628
676
628
708
624
692
696
576
720
616
696
692
632
676
716
580
800
604
684
664
616
672
720
556
760
604
648
720
604
756
708
572
740
672
592
772
540
716
660
624
712
668
572
760
504
720
660
604
740
668
620
780
572
764
692
588
804
696
692
684
600
668
724
564
768
624
712
716
700
672
724
604
772
640
704
656
648
656
724
640
688
656
608
684
660
736
648
652
600
716
648
732
636
680
592
728
688
832
716
628
620
664
704
780
652
664
640
580
772
704
636
720
572
664
732
608
728
664
676
716
636
692
748
512
780
596
708
772
624
704
644
592
764
668
632
768
568
748
652
568
740
696
604
808
536
732
656
612
744
664
624
796
572
732
708
564
736
656
696
700
592
668
736
524
752
564
644
644
672
608
716
596
724
560
624
612
668
692
688
620
684
724
672
704
600
688
644
728
668
752
676
704
644
724
680
756
592
712
656
716
716
656
620
684
596
708
668
568
732
640
676
708
648
680
700
540
808
576
736
700
620
716
748
576
768
596
684
692
632
728
648
548
752
632
588
728
540
764
632
604
720
704
624
808
524
812
656
600
704
660
640
772
600
752
684
604
772
616
676
692
604
636
708
600
780
612
700
648
648
676
712
584
732
640
668
668
684
668
716
652
644
636
628
652
668
700
664
700
612
708
620
672
604
676
640
756
628
736
600
600
668
664
616
676
556
724
748
624
744
592
680
720
632
700
744
600
816
596
708
688
640
680
680
564
796
580
636
688
556
764
672
572
732
636
644
732
512
728
636
628
696
636
596
780
516
764
656
668
768
640
620
736
540
724
688
588
752
636
668
656
596
640
692
604
752
584
700
652
680
668
668
584
692
624
688
644
656
656
712
648
656
688
656
708
664
660
636
676
616
724
620
696
668
700
648
756
620
764
660
660
696
660
700
744
636
700
680
588
768
588
680
652
612
704
708
580
780
560
700
668
604
700
668
552
764
548
660
692
596
748
692
608
724
592
644
728
536
764
620
596
692
636
624
756
516
728
604
636
728
652
612
716
528
724
676
636
772
620
704
668
612
672
748
604
744
588
708
668
672
656
676
592
732
612
684
628
688
660
684
664
672
680
604
664
664
700
656
700
584
768
652
680
596
624
636
744
604
776
644
664
732
700
692
744
596
700
640
592
780
656
692
664
568
748
692
636
756
588
652
688
636
776
740
532
752
512
704
676
556
748
700
620
720
592
660
736
556
752
616
644
740
692
628
772
528
764
624
592
684
648
652
704
568
764
672
608
704
540
628
712
632
640
652
620
772
588
696
620
708
688
664
580
680
660
648
604
668
660
708
604
588
652
680
684
640
648
664
716
584
720
604
672
652
680
660
708
588
756
628
672
684
628
660
708
576
708
660
588
760
596
700
684
572
680
688
564
812
536
688
636
628
740
676
556
788
572
724
692
608
760
680
612
724
624
668
724
564
804
624
648
716
632
632
728
524
736
584
628
700
660
688
752
576
732
644
624
736
644
708
692
636
688
672
572
688
576
680
648
696
648
684
612
692
664
700
632
668
636
692
700
700
728
624
668
692
652
608
672
604
764
632
696
636
636
612
712
576
776
624
664
716
652
672
692
576
716
640
620
768
608
724
664
576
752
684
548
772
564
768
712
588
720
644
608
812
544
692
712
644
752
600
596
764
624
700
768
768
1092
1048
1156
1400
1556
1724
2096
2184
2524
2424
2460
2532
2492
2532
2616
2432
2584
2508
2504
2596
2504
2588
2592
2556
2556
2564
2492
2604
2468
2572
2516
2568
2532
2584
2500
2564
2516
2584
2484
2520
2460
2544
2468
2476
2544
2496
2492
2496
2456
2480
2532
2392
2568
2416
2512
2492
2524
2464
2508
2384
2588
2428
2476
2492
2412
2460
2492
2380
2524
2412
2388
2556
2388
2524
2480
2412
2540
2468
2396
2564
2340
2536
2436
2388
2516
2452
2368
2564
2364
2544
2476
2396
2544
2412
2412
2528
2380
2448
2492
2336
2548
2380
2436
2488
2436
2404
2488
2344
2568
2380
2404
2440
2416
2432
2468
2340
2512
2432
2436
2520
2436
2456
2456
2424
2428
2424
2392
2496
2372
2476
2448
2464
2344
2420
2356
2468
2396
2444
2368
2456
2392
2480
2404
2360
2436
2384
2412
2448
2396
2376
2392
2300
2504
2364
2400
2352
2356
2396
2468
2308
2456
2300
2380
2416
2396
2376
2428
2268
2528
2344
2364
2428
2292
2380
2396
2352
2488
2388
2316
2540
2208
2456
2324
2280
2428
2336
2216
2536
2220
2480
2348
2324
2448
2308
2304
2416
2324
2424
2412
2256
2432
2276
2248
2364
2300
2300
2380
2252
2464
2284
2300
2316
2320
2372
2448
2300
2384
2340
2356
2416
2280
2312
2288
2312
2356
2388
2308
2396
2276
2348
2312
2368
2332
2372
2280
2356
2364
2340
2284
2332
2272
2364
2304
2288
2364
2276
2364
2356
2296
2300
2308
2200
2404
2224
2356
2340
2268
2280
2332
2208
2412
2232
2312
2360
2316
2372
2356
2220
2404
2236
2224
2372
2152
2332
2292
2292
2384
2284
2204
2392
2152
2392
2268
2260
2372
2304
2256
2424
2180
2340
2248
2172
2328
2228
2260
2364
2216
2304
2296
2204
2372
2196
2272
2312
2300
2292
2328
2176
2360
2180
2280
2316
2292
2232
2300
2216
2356
2272
2256
2292
2224
2268
2240
2268
2268
2276
2200
2296
2208
2276
2164
2308
2200
2288
2200
2264
2240
2260
2216
2280
2176
2252
2220
2176
2284
2196
2228
2268
2208
2264
2256
2140
2300
2100
2240
2264
2220
2248
2280
2160
2380
2172
2204
2248
2176
2272
2244
2120
2332
2176
2176
2316
2144
2308
2224
2140
2272
2220
2196
2344
2048
2292
2140
2168
2260
2204
2144
2316
2128
2328
2200
2132
2248
2188
2208
2284
2104
2208
2196
2128
2300
2116
2196
2200
2172
2140
2192
2136
2336
2172
2212
2200
2216
2204
2220
2132
2260
2208
2188
2188
2116
2196
2176
2148
2116
2140
2088
2184
2140
2172
2104
2228
2140
2232
2152
2204
2172
2180
2112
2212
2116
2212
2116
2096
2188
2104
2172
2212
2116
2172
2160
2092
2292
2052
2156
2156
2128
2168
2176
2052
2304
2084
2180
2176
2088
2148
2120
2060
2264
2092
2156
2240
2068
2224
2132
2076
2204
2108
2060
2212
1972
2216
2048
2076
2160
2080
2076
2240
2016
2232
2084
2052
2188
2052
2068
2156
2060
2168
2140
2040
2220
2040
2132
2144
2092
2092
2148
2036
2200
2036
2116
2100
2120
2104
2100
2040
2148
2116
2100
2132
2100
2120
2064
2076
2084
2128
2068
2140
2044
2092
2036
2112
2044
2108
2036
2140
2116
2088
2012
2116
2044
2160
2080
2028
2136
2056
2116
2132
2064
2144
2112
2008
2208
2032
2148
2080
2076
2128
2148
1988
2216
1932
2168
2140
2080
2112
2092
1984
2184
2032
2076
2136
1948
2136
2040
2052
2160
2060
2016
2136
1912
2172
1976
2012
2044
2060
1988
2180
1924
2184
1960
2100
2172
2032
1984
2104
2048
2116
2056
1984
2204
2044
2052
2004
1972
2012
2068
1924
2088
2012
2096
2048
2036
1964
2104
2048
2100
1972
1996
2044
2036
2024
2008
2024
2016
2048
1960
2052
2016
2060
1952
2064
1968
2124
2004
2012
2028
1992
2004
2076
1956
2056
2012
1992
2100
1992
2052
2044
1956
2064
2016
1936
2120
1912
2028
2004
1976
2048
2024
1908
2148
1932
2036
2016
1892
2056
2028
1940
2112
1908
1996
2108
1944
2124
1940
1964
2092
1980
1960
2108
1888
2132
1936
1972
2092
1964
1944
2080
1888
2096
1944
1948
2076
1932
1988
2052
1948
2024
1964
1880
2048
1908
2020
1992
1968
1988
2012
1908
2052
1908
1996
1976
2000
1988
2028
1932
2008
1932
1936
1920
1920
1964
1944
1920
1904
1992
1920
2000
1960
1996
1888
2000
1912
2072
1928
1980
1956
1956
1924
2032
1888
2024
1948
1912
2008
1904
1948
1948
1876
1960
1904
1828
2052
1816
2024
1964
1928
1960
1960
1832
2052
1816
1956
1896
1860
1984
1904
1812
1996
1808
1908
1960
1832
2044
1916
1868
1996
1900
1892
2048
1812
2044
1880
1920
2012
1932
1896
1996
1816
2016
1900
1892
2008
1868
1932
1948
1872
1972
1904
1832
1988
1880
1932
1880
1916
1928
1988
1876
1980
1860
1972
1920
1940
1876
1936
1892
1956
1912
1884
1912
1916
1848
1852
1884
1900
1984
1844
1876
1856
1912
1876
1924
1792
1920
1792
1872
1900
1896
1892
1976
1808
1952
1868
1884
1980
1844
1916
1940
1852
1940
1844
1784
2016
1772
1908
1888
1844
1948
1892
1796
2036
1780
1936
1880
1780
1916
1912
1816
1988
1792
1880
1960
1796
1976
1836
1856
1960
1856
1848
1912
1748
2016
1832
1868
1920
1828
1804
1944
1828
2028
1844
1840
1928
1836
1908
1900
1812
1884
1848
1800
1936
1816
1912
1852
1868
1828
1876
1788
1948
1812
1908
1840
1912
1844
1920
1812
1884
1844
1832
1868
1892
1852
1836
1860
1820
1884
1776
1848
1840
1860
1804
1912
1764
1920
1792
1856
1828
1832
1808
1912
1748
1952
1788
1756
1884
1764
1876
1828
1796
1836
1816
1752
1988
1688
1916
1848
1820
1852
1824
1712
1932
1700
1904
1868
1776
1864
1772
1724
1924
1736
1816
1864
1724
1928
1796
1828
1908
1812
1804
1932
1756
1988
1764
1808
1840
1736
1724
1904
1660
1924
1728
1848
1916
1792
1780
1784
1768
1856
1860
1668
1840
1736
1844
1768
1780
1756
1792
1756
1852
1752
1812
1768
1820
1752
1824
1756
1812
1800
1756
1784
1792
1752
1752
1796
1756
1844
1744
1828
1796
1804
1716
1788
1676
1860
1716
1780
1804
1748
1780
1828
1732
1824
1716
1752
1896
1716
1804
1816
1720
1828
1764
1688
1900
1624
1804
1752
1724
1792
1756
1624
1868
1612
1812
1792
1732
1828
1748
1700
1832
1656
1772
1796
1684
1884
1744
1752
1816
1708
1732
1852
1644
1856
1664
1744
1828
1732
1712
1796
1616
1804
1684
1748
1832
1728
1728
1772
1716
1804
1752
1720
1820
1708
1788
1736
1784
1704
1788
1696
1792
1688
1736
1692
1788
1732
1776
1696
1740
1744
1740
1748
1784
1732
1744
1788
1720
1816
1644
1740
1724
1740
1684
1768
1644
1832
1680
1728
1756
1724
1688
1780
1620
1800
1660
1660
1780
1588
1744
1716
1648
1772
1672
1628
1828
1580
1796
1728
1696
1772
1712
1644
1836
1604
1772
1712
1608
1764
1684
1648
1784
1636
1732
1744
1596
1788
1656
1660
1748
1652
1656
1772
1608
1796
1612
1684
1724
1636
1644
1760
1628
1792
1660
1708
1784
1668
1724
1740
1696
1704
1668
1644
1752
1628
1712
1660
1732
1652
1708
1636
1744
1700
1736
1640
1656
1616
1700
1636
1660
1664
1644
1724
1704
1632
1660
1668
1636
1740
1636
1700
1720
1640
1628
1692
1572
1752
1540
1652
1672
1676
1632
1732
1580
1792
1652
1632
1736
1536
1704
1692
1620
1756
1676
1584
1788
1532
1756
1664
1624
1672
1596
1572
1812
1524
1708
1648
1624
1732
1624
1616
1732
1556
1668
1692
1580
1752
1584
1604
1708
1584
1612
1728
1500
1752
1552
1668
1704
1656
1644
1724
1588
1728
1592
1644
1684
1572
1664
1640
1644
1660
1676
1612
1708
1564
1672
1584
1680
1588
1668
1612
1684
1608
1640
1612
1696
1556
1648
1596
1608
1628
1608
1640
1668
1616
1668
1664
1572
1696
1536
1632
1660
1576
1600
1660
1512
1692
1548
1632
1648
1572
1636
1660
1564
1676
1556
1584
1728
1508
1732
1624
1500
1644
1628
1600
1764
1504
1692
1592
1596
1676
1564
1512
1756
1500
1708
1632
1572
1688
1564
1560
1716
1556
1628
1588
1500
1728
1576
1624
1632
1524
1560
1724
1572
1700
1500
1588
1656
1588
1536
1612
1500
1692
1608
1520
1644
1584
1608
1592
1540
1500
1692
1564
1692
1500
1620
1556
1652
1496
1532
1536
1620
1556
1532
1512
1684
1548
1660
1532
1576
1620
1560
1596
1620
1576
1604
1584
1508
1636
1512
1596
1580
1536
1584
1668
1488
1672
1496
1592
1636
1532
1564
1596
1492
1708
1500
1544
1612
1460
1612
1592
1472
1660
1536
1516
1708
1444
1656
1540
1524
1636
1560
1532
1700
1436
1624
1564
1540
1660
1536
1528
1612
1504
1576
1596
1460
1652
1500
1572
1588
1536
1540
1624
1452
1668
1528
1604
1580
1564
1544
1644
1560
1656
1496
1524
1540
1500
1536
1556
1572
1564
1544
1496
1572
1500
1576
1544
1644
1536
1620
1500
1560
1504
1532
1516
1612
1480
1580
1536
1556
1592
1500
1524
1592
1504
1548
1572
1508
1660
1500
1572
1536
1500
1516
1556
1460
1624
1420
1528
1572
1480
1556
1568
1436
1616
1480
1500
1616
1424
1584
1516
1464
1592
1488
1448
1624
1392
1652
1516
1500
1584
1516
1468
1628
1432
1624
1500
1448
1576
1460
1492
1584
1456
1564
1548
1436
1608
1452
1536
1552
1544
1500
1576
1404
1628
1436
1544
1552
1508
1500
1576
1448
1568
1480
1516
1544
1468
1516
1504
1492
1468
1484
1484
1560
1492
1540
1476
1560
1440
1536
1452
1536
1512
1520
1476
1580
1428
1548
1488
1512
1556
1460
1472
1520
1440
1520
1504
1372
1540
1432
1572
1532
1444
1516
1544
1408
1592
1372
1500
1540
1448
1492
1564
1436
1612
1424
1460
1604
1412
1572
1460
1408
1564
1468
1436
1596
1328
1580
1440
1428
1496
1464
1448
1620
1396
1568
1472
1452
1552
1460
1492
1612
1472
1532
1512
1420
1584
1408
1484
1508
1440
1452
1484
1328
1520
1368
1488
1492
1468
1448
1516
1424
1504
1436
1472
1468
1412
1452
1484
1480
1476
1460
1432
1500
1412
1468
1432
1544
1436
1560
1520
1548
1432
1424
1404
1520
1388
1476
1444
1416
1500
1372
1436
1476
1372
1468
1464
1404
1568
1376
1488
1484
1460
1464
1488
1436
1588
1412
1520
1544
1384
1496
1416
1360
1536
1376
1384
1508
1312
1528
1396
1384
1480
1408
1432
1592
1308
1524
1432
1444
1516
1420
1376
1540
1352
1572
1424
1392
1508
1388
1464
1516
1364
1424
1484
1412
1540
1368
1480
1480
1436
1404
1488
1336
1528
1360
1408
1404
1408
1360
1388
1264
1372
1392
1436
1420
1368
1412
1348
1528
1404
1476
1396
1492
1356
1520
1432
1556
1420
1484
1400
1448
1452
1436
1396
1528
1336
1488
1400
1428
1508
1352
1456
1492
1356
1436
1392
1340
1528
1344
1480
1436
1384
1412
1436
1292
1500
1308
1432
1452
1364
1472
1444
1356
1504
1328
1412
1524
1300
1460
1404
1344
1508
1372
1400
1560
1308
1500
1356
1368
1468
1380
1420
1560
1320
1504
1396
1404
1504
1376
1376
1428
1352
1424
1400
1316
1476
1312
1420
1412
1432
1372
1444
1304
1464
1316
1404
1396
1400
1384
1428
1360
1432
1316
1372
1404
1396
1372
1360
1388
1356
1416
1376
1392
1376
1360
1356
1460
1324
1436
1340
1404
1412
1360
1368
1452
1304
1444
1332
1324
1404
1304
1408
1460
1296
1388
1380
1328
1516
1300
1420
1420
1352
1404
1420
1288
1468
1232
1376
1400
1276
1392
1388
1300
1476
1268
1352
1428
1284
1428
1332
1340
1436
1324
1316
1484
1224
1464
1304
1332
1380
1280
1312
1444
1260
1440
1308
1344
1404
1320
1368
1428
1316
1396
1356
1276
1428
1284
1368
1380
1340
1320
1396
1288
1416
1300
1368
1340
1368
1328
1400
1360
1392
1352
1388
1416
1404
1428
1392
1380
1300
1368
1332
1388
1328
1340
1328
1424
1232
1380
1268
1336
1324
1300
1308
1424
1264
1428
1320
1340
1424
1280
1384
1396
1276
