16845
16878
4220

620
620
728
704
600
736
556
696
704
564
744
668
684
772
616
648
736
532
776
616
640
720
636
668
768
548
768
604
600
704
600
708
708
572
684
644
620
796
548
724
672
664
708
704
580
748
600
788
716
648
684
680
600
760
596
696
692
652
736
684
672
676
624
624
708
636
724
616
664
632
700
636
692
596
616
628
700
604
692
608
688
692
600
628
600
596
716
640
600
720
592
736
648
640
692
692
580
716
520
752
700
632
712
712
628
780
580
716
712
612
772
660
648
740
588
652
740
508
792
580
644
692
616
660
720
500
760
588
628
692
604
708
768
608
704
656
640
756
572
684
664
632
676
740
576
824
560
712
632
636
596
804
640
796
604
708
644
600
668
664
664
680
660
652
664
620
684
612
652
620
708
644
696
620
680
632
700
584
716
612
668
664
624
724
656
568
664
632
636
760
584
760
628
652
716
740
568
700
504
744
732
664
712
664
604
788
556
676
660
572
760
612
616
692
552
636
732
564
804
556
652
692
636
696
716
484
756
604
656
696
560
664
664
584
740
628
592
712
576
744
664
616
712
704
612
792
596
732
636
656
712
700
588
720
620
732
688
604
636
660
648
632
656
664
744
652
660
612
720
628
724
576
672
648
696
656
672
564
748
644
684
688
648
716
680
632
752
696
668
704
568
740
708
632
680
648
628
768
560
732
652
608
720
668
604
756
556
688
660
564
760
564
652
740
572
684
724
524
760
580
680
684
572
656
704
528
764
636
680
700
600
668
664
576
740
652
660
744
604
740
692
624
652
664
572
720
564
704
632
632
640
676
616
696
596
704
696
712
724
664
672
660
676
664
664
608
660
624
676
568
696
572
680
636
668
640
748
620
728
596
692
708
624
748
684
600
700
660
644
752
552
756
676
668
712
684
608
748
532
752
640
620
696
620
560
736
572
712
704
584
788
588
632
728
616
680
712
540
824
628
688
688
624
668
700
532
760
528
668
696
588
700
700
564
684
652
656
720
568
716
648
612
688
668
600
720
568
732
676
692
684
700
612
728
596
696
612
644
664
652
640
652
704
652
716
660
620
620
728
616
700
584
696
692
636
620
628
572
740
628
644
692
648
732
644
572
700
680
660
708
492
684
616
600
664
640
588
768
548
732
636
604
700
632
596
764
588
728
688
560
756
612
644
652
580
684
748
560
796
584
688
704
628
688
732
568
760
584
696
716
584
660
676
616
732
644
576
700
584
696
644
620
648
696
596
728
588
752
604
700
628
736
592
724
572
768
732
676
660
620
628
620
692
664
692
672
668
632
668
544
696
560
664
648
664
648
676
564
744
600
632
648
588
704
664
604
724
636
620
740
560
764
636
632
680
636
664
748
528
764
688
604
632
584
572
784
588
792
692
628
768
612
596
684
604
688
724
540
824
540
636
668
620
684
712
520
756
596
704
704
584
636
664
604
744
656
644
716
600
748
676
672
668
688
616
740
600
728
632
644
600
704
624
676
580
680
640
628
628
636
624
600
676
644
688
628
612
648
724
572
712
628
720
652
608
640
720
596
716
592
664
736
608
668
596
584
720
628
620
740
564
772
628
628
680
668
616
756
564
788
652
604
696
648
652
744
516
728
700
592
764
620
648
672
548
684
692
492
776
600
732
700
592
652
636
508
740
552
664
656
608
732
732
636
696
616
620
724
604
708
644
644
680
720
636
696
588
724
668
692
660
692
616
668
640
676
640
656
664
648
652
612
684
620
696
680
692
652
676
564
720
588
696
652
632
676
684
560
724
584
684
728
564
748
668
584
732
612
620
744
544
768
620
624
696
624
620
740
528
768
596
596
684
640
620
752
572
744
668
580
780
604
712
716
580
712
692
600
812
552
648
672
576
688
660
532
744
608
724
648
572
664
680
668
764
632
640
684
608
740
668
640
596
680
596
728
612
712
628
668
612
668
588
696
628
688
684
640
568
688
680
636
676
604
724
660
656
628
640
560
776
600
676
660
676
716
668
532
732
592
700
692
580
732
636
580
692
584
640
712
508
764
620
628
708
640
600
744
528
780
600
596
712
644
648
744
572
752
648
556
744
620
684
700
588
692
720
580
776
572
700
700
644
724
712
584
760
544
636
688
644
724
692
620
696
660
664
676
588
704
652
692
644
676
608
664
576
708
652
704
604
724
612
728
580
676
624
640
688
692
708
584
716
588
716
652
640
700
740
640
744
544
676
640
628
676
684
572
732
572
684
712
576
724
632
596
752
632
672
748
556
816
620
616
676
636
640
752
528
780
588
604
756
596
620
748
584
764
604
580
776
600
684
676
600
732
732
572
776
552
736
696
624
680
704
608
760
596
692
620
612
680
664
620
700
628
628
672
604
760
620
624
600
680
636
716
616
708
632
668
608
712
624
680
664
688
668
668
628
680
644
636
704
588
684
648
656
684
668
580
768
596
700
628
620
648
656
544
768
588
688
684
532
720
636
604
692
580
684
760
544
776
572
608
720
620
588
704
556
760
568
628
708
636
640
704
564
752
660
568
736
580
692
692
580
684
680
568
780
588
716
700
636
676
680
568
756
624
720
660
596
708
664
672
684
656
632
684
596
688
628
692
648
728
644
700
616
708
656
700
656
764
640
660
668
648
652
632
612
704
640
596
716
632
720
676
648
672
700
584
784
588
696
620
620
684
660
568
784
588
684
680
568
736
624
616
748
592
620
704
512
772
612
676
704
628
656
756
552
804
612
620
728
648
692
744
572
740
616
648
752
556
668
684
564
696
652
576
728
568
720
648
644
668
680
576
732
556
684
676
664
716
652
604
684
648
664
648
588
680
628
668
604
688
612
732
628
688
640
636
564
748
668
688
652
608
656
668
604
672
604
648
780
608
680
640
660
672
644
576
792
608
708
648
608
720
668
564
728
556
704
688
556
744
632
620
748
588
644
716
540
792
600
668
704
608
604
712
568
824
620
636
696
648
700
708
580
716
652
568
732
548
676
664
620
672
684
588
752
568
712
640
632
660
648
580
748
604
676
580
604
668
668
644
640
636
688
712
668
688
580
640
600
732
624
720
652
700
648
668
564
704
576
632
684
632
668
672
588
684
588
500
744
552
752
620
648
668
684
564
704
536
752
664
612
696
672
564
764
524
700
692
584
748
596
632
752
596
664
720
556
816
584
668
692
584
644
724
504
752
564
644
712
596
668
664
568
716
592
588
708
640
704
596
572
708
692
572
760
580
748
668
668
684
700
660
776
644
700
636
620
640
680
676
704
656
620
632
656
720
660
660
580
736
632
688
624
616
616
708
628
756
600
624
644
624
708
664
604
708
640
620
740
632
740
672
628
712
664
636
788
580
700
612
624
732
652
588
760
568
712
648
564
748
608
600
720
588
676
680
528
776
600
676
676
604
684
684
508
748
616
696
700
568
644
700
592
716
604
656
764
608
716
668
680
736
652
572
764
580
724
636
604
628
704
592
716
604
724
648
632
632
648
684
712
716
680
700
684
704
628
692
612
740
588
708
664
704
712
700
604
768
600
648
668
620
688
652
560
704
604
620
708
588
748
640
608
692
636
580
768
540
768
680
648
732
672
628
772
560
712
672
584
768
584
600
716
588
704
704
532
796
584
672
716
604
692
744
592
804
568
672
668
600
660
712
568
788
612
668
704
576
668
612
620
704
652
620
756
608
768
628
684
660
692
572
696
608
732
644
628
632
620
616
628
640
632
676
624
676
668
680
628
788
652
700
620
668
680
712
540
696
588
712
692
552
624
660
604
668
580
580
712
584
704
612
640
732
648
588
788
572
796
628
568
672
632
612
788
568
744
680
600
768
596
636
724
560
684
700
556
784
576
660
684
612
636
668
532
788
584
660
660
580
636
676
560
700
608
616
708
604
716
676
664
668
652
588
716
564
716
628
712
684
680
580
708
620
692
640
676
668
688
676
668
644
600
640
656
660
628
676
576
724
568
700
660
648
644
692
580
752
580
668
700
656
716
668
620
640
620
596
792
616
772
452
572
640
648
684
856
600
688
504
544
772
724
628
744
536
772
696
600
648
508
604
800
724
844
736
516
676
508
676
764
688
748
712
544
752
556
632
672
644
732
716
604
724
596
604
728
576
744
704
692
696
712
568
688
524
716
668
716
708
652
552
680
616
676
648
728
720
708
660
588
616
572
628
676
716
696
696
560
688
532
652
632
668
684
720
600
736
548
636
692
636
728
684
612
756
592
596
692
564
728
616
640
728
648
596
760
544
744
620
604
724
604
604
764
548
732
640
584
748
568
616
696
568
672
648
556
780
540
664
672
624
660
684
596
820
616
688
684
660
684
668
564
672
596
632
692
580
680
672
696
692
676
620
740
608
724
636
716
672
680
584
688
672
696
608
684
660
692
676
656
700
636
684
656
640
616
684
592
732
556
684
632
632
636
668
576
760
568
692
712
628
712
620
592
732
604
648
724
576
768
604
628
716
644
600
752
532
744
584
632
720
620
632
780
920
1716
2376
3220
4136
4272
4504
4672
4628
4812
4792
4700
4968
4740
4952
4856
4832
4888
4996
4828
5080
4828
4980
4932
4884
4932
4940
4868
4972
4856
4920
4948
4816
4864
4820
4868
4860
4868
4796
4896
4756
4872
4740
4824
4760
4840
4760
4864
4780
4844
4768
4812
4748
4760
4672
4760
4828
4728
4748
4768
4800
4788
4780
4668
4820
4712
4860
4756
4656
4720
4776
4704
4856
4632
4732
4756
4656
4720
4668
4676
4812
4624
4680
4784
4632
4764
4644
4652
4752
4676
4684
4784
4580
4812
4660
4700
4760
4668
4676
4776
4584
4772
4644
4632
4792
4596
4684
4728
4604
4716
4652
4556
4784
4524
4640
4596
4600
4628
4664
4572
4732
4504
4620
4588
4564
4636
4636
4596
4692
4588
4600
4636
4572
4648
4576
4628
4604
4636
4572
4692
4564
4648
4544
4620
4540
4632
4536
4596
4560
4608
4592
4636
4572
4592
4528
4524
4612
4528
4580
4548
4560
4576
4544
4452
4620
4420
4584
4544
4512
4556
4536
4468
4664
4432
4580
4592
4480
4584
4480
4468
4616
4456
4484
4568
4368
4636
4452
4536
4504
4424
4500
4628
4432
4556
4444
4420
4544
4448
4428
4552
4384
4604
4444
4400
4548
4360
4420
4460
4408
4500
4476
4380
4544
4324
4440
4420
4412
4456
4464
4376
4548
4340
4440
4472
4412
4460
4452
4444
4536
4408
4396
4428
4364
4424
4384
4444
4368
4432
4320
4472
4356
4416
4344
4488
4396
4444
4348
4420
4380
4380
4372
4368
4344
4412
4364
4324
4400
4348
4432
4380
4384
4404
4400
4280
4456
4288
4404
4364
4340
4348
4372
4308
4436
4208
4364
4376
4288
4396
4252
4228
4372
4260
4320
4360
4180
4404
4240
4316
4380
4280
4292
4384
4200
4436
4292
4308
4356
4248
4288
4380
4188
4356
4236
4236
4388
4220
4284
4324
4228
4284
4260
4192
4412
4152
4272
4240
4208
4284
4264
4192
4332
4168
4264
4220
4204
4240
4232
4200
4280
4232
4244
4244
4196
4252
4180
4200
4200
4276
4224
4292
4144
4224
4216
4228
4116
4244
4152
4260
4228
4200
4180
4228
4184
4236
4172
4204
4268
4144
4224
4172
4148
4224
4180
4060
4256
4076
4216
4136
4112
4204
4212
4100
4256
4036
4196
4184
4088
4244
4132
4136
4272
4084
4120
4208
4056
4272
4084
4148
4180
4108
4124
4212
3988
4228
4036
4084
4172
4088
4120
4196
4040
4232
4092
4084
4204
4068
4180
4120
4044
4124
4080
4020
4196
3972
4108
4012
4056
4088
4088
3992
4176
4016
4144
4040
4056
4044
4076
4020
4108
4020
4028
4052
4028
4068
4012
4040
4016
4092
4036
4120
4032
4108
4028
4080
4004
4080
3888
4040
4044
4048
3996
4040
4004
4088
3960
3928
4024
3988
4100
3972
3944
4060
4056
3960
4064
3828
4036
4024
3992
4012
3972
3948
4132
3908
4040
3992
3892
4056
3940
3944
4056
3900
3984
4000
3896
4112
3896
3972
4040
3936
3952
4044
3824
4048
3864
3948
3980
3860
3916
3992
3856
4052
3916
3896
4012
3840
3936
3964
3868
3928
3912
3856
4048
3852
3980
3912
3920
3936
3924
3852
3964
3800
3900
3848
3884
3912
3924
3904
3940
3924
3932
3948
3908
3900
3880
3924
3900
3952
3836
3900
3872
3868
3832
3908
3836
3900
3812
3872
3864
3824
3840
3864
3796
3916
3804
3824
3912
3796
3884
3848
3796
3884
3836
3780
3928
3756
3932
3824
3812
3864
3836
3796
3976
3768
3896
3836
3776
3876
3732
3760
3916
3708
3820
3840
3716
3924
3736
3768
3868
3776
3816
3888
3664
3856
3776
3812
3912
3764
3812
3824
3684
3848
3720
3804
3908
3764
3796
3760
3724
3836
3792
3704
3920
3708
3836
3756
3756
3776
3772
3692
3840
3692
3788
3708
3736
3788
3740
3708
3752
3732
3732
3768
3748
3748
3704
3752
3708
3800
3708
3764
3712
3716
3692
3708
3652
3776
3616
3740
3800
3716
3672
3700
3680
3816
3680
3692
3740
3624
3760
3736
3692
3720
3704
3672
3808
3540
3736
3632
3620
3704
3672
3660
3808
3556
3720
3676
3668
3792
3596
3628
3748
3604
3740
3708
3592
3748
3556
3660
3704
3612
3644
3700
3556
3804
3572
3676
3696
3584
3656
3700
3572
3764
3568
3600
3724
3580
3672
3588
3556
3692
3628
3600
3712
3540
3676
3584
3600
3636
3628
3556
3612
3520
3648
3576
3612
3544
3572
3560
3616
3596
3548
3568
3584
3604
3596
3628
3500
3628
3512
3628
3556
3596
3572
3600
3528
3636
3456
3520
3520
3516
3564
3596
3476
3608
3528
3560
3604
3484
3596
3580
3556
3532
3480
3500
3688
3460
3584
3540
3540
3620
3484
3452
3640
3396
3596
3504
3488
3612
3496
3492
3564
3404
3572
3556
3428
3648
3420
3532
3548
3424
3500
3548
3392
3600
3400
3508
3544
3480
3528
3540
3424
3600
3420
3456
3520
3424
3484
3476
3420
3556
3476
3408
3576
3376
3540
3420
3488
3448
3480
3416
3536
3404
3512
3452
3500
3456
3456
3420
3452
3452
3440
3448
3428
3464
3424
3480
3420
3488
3336
3512
3488
3480
3432
3488
3400
3548
3368
3460
3412
3428
3504
3448
3332
3488
3376
3392
3432
3292
3476
3432
3412
3448
3320
3328
3540
3296
3480
3356
3364
3448
3340
3368
3496
3272
3444
3352
3340
3488
3332
3380
3468
3308
3428
3364
3264
3476
3252
3372
3384
3292
3348
3396
3236
3436
3216
3364
3384
3324
3340
3368
3256
3444
3312
3368
3396
3240
3324
3308
3304
3388
3332
3324
3428
3260
3368
3252
3316
3276
3316
3272
3384
3292
3364
3308
3356
3308
3324
3284
3324
3296
3276
3304
3324
3276
3248
3304
3272
3376
3220
3316
3252
3272
3304
3372
3272
3376
3176
3320
3316
3280
3316
3292
3208
3360
3268
3308
3320
3152
3312
3260
3244
3316
3208
3212
3372
3148
3356
3216
3196
3304
3216
3188
3328
3100
3328
3204
3192
3320
3188
3248
3332
3172
3304
3284
3180
3364
3148
3248
3244
3164
3304
3236
3168
3296
3148
3248
3240
3096
3300
3248
3200
3300
3172
3224
3248
3116
3212
3220
3208
3216
3160
3104
3272
3092
3248
3160
3264
3212
3268
3180
3280
3156
3248
3172
3200
3124
3208
3204
3224
3220
3136
3164
3160
3120
3148
3184
3112
3224
3068
3212
3188
3152
3184
3176
3096
3224
3088
3228
3184
3100
3208
3100
3096
3216
3080
3116
3184
3068
3300
3180
3156
3220
3100
3100
3232
3004
3204
3100
3156
3224
3076
3080
3228
2960
3172
3092
3128
3224
3012
3084
3148
3020
3164
3100
3012
3212
3000
3164
3152
3084
3136
3128
3012
3216
3008
3108
3100
3044
3100
3148
3056
3160
2968
3036
3116
3068
3184
3116
3076
3136
3092
3112
3164
3024
3076
3032
3084
3052
3084
3016
3080
3012
3084
3044
3104
3012
3048
3028
3068
3112
3056
3064
3076
3048
3068
3084
2972
3108
2900
3092
3076
3068
3036
3012
2932
3116
2912
3060
3072
2972
3072
3056
3008
3132
2956
3036
3104
2960
3124
3036
3028
3128
3032
3036
3140
2832
3088
2980
3044
3060
2908
2972
3128
2872
3084
2980
2980
3100
2952
3052
3100
2948
3052
2972
2896
3092
2884
3028
3004
2924
3016
3008
2904
3076
2868
3052
3024
2960
2960
3008
2964
3076
2940
2968
3020
2900
2964
2928
2972
3012
2956
2876
3008
2876
3000
2928
2980
2928
3036
2948
3048
2952
2924
2892
2940
2944
2984
2908
2940
2948
2852
3008
3012
2940
2904
2920
2920
3044
2848
2940
2892
2928
3004
2956
2828
3028
2872
2972
2928
2820
2928
2924
2876
2992
2848
2932
2972
2808
2952
2828
2896
2996
2868
2880
2992
2812
3028
2832
2848
2928
2856
2884
2996
2732
2980
2836
2844
2944
2828
2920
2956
2796
2916
2888
2816
2992
2784
2940
2908
2844
2896
2904
2796
2980
2760
2892
2852
2836
2892
2864
2844
2944
2820
2856
2892
2864
2888
2844
2900
2892
2860
2828
2904
2828
2884
2796
2876
2816
2876
2796
2880
2828
2828
2796
2808
2744
2864
2824
2848
2856
2780
2852
2836
2824
2836
2824
2764
2892
2724
2892
2804
2784
2796
2832
2724
2908
2684
2844
2844
2780
2880
2828
2808
2920
2712
2804
2876
2716
2920
2756
2776
2868
2744
2764
2864
2624
2852
2716
2784
2844
2720
2748
2844
2676
2868
2720
2724
2872
2672
2732
2780
2676
2804
2772
2700
2872
2676
2808
2776
2740
2764
2800
2732
2888
2712
2796
2824
2724
2792
2728
2708
2772
2744
2800
2812
2716
2716
2696
2724
2736
2776
2756
2884
2680
2732
2684
2764
2692
2772
2664
2792
2672
2692
2668
2728
2644
2732
2684
2680
2748
2620
2700
2700
2696
2756
2732
2644
2768
2600
2800
2772
2724
2768
2720
2656
2880
2664
2752
2740
2624
2776
2672
2676
2808
2636
2756
2780
2596
2780
2704
2700
2716
2620
2672
2768
2528
2716
2548
2656
2716
2616
2652
2724
2572
2764
2652
2616
2748
2564
2664
2680
2632
2748
2688
2596
2784
2568
2784
2696
2636
2652
2684
2664
2816
2608
2744
2660
2672
2696
2708
2648
2704
2616
2660
2696
2628
2664
2628
2644
2616
2664
2592
2668
2580
2652
2596
2676
2560
2624
2540
2648
2592
2600
2564
2620
2560
2660
2584
2588
2632
2524
2612
2636
2576
2628
2604
2572
2728
2548
2672
2620
2612
2692
2660
2532
2684
2480
2676
2648
2548
2648
2572
2564
2712
2560
2640
2640
2480
2648
2520
2564
2608
2492
2532
2628
2444
2656
2504
2588
2612
2484
2512
2588
2456
2656
2500
2536
2612
2488
2620
2608
2540
2616
2588
2572
2732
2444
2660
2592
2620
2604
2628
2524
2700
2492
2600
2556
2588
2596
2584
2508
2556
2508
2548
2564
2496
2572
2560
2584
2524
2516
2472
2544
2472
2540
2484
2560
2512
2556
2452
2572
2508
2484
2524
2584
2452
2540
2460
2548
2604
2476
2556
2520
2552
2604
2496
2452
2640
2476
2652
2528
2476
2572
2548
2444
2580
2340
2560
2556
2452
2540
2448
2488
2588
2380
2520
2524
2400
2560
2388
2480
2560
2452
2520
2564
2388
2616
2420
2524
2528
2444
2488
2548
2408
2616
2420
2476
2504
2408
2520
2540
2444
2560
2480
2464
2584
2372
2500
2460
2488
2512
2516
2428
2524
2336
2528
2444
2488
2436
2488
2452
2472
2408
2460
2476
2496
2484
2448
2448
2396
2436
2384
2500
2416
2464
2420
2504
2420
2508
2372
2468
2436
2432
2444
2540
2460
2520
2408
2460
2508
2392
2456
2460
2416
2504
2468
2444
2552
2300
2516
2376
2372
2460
2420
2376
2520
2268
2476
2380
2332
2436
2360
2416
2524
2304
2460
2452
2308
2524
2376
2448
2444
2324
2412
2448
2260
2496
2300
2428
2452
2352
2428
2464
2284
2492
2336
2400
2456
2332
2424
2432
2344
2448
2344
2328
2444
2284
2444
2348
2360
2360
2400
2396
2508
2344
2468
2368
2412
2340
2408
2368
2376
2356
2372
2312
2400
2332
2448
2376
2364
2388
2308
2420
2348
2396
2352
2388
2280
2396
2312
2400
2332
2288
2340
2380
2324
2432
2300
2376
2372
2272
2380
2352
2292
2364
2292
2320
2456
2216
2396
2296
2308
2364
2316
2308
2444
2204
2444
2316
2316
2420
2304
2356
2416
2236
2412
2344
2268
2428
2276
2348
2388
2252
2304
2384
2212
2452
2236
2380
2404
2296
2388
2364
2200
2400
2264
2332
2352
2236
2364
2348
2252
2352
2268
2268
2336
2220
2388
2300
2288
2320
2320
2300
2428
2260
2332
2264
2332
2316
2308
2292
2300
2300
2328
2332
2332
2276
2308
2292
2296
2364
2232
2316
2276
2276
2240
2340
2228
2324
2184
2336
2264
2272
2272
2304
2220
2340
2236
2280
2284
2132
2268
2228
2248
2312
2212
2224
2360
2176
2352
2240
2196
2300
2236
2260
2376
2108
2332
2216
2208
2348
2228
2244
2328
2120
2296
2252
2168
2332
2168
2304
2292
2188
2284
2292
2112
2340
2132
2268
2228
2164
2216
2276
2172
2312
2136
2212
2296
2172
2296
2240
2196
2248
2228
2160
2256
2096
2296
2192
2204
2236
2252
2208
2232
2124
2232
2216
2220
2148
2184
2156
2220
2172
2192
2212
2232
2196
2212
2216
2180
2252
2172
2240
2152
2120
2236
2296
2164
2244
2104
2276
