23604
23653
5913

792
792
588
844
700
680
760
696
712
804
596
880
660
704
768
668
720
764
596
768
676
684
780
624
732
744
636
772
708
628
848
644
824
740
680
736
764
620
788
608
744
708
700
756
748
676
784
660
716
744
676
764
704
712
708
748
696
744
668
736
648
752
636
752
652
772
712
720
708
716
668
768
708
712
780
656
752
692
700
756
732
676
824
620
752
668
684
756
720
644
848
632
788
740
672
828
652
636
728
584
760
752
656
800
676
660
748
656
708
784
592
912
664
712
780
656
764
768
592
792
676
732
828
652
764
756
692
820
744
636
824
644
772
704
704
768
744
628
820
632
744
668
656
728
740
680
804
704
740
752
696
780
724
736
720
740
676
724
668
756
672
700
644
780
676
764
708
732
712
724
644
768
692
716
756
644
764
692
692
764
724
652
800
620
780
676
676
752
728
628
804
572
736
680
656
768
668
620
768
620
744
772
620
844
636
696
752
672
744
784
592
876
620
708
772
672
740
780
612
804
660
668
764
632
768
748
684
800
736
688
828
636
740
652
660
720
732
652
804
632
756
712
696
732
760
660
772
708
776
684
700
728
704
680
704
748
668
756
696
736
680
780
668
800
640
716
660
680
684
740
680
812
684
704
748
648
796
740
712
748
712
672
816
620
816
636
648
744
756
620
780
604
820
732
644
752
668
692
836
608
716
732
636
852
608
660
768
668
692
716
552
864
636
688
724
660
724
740
576
824
672
696
800
680
724
684
652
772
732
652
800
628
796
716
712
704
708
640
784
628
780
672
676
712
704
700
728
680
732
752
724
732
692
716
720
768
676
756
668
748
676
752
660
820
712
752
704
680
716
764
668
768
660
708
768
644
756
684
672
760
700
632
780
592
772
664
700
752
684
596
756
596
804
708
652
804
684
676
796
628
748
756
604
828
620
696
764
668
724
764
608
832
600
740
756
676
740
736
588
804
588
644
752
632
728
676
676
804
704
668
792
640
736
672
692
760
760
668
816
668
764
660
692
688
696
664
716
684
708
732
732
756
708
700
688
780
676
764
728
760
700
752
620
784
612
712
712
688
692
716
664
804
660
684
740
624
764
644
628
700
652
644
816
620
808
708
676
744
704
652
844
584
764
680
652
796
676
636
800
628
768
752
612
748
668
668
820
656
728
740
572
892
604
736
740
716
752
672
560
800
676
692
748
628
744
688
628
700
704
708
820
600
748
692
712
708
696
600
780
660
760
688
732
728
740
664
688
668
708
724
704
720
724
732
668
728
644
716
648
692
680
732
644
776
588
728
700
688
728
732
620
768
628
708
764
628
756
676
688
764
652
656
764
568
804
636
672
732
672
640
800
544
740
644
628
756
640
700
796
596
712
680
588
816
612
720
756
640
712
740
568
804
608
716
704
656
720
688
600
820
636
688
728
652
776
724
704
748
684
652
760
636
776
652
684
696
792
640
796
612
768
636
732
692
744
632
724
692
668
676
680
700
708
732
668
768
660
748
672
760
708
748
612
808
640
756
740
644
668
672
604
748
632
668
760
624
772
600
660
776
628
592
740
576
804
648
604
692
692
712
832
560
764
692
696
804
612
668
804
652
748
684
584
828
584
688
736
656
760
740
572
860
628
728
716
644
720
732
592
772
620
692
752
644
764
716
656
748
740
688
744
588
732
700
712
712
704
620
748
668
716
624
684
676
724
668
720
708
668
684
700
712
668
652
612
768
668
772
680
720
700
784
668
844
632
732
708
664
716
684
604
748
608
664
732
588
748
632
676
788
680
620
756
552
804
648
652
708
680
636
812
568
792
632
608
784
640
668
776
624
752
704
608
820
620
732
740
672
756
740
588
856
600
700
684
636
700
716
624
788
652
696
744
648
732
664
676
748
688
672
752
652
756
644
724
712
748
636
740
656
732
700
716
664
756
668
652
668
668
704
676
676
716
740
620
792
644
748
672
684
648
720
640
828
624
732
700
664
724
680
652
796
636
676
752
596
772
684
668
788
668
692
796
576
796
656
680
744
620
592
752
592
784
668
640
784
648
672
744
576
780
632
636
800
604
700
708
568
752
680
604
788
564
716
692
660
684
664
628
788
580
648
668
620
732
644
640
700
684
616
708
600
760
688
696
664
752
664
768
612
700
704
744
692
720
672
720
708
632
668
680
712
684
664
604
748
640
712
692
716
692
700
612
796
596
720
704
668
724
676
612
812
624
724
752
584
756
604
652
740
620
668
820
580
804
640
668
716
652
652
808
632
792
624
664
804
640
684
732
592
748
700
616
820
556
732
708
656
716
748
628
832
584
728
708
656
732
696
580
740
576
664
692
664
724
688
700
712
736
660
736
640
756
656
748
632
724
600
780
668
728
636
716
628
740
636
680
660
624
684
712
672
664
700
652
776
620
752
720
712
744
744
608
788
596
688
672
652
744
620
604
812
620
652
700
592
816
652
628
708
612
696
740
512
804
636
696
704
572
632
800
588
776
640
672
768
620
688
748
660
772
680
604
808
596
744
684
640
696
696
588
824
580
732
676
648
716
696
616
744
616
684
716
680
728
640
676
724
688
652
764
628
756
676
764
676
716
604
736
668
668
668
708
672
784
684
700
704
644
724
668
688
708
660
580
764
620
756
640
636
660
712
640
832
556
704
680
652
728
644
664
816
640
712
716
568
784
592
640
724
616
648
744
560
844
628
692
748
660
696
784
604
796
636
664
740
596
700
736
612
740
680
636
772
576
696
708
696
748
716
636
808
560
708
664
672
708
692
636
744
620
680
684
656
704
660
700
700
700
684
772
684
704
632
708
656
732
624
700
676
724
704
744
684
764
644
672
704
616
696
660
652
724
716
668
772
572
724
640
620
644
636
588
788
588
744
704
624
756
668
624
796
596
700
752
596
804
620
640
724
596
664
736
544
780
568
664
728
640
636
724
556
796
648
648
772
628
728
720
628
736
700
632
796
596
704
752
668
764
648
584
752
600
776
684
704
656
680
628
724
632
748
772
680
708
616
672
680
692
608
692
652
728
640
732
656
752
584
680
676
696
668
684
628
764
692
672
668
620
740
692
644
704
684
660
780
560
744
656
632
704
672
616
808
552
720
664
632
764
640
588
772
596
712
704
584
812
596
664
724
620
688
760
564
808
588
720
740
652
660
756
592
764
596
688
784
632
700
704
604
748
696
636
788
604
752
688
664
732
716
632
796
600
748
692
700
716
724
708
764
672
648
700
656
716
640
732
692
752
648
756
588
660
628
756
620
756
612
724
668
676
676
732
608
736
632
692
748
608
696
656
624
700
672
636
796
616
740
676
668
684
636
600
808
572
728
668
636
768
644
580
748
612
756
700
536
792
628
688
736
604
704
796
628
860
616
712
756
596
668
736
620
792
584
624
744
608
676
676
620
736
684
608
768
564
728
668
696
680
712
636
804
584
744
680
664
668
640
656
724
648
688
716
668
712
660
696
648
704
604
700
668
684
636
688
612
744
588
700
752
700
632
700
660
784
624
656
724
648
732
668
648
760
720
660
800
596
744
632
644
736
684
640
760
508
700
652
616
728
604
584
772
588
720
684
552
760
604
680
744
636
704
756
560
808
580
708
748
652
708
768
588
780
628
680
732
628
724
708
640
716
676
660
792
608
732
644
636
668
704
620
768
600
732
672
716
672
660
652
708
632
684
692
668
680
668
696
644
720
612
716
680
688
648
732
620
744
616
744
712
664
676
712
616
764
636
676
748
632
732
680
636
712
660
680
788
604
768
680
628
712
668
612
804
576
760
664
612
720
620
624
780
588
752
688
600
780
576
676
724
596
680
748
576
816
548
720
712
640
668
740
588
760
580
644
720
612
668
676
636
724
664
612
748
608
728
680
712
672
748
648
764
588
672
560
708
664
740
600
716
636
680
688
648
704
692
748
660
716
640
740
692
676
656
724
628
748
600
700
676
636
656
668
628
760
632
680
748
620
752
680
648
760
660
636
764
556
768
688
668
700
724
636
812
516
764
672
640
744
632
664
824
596
724
636
584
832
596
692
756
636
716
724
548
772
580
708
696
604
664
720
588
768
568
684
708
600
676
672
680
760
668
664
800
648
732
624
688
708
736
612
764
612
692
644
700
636
692
660
708
656
636
676
688
712
652
688
620
740
620
716
688
684
672
748
636
788
616
720
704
664
680
708
604
756
596
644
724
612
732
660
652
668
660
704
800
516
744
656
680
732
588
588
784
600
772
628
632
752
656
648
716
548
732
684
572
796
612
728
720
580
696
732
612
804
544
704
744
664
684
692
592
816
632
704
732
628
712
680
664
708
636
640
752
604
736
684
740
712
732
620
744
556
692
704
740
692
684
636
704
652
648
684
708
676
688
700
652
708
568
648
624
644
640
712
608
796
628
744
680
612
708
680
596
836
636
644
668
540
748
636
636
660
592
616
824
548
740
616
676
756
672
648
776
528
768
684
692
760
576
604
736
592
760
708
580
792
612
752
1024
1424
2116
2780
3244
4092
4368
4996
5396
5768
6188
6392
6396
6560
6420
6564
6652
6560
6672
6636
6624
6672
6656
6640
6704
6604
6692
6604
6640
6588
6644
6584
6688
6524
6620
6584
6604
6564
6600
6548
6560
6532
6528
6528
6540
6488
6492
6532
6476
6544
6396
6472
6444
6428
6440
6452
6328
6480
6348
6460
6448
6392
6480
6452
6360
6508
6296
6388
6468
6356
6480
6356
6312
6404
6360
6404
6504
6204
6408
6260
6364
6472
6344
6328
6428
6180
6428
6296
6320
6420
6248
6300
6432
6252
6408
6332
6220
6412
6244
6360
6344
6224
6340
6348
6212
6424
6164
6336
6276
6252
6312
6324
6236
6392
6196
6268
6268
6180
6268
6252
6208
6236
6224
6216
6300
6176
6308
6220
6272
6192
6288
6164
6336
6120
6336
6220
6276
6148
6216
6104
6296
6188
6200
6200
6212
6176
6180
6188
6132
6244
6140
6240
6188
6144
6164
6212
6096
6244
6032
6180
6132
6068
6156
6144
6068
6204
6008
6108
6172
6024
6220
6108
6116
6200
6096
6108
6200
5944
6196
6012
6068
6092
6044
6044
6148
5896
6220
6056
6060
6092
5964
6072
6120
5912
6116
6104
6024
6152
5932
6072
6052
5924
6016
6036
5924
6132
5884
6044
6020
5984
6012
6008
5932
6072
5936
6052
6016
5932
6044
6016
6016
6016
5956
5940
6032
5900
5948
5892
5996
5916
5984
5880
5980
5868
5944
5900
5948
5916
5980
5912
5928
5952
5884
5916
5876
5884
5880
5948
5852
5980
5788
5920
5880
5856
5852
5924
5828
5984
5752
5908
5884
5836
5892
5852
5808
5900
5728
5904
5940
5756
5924
5828
5844
5888
5704
5772
5916
5760
5960
5732
5804
5872
5764
5784
5880
5676
5964
5804
5768
5828
5744
5840
5860
5684
5872
5804
5728
5872
5652
5852
5824
5700
5756
5784
5700
5900
5644
5776
5740
5724
5740
5732
5668
5800
5672
5756
5748
5648
5700
5684
5700
5708
5712
5708
5804
5672
5740
5700
5732
5636
5728
5652
5724
5624
5668
5620
5688
5688
5732
5628
5672
5700
5676
5704
5652
5572
5620
5636
5608
5728
5548
5700
5672
5612
5628
5628
5520
5720
5484
5684
5632
5576
5636
5588
5520
5696
5480
5636
5608
5484
5680
5580
5540
5580
5464
5584
5660
5436
5696
5460
5572
5600
5512
5544
5652
5436
5676
5476
5548
5636
5492
5524
5612
5468
5592
5476
5436
5604
5412
5572
5516
5420
5484
5532
5476
5636
5380
5556
5516
5496
5516
5524
5436
5532
5412
5512
5528
5480
5488
5400
5444
5476
5480
5416
5492
5404
5484
5448
5512
5400
5472
5380
5500
5432
5464
5404
5440
5380
5500
5400
5452
5424
5360
5420
5404
5360
5404
5352
5356
5492
5328
5440
5372
5356
5400
5392
5308
5512
5292
5464
5356
5284
5384
5320
5260
5440
5264
5440
5408
5260
5428
5276
5336
5420
5244
5320
5388
5212
5472
5264
5340
5368
5272
5312
5340
5188
5452
5268
5308
5344
5188
5300
5340
5184
5352
5264
5248
5388
5212
5360
5296
5224
5296
5320
5228
5348
5088
5296
5284
5288
5272
5252
5180
5272
5144
5248
5208
5188
5220
5244
5304
5264
5264
5224
5324
5248
5276
5184
5224
5160
5260
5132
5228
5156
5204
5168
5244
5044
5228
5060
5252
5188
5148
5104
5220
5128
5224
5164
5136
5276
5120
5212
5112
5108
5208
5128
5032
5220
5012
5228
5132
5084
5232
5124
5104
5244
5012
5196
5140
5008
5172
5036
5148
5180
5004
5128
5176
5020
5212
4996
5132
5156
5080
5092
5160
4992
5200
4992
5028
5116
5004
5084
5148
4988
5148
5064
5032
5116
4956
5104
5020
4980
5036
5040
4996
5124
4892
5100
5036
5032
4988
5036
5012
5112
4952
4988
5012
5016
5016
4952
5044
5024
5052
4972
5056
4988
5068
4992
5016
4908
5056
4948
5048
4960
4948
4936
5004
4920
5000
4860
4948
4948
4892
4968
4952
4912
4992
4924
4952
5040
4840
4972
4928
4892
4976
4940
4852
4968
4756
5032
4956
4860
4956
4900
4912
5016
4768
4932
4920
4868
4988
4808
4916
5012
4860
4912
4940
4804
5048
4800
4888
4868
4784
4844
4928
4744
4972
4792
4868
4872
4764
4872
4892
4768
4908
4824
4828
4932
4772
4896
4824
4804
4852
4792
4768
4956
4736
4852
4792
4856
4844
4828
4756
4868
4764
4840
4828
4848
4816
4800
4820
4828
4840
4772
4840
4748
4772
4732
4772
4692
4812
4664
4800
4736
4740
4736
4804
4720
4836
4680
4788
4776
4700
4776
4732
4688
4792
4716
4764
4848
4620
4756
4676
4684
4772
4704
4656
4804
4568
4856
4704
4680
4780
4676
4680
4796
4544
4752
4688
4612
4772
4560
4692
4712
4572
4708
4760
4592
4756
4536
4724
4756
4620
4696
4704
4532
4776
4588
4676
4660
4564
4660
4632
4592
4704
4612
4612
4736
4580
4752
4636
4604
4636
4636
4612
4728
4492
4632
4568
4632
4584
4584
4516
4620
4532
4632
4592
4604
4548
4572
4596
4588
4596
4536
4588
4520
4564
4560
4588
4476
4616
4504
4648
4544
4536
4548
4568
4488
4620
4504
4568
4572
4468
4572
4556
4504
4580
4476
4532
4584
4444
4648
4532
4508
4544
4476
4456
4624
4360
4604
4464
4488
4620
4508
4484
4584
4328
4556
4460
4412
4584
4404
4520
4564
4432
4540
4504
4384
4584
4324
4496
4476
4412
4500
4544
4388
4528
4344
4480
4460
4416
4516
4536
4380
4536
4428
4452
4476
4340
4476
4408
4404
4464
4452
4388
4508
4348
4476
4392
4440
4380
4380
4344
4420
4352
4420
4380
4388
4336
4380
4380
4380
4408
4352
4460
4412
4412
4396
4408
4300
4460
4304
4432
4352
4376
4396
4436
4340
4452
4296
4376
4352
4328
4408
4408
4276
4356
4328
4356
4448
4144
4372
4272
4336
4364
4288
4308
4468
4232
4448
4244
4280
4360
4296
4312
4400
4184
4444
4292
4244
4372
4212
4316
4320
4176
4336
4340
4212
4384
4192
4372
4292
4228
4300
4316
4168
4392
4164
4280
4284
4224
4292
4292
4220
4316
4292
4856
5660
6284
7012
7444
7980
8552
9096
9544
10128
10372
10764
10816
10828
10892
10928
10924
10976
10956
11016
11036
11012
10972
11020
11036
11000
11008
10912
11040
11016
10984
10976
10976
10924
11036
10864
11012
10876
10900
10868
10852
10720
10944
10744
10900
10792
10712
10860
10820
10700
10780
10668
10696
10736
10632
10860
10700
10692
10720
10628
10692
10760
10480
10764
10648
10732
10748
10632
10684
10764
10504
10720
10596
10632
10780
10548
10664
10628
10512
10692
10596
10508
10676
10452
10652
10564
10584
10604
10584
10452
10708
10464
10648
10508
10500
10564
10536
10484
10576
10448
10468
10532
10428
10580
10460
10488
10440
10492
10452
10544
10392
10528
10396
10452
10384
10424
10340
10440
10384
10412
10380
10412
10340
10396
10380
10376
10432
10324
10408
10364
10324
10352
10372
10264
10440
10240
10396
10300
10316
10388
10376
10296
10428
10220
10380
10288
10200
10352
10232
10236
10320
10148
10284
10276
10096
10324
10176
10192
10276
10200
10268
10312
10032
10308
10132
10204
10280
10148
10188
10248
9996
10236
10096
10124
10244
10036
10172
10148
10044
10192
10100
10028
10228
9980
10156
10132
10084
10120
10088
10000
10172
9932
10120
10028
10016
10076
10092
9996
10056
9996
10032
10080
9968
10080
9972
9968
9960
10032
9984
10064
9880
10020
9956
10064
9960
9972
9884
9964
9912
9976
9916
9912
9844
9960
9936
9920
9972
9804
9908
9860
9872
9920
9900
9764
9936
9780
9972
9828
9764
9828
9824
9760
9928
9704
9852
9788
9748
9856
9788
9768
9856
9692
9776
9800
9636
9860
9688
9740
9800
9704
9716
9824
9596
9876
9656
9740
9768
9668
9724
9788
9532
9760
9640
9692
9800
9592
9712
9652
9576
9752
9696
9616
9748
9516
9724
9596
9604
9628
9628
9548
9700
9500
9652
9556
9564
9636
9600
9520
9584
9536
9588
9592
9476
9588
9552
9592
9520
9536
9508
9552
9432
9536
9456
9488
9416
9528
9448
9500
9484
9516
9484
9496
9404
9468
9464
9448
9532
9372
9452
9408
9388
9452
9432
9316
9480
9272
9496
9392
9344
9416
9364
9276
9456
9268
9456
9348
9256
9464
9316
9380
9416
9252
9356
9344
9132
9532
9256
9360
9332
9268
9324
9384
9168
9404
9196
9256
9312
9168
9220
9296
9100
9344
9160
9176
9292
9148
9288
9236
9148
9300
9228
9164
9308
9108
9276
9192
9144
9168
9168
9116
9276
9060
9212
9156
9116
9188
9140
9116
9156
9068
9108
9160
9000
9128
9084
9072
9044
9072
9020
9108
9048
9068
9020
9016
8988
9056
9020
9068
9068
9044
9084
9080
9004
9096
9028
8972
9024
8952
9032
8984
8924
9020
9032
8932
9048
8856
9068
8952
8892
8972
8984
8916
9100
8872
9032
8984
8956
9008
8844
8860
9004
8868
8924
8904
8700
8964
8832
8904
8876
8784
8848
8948
8696
8972
8796
8876
8920
8776
8812
8908
8744
8900
8780
8772
8908
8704
8852
8796
8732
8848
8788
8692
8828
8616
8848
8740
8732
8808
8816
8732
8844
8700
8820
8748
8732
8756
8724
8676
8724
8680
8684
8708
8648
8756
8680
8708
8640
8728
8628
8712
8608
8696
8616
8700
8576
8676
8600
8668
8624
8632
8608
8600
8532
8648
8604
8616
8660
8484
8620
8572
8524
8600
8600
8532
8696
8480
8680
8564
8504
8608
8568
8532
8672
8412
8632
8524
8460
8628
8480
8472
8540
8396
8540
8540
8356
8592
8412
8516
8500
8396
8460
8548
8340
8568
8356
8440
8468
8396
8444
8476
8328
8500
8348
8360
8512
8344
8484
8432
8368
8448
8408
8324
8476
8236
8464
8332
8372
8380
8376
8304
8464
8280
8368
8268
8328
8372
8356
8308
8360
8296
8292
8344
8236
8268
8224
8292
8256
8356
8300
8348
8188
8240
8212
8308
8208
8316
8188
8292
8260
8252
8264
8232
8128
8272
8236
8244
8264
8120
8268
8216
8204
8272
8192
8108
8220
8056
8280
8152
8104
8168
8120
8116
8288
8040
8204
8108
8060
8264
8132
8152
8212
8028
8196
8200
8032
8256
8068
8132
8144
8052
8096
8168
7936
8200
7972
8092
8112
8000
8080
8088
7952
8132
8000
7984
8108
7936
8084
8012
7944
8064
8020
7940
8084
7928
8068
7908
7960
7980
7992
7916
8060
7912
8008
7916
7948
7940
7936
7928
7952
7948
7940
7996
7900
7936
7916
7952
7852
7964
7916
7968
7884
7932
7876
7924
7796
7960
7836
7924
7836
7828
7884
7904
7832
7908
7840
7832
7928
7772
7920
7808
7772
7856
7812
7732
7900
7664
7912
7772
7764
7852
7736
7712
7848
7640
7844
7784
7700
7848
7712
7752
7788
7672
7720
7836
7640
7952
7652
7744
7708
7736
7724
7776
7552
7788
7636
7700
7732
7612
7696
7716
7564
7748
7608
7676
7772
7592
7728
7652
7580
7696
7656
7604
7732
7556
7756
7624
7608
7620
7620
7556
7648
7556
7676
7616
7588
7564
7644
7548
7588
7544
7592
7592
7572
7512
7592
7580
7524
7620
7480
7588
7516
7528
7532
7568
7460
7592
7464
7548
7524
7516
7536
7548
7468
7580
7472
7424
7548
7388
7564
7468
7468
7516
7480
7424
7560
7336
7540
7364
7364
7564
7444
7396
7532
7356
7620
7476
7312
7448
7360
7432
7456
7280
7444
7468
7304
7504
7268
7432
7452
7364
7384
7412
7272
7544
7260
7336
7376
7344
7412
7372
7208
7424
7312
7312
7392
7212
7400
7340
7280
7308
7308
7284
7404
7208
7404
7284
7336
7296
7308
7284
7348
7236
7288
7252
7260
7236
7276
7248
7224
7264
7268
7292
7204
7244
7252
7256
7148
7248
7140
7288
7188
7240
7196
7216
7160
7292
7128
7220
7196
7200
7220
7180
7096
7244
7136
7152
7232
7028
7224
7140
7140
7200
7148
7072
7240
7004
7244
7092
7028
7180
7080
7084
7196
6992
7216
7116
7044
7188
6988
7064
7132
6992
7132
7120
6972
7204
6960
7108
7104
7032
7036
7084
6940
7168
6952
7048
7060
6956
7044
7056
6956
7148
6976
6980
7060
6892
7052
7020
6996
7048
6960
6916
7048
6872
7052
6908
6960
6972
6992
6944
6984
6844
6980
6896
6908
6916
7036
6932
6876
6900
6908
6980
6904
6912
6912
6916
6856
7000
6816
6904
6872
6924
6900
6904
6820
6972
6780
6900
6888
6840
6896
6852
6788
6956
6852
