20601
20645
5161

660
660
660
772
596
812
676
656
760
648
724
756
620
744
680
608
784
596
744
676
632
716
704
608
828
608
764
748
688
732
708
628
784
668
740
732
616
744
676
692
760
724
704
756
624
772
600
692
676
712
668
748
612
748
628
716
700
764
716
700
692
712
708
728
764
740
732
644
724
600
672
676
740
708
700
628
800
652
740
684
668
728
732
680
776
644
728
764
684
836
692
684
760
692
716
804
604
828
640
708
744
700
668
768
576
796
668
660
772
656
732
728
656
800
720
620
780
584
720
640
632
728
732
620
808
572
716
668
664
756
740
692
824
660
724
720
664
780
712
712
720
692
672
728
620
780
640
700
688
736
660
764
656
760
648
724
688
728
684
708
724
732
712
672
708
732
716
620
748
652
740
676
692
688
748
640
816
668
772
736
716
744
708
636
780
652
728
748
632
752
604
620
728
672
728
780
588
808
624
696
764
748
708
812
604
840
684
700
760
632
724
748
640
772
712
644
812
608
756
700
676
708
712
640
860
660
804
732
692
716
712
640
760
636
716
748
676
764
676
720
712
684
680
736
620
776
664
724
700
696
684
752
692
784
692
632
748
732
756
676
720
704
724
700
688
700
764
680
780
616
724
644
728
684
740
640
808
604
712
696
660
732
688
640
792
652
700
716
628
784
636
692
744
708
736
776
596
832
640
696
712
672
648
748
576
848
644
668
740
636
728
724
608
748
676
652
812
604
728
712
660
716
716
660
740
584
780
716
644
692
732
708
792
632
672
680
692
780
612
684
756
764
664
692
636
772
656
684
632
784
744
760
656
752
712
740
640
684
692
732
692
648
764
740
700
656
692
668
796
684
740
652
708
760
724
588
764
656
796
700
664
724
660
636
764
664
716
732
620
812
696
728
748
664
684
796
636
808
608
692
752
700
712
732
548
748
624
672
764
624
700
724
660
784
692
592
764
604
776
704
668
728
720
644
820
604
760
696
712
756
728
668
772
684
732
664
640
728
652
688
712
728
708
752
644
772
676
740
672
744
664
780
680
760
696
736
660
740
660
668
728
720
740
696
692
704
696
624
780
640
796
700
708
764
748
660
816
660
764
696
680
772
696
684
812
668
744
744
624
780
636
712
768
680
712
764
564
804
620
708
756
704
732
800
628
812
656
672
744
620
728
704
620
764
704
676
800
608
768
684
696
760
724
636
772
572
748
668
684
748
708
684
736
628
716
728
684
764
652
728
692
716
668
732
676
780
676
748
688
760
700
760
688
752
668
716
628
716
664
652
700
628
712
700
660
696
704
636
772
648
780
676
688
716
708
588
760
600
768
664
656
752
684
664
768
640
724
740
640
816
668
696
732
652
700
740
624
852
648
744
756
664
684
740
592
812
644
672
712
652
776
752
664
764
668
636
776
588
752
628
692
744
688
612
740
576
756
644
712
736
688
660
736
632
696
676
684
752
688
700
680
696
680
736
644
740
648
732
644
764
656
704
712
680
748
716
728
732
680
620
788
708
768
680
612
696
688
648
732
600
764
652
672
732
712
604
808
556
780
676
688
724
692
648
788
624
764
712
652
812
628
708
756
696
708
744
584
820
612
736
716
664
736
728
624
788
640
668
724
608
720
692
684
788
680
612
712
636
824
692
668
732
748
692
740
536
712
692
764
764
700
684
760
676
744
696
676
756
716
680
680
700
692
700
672
760
668
712
612
732
644
732
688
712
668
744
696
760
652
676
732
704
748
672
684
716
684
660
800
584
684
604
684
720
684
636
764
564
764
648
636
744
644
680
772
632
708
656
604
828
636
688
668
600
688
760
612
816
580
660
688
656
676
676
580
780
680
764
784
652
764
712
688
792
676
636
728
572
748
624
676
692
664
648
772
648
752
640
676
724
740
680
756
684
728
700
696
748
656
724
688
728
616
688
668
740
656
716
612
736
632
708
688
704
672
676
632
740
648
672
704
648
744
664
664
756
684
664
772
628
760
644
684
752
704
660
788
552
744
628
616
740
648
648
764
640
740
676
588
824
608
724
708
652
732
724
560
784
588
704
708
672
736
740
628
796
628
672
712
624
736
664
676
748
644
636
764
604
744
636
680
684
672
636
752
596
740
632
684
716
712
720
728
696
740
684
676
728
680
708
664
732
644
716
644
692
612
720
624
756
640
732
700
692
652
700
612
752
696
716
756
656
732
636
648
728
728
660
796
604
776
648
688
728
664
652
812
656
808
668
648
732
620
664
728
576
716
700
632
820
628
716
708
652
704
748
588
816
588
740
716
664
708
700
592
772
640
712
748
628
692
620
648
732
680
696
788
636
780
664
740
704
708
640
756
632
760
676
760
744
672
676
724
704
716
684
692
684
628
676
656
732
656
736
668
732
628
676
604
764
628
732
672
716
680
688
620
712
672
644
732
612
732
704
716
784
652
652
760
564
780
600
708
732
732
624
776
560
812
636
640
756
676
692
764
592
732
668
632
820
624
732
720
656
688
704
572
820
588
728
672
664
700
748
632
780
612
640
696
648
780
628
644
740
700
680
764
604
740
676
744
708
708
708
772
652
728
604
684
696
696
640
700
708
752
688
660
704
680
728
660
756
684
700
648
716
700
748
644
780
668
756
688
660
716
732
676
756
636
684
752
640
752
680
700
756
680
632
768
632
780
632
692
820
692
592
720
584
832
692
716
760
652
736
780
600
724
696
656
796
616
776
740
656
716
740
624
824
524
708
716
724
688
648
572
796
680
712
664
604
724
668
712
752
676
636
732
640
772
652
728
716
700
644
748
644
704
644
708
692
692
652
696
684
676
692
692
680
676
704
676
764
620
708
676
692
656
708
628
764
644
748
680
688
696
692
636
748
628
712
732
660
784
668
692
760
668
700
768
588
780
608
676
756
668
660
756
560
772
624
676
756
640
728
752
616
740
716
636
764
576
740
700
636
740
724
624
820
608
744
700
704
712
696
620
796
616
728
712
652
728
628
644
700
640
624
712
616
768
660
764
736
756
700
776
684
772
664
740
696
712
640
676
700
668
648
676
652
656
676
620
720
628
724
724
728
708
720
656
828
632
732
668
680
704
704
644
748
604
696
712
640
768
660
708
752
708
676
788
612
816
624
700
756
680
692
756
612
800
628
668
756
640
684
732
612
776
696
644
824
604
764
668
644
700
684
600
776
588
728
660
692
712
668
620
752
640
756
732
684
784
692
728
752
700
700
780
676
796
692
764
708
736
704
812
680
760
636
732
676
712
660
664
664
640
672
696
656
656
684
652
756
628
720
664
700
704
716
644
764
588
740
644
648
712
688
660
788
600
780
688
680
796
704
708
768
568
780
732
648
808
636
700
744
660
636
776
604
832
596
680
784
672
732
688
644
788
672
632
724
572
764
688
672
736
684
648
824
608
728
704
732
700
652
632
776
628
696
668
656
736
736
748
696
680
704
776
644
708
608
760
704
716
632
744
684
712
596
668
632
724
668
668
732
684
692
676
668
700
676
616
708
600
788
728
708
708
720
652
792
620
756
696
692
772
748
712
824
644
736
672
612
792
628
668
712
672
728
756
576
784
616
716
780
660
716
724
612
860
640
652
716
616
736
716
632
764
644
708
804
600
720
644
700
780
704
648
772
580
784
684
696
668
624
620
764
676
764
668
640
736
700
768
740
668
648
732
672
744
636
696
656
704
648
732
624
712
648
756
680
732
636
676
688
668
668
692
684
732
724
688
736
596
716
676
700
664
668
632
800
588
764
684
684
700
664
660
760
580
724
716
640
772
604
676
728
608
676
740
624
828
600
700
704
644
676
708
600
804
616
696
744
616
712
712
624
700
636
644
812
612
740
668
712
724
680
684
788
604
768
700
712
680
688
696
776
632
728
684
672
736
696
688
684
652
676
744
696
760
668
736
652
704
640
748
696
756
704
744
672
752
676
728
724
692
704
676
652
692
656
628
740
600
752
680
704
728
668
632
792
596
776
656
712
732
692
620
764
600
732
684
644
764
612
712
720
620
692
744
604
840
636
768
752
672
724
728
592
796
604
716
764
680
748
724
640
744
640
684
812
652
780
676
656
684
652
636
772
580
760
652
712
740
732
652
740
612
732
652
644
700
672
676
696
688
644
704
628
688
628
756
672
732
632
736
692
708
656
700
660
760
656
708
728
680
684
668
652
756
676
660
768
612
772
660
708
728
704
632
764
544
772
628
696
720
728
676
780
560
752
652
664
732
668
652
824
596
756
672
572
744
632
752
712
652
636
736
612
816
588
732
752
620
696
652
612
768
628
664
764
596
692
652
704
748
664
636
800
648
784
628
660
688
748
676
712
612
728
696
704
684
668
744
712
672
680
732
684
716
660
764
684
716
636
716
708
736
668
728
616
748
624
696
696
684
704
692
656
716
676
680
748
584
736
636
700
712
656
596
764
592
768
636
668
724
620
672
764
608
732
700
652
772
580
688
712
632
696
688
596
816
624
748
712
664
732
712
612
1016
1288
1996
2488
2944
3628
4092
4504
5032
5320
5632
5784
5660
5844
5732
5820
5884
5852
5816
5960
5824
5992
5868
5944
5900
5924
5860
5924
5852
5956
5844
5824
5864
5904
5920
5832
5812
5764
5852
5800
5824
5740
5796
5704
5840
5716
5768
5696
5744
5724
5796
5700
5824
5652
5736
5748
5724
5788
5728
5668
5776
5720
5716
5756
5608
5796
5656
5704
5708
5636
5620
5780
5568
5780
5632
5668
5696
5620
5656
5756
5588
5744
5660
5640
5784
5596
5692
5672
5584
5656
5640
5520
5736
5508
5664
5652
5584
5628
5620
5552
5764
5540
5628
5624
5524
5636
5584
5548
5652
5536
5584
5660
5516
5660
5524
5580
5596
5548
5508
5624
5500
5616
5468
5576
5544
5528
5508
5600
5492
5568
5508
5532
5548
5508
5528
5492
5540
5504
5544
5488
5564
5496
5544
5480
5556
5428
5560
5496
5500
5500
5512
5452
5548
5424
5468
5484
5448
5504
5468
5452
5504
5424
5432
5500
5368
5544
5420
5476
5480
5412
5400
5532
5340
5504
5372
5408
5484
5372
5376
5440
5292
5516
5412
5376
5504
5304
5412
5416
5352
5420
5416
5284
5500
5280
5420
5376
5308
5376
5360
5276
5452
5248
5432
5424
5348
5408
5332
5304
5396
5304
5328
5376
5268
5388
5272
5340
5328
5332
5288
5364
5212
5388
5284
5340
5312
5292
5272
5340
5300
5340
5320
5332
5288
5308
5308
5284
5284
5244
5304
5260
5276
5228
5272
5200
5316
5180
5300
5236
5248
5244
5308
5204
5324
5188
5296
5308
5200
5288
5216
5196
5260
5184
5240
5288
5108
5300
5100
5208
5236
5228
5172
5304
5076
5308
5116
5216
5244
5144
5156
5272
5064
5280
5152
5152
5264
5076
5192
5164
5144
5148
5160
5088
5256
5064
5200
5080
5160
5164
5228
5024
5236
5016
5176
5124
5000
5108
5148
5168
5180
4984
5128
5172
5092
5108
4984
5076
5156
5140
5040
5104
4984
5140
5028
5104
5060
5088
5080
5156
5072
5112
5064
5116
5060
5080
5084
5076
5072
4972
5068
5028
5056
5020
5016
4964
5076
4964
5088
5032
5044
5048
5076
4988
5068
4928
5052
5044
4976
5048
5008
4992
5028
4920
5000
5052
4908
5076
4928
5028
5028
4944
4956
5052
4860
5076
4900
5004
5004
4900
4984
5024
4880
5024
4908
4916
5052
4844
5016
4964
4876
4956
4932
4852
5024
4792
4988
4904
4896
4944
4924
4848
5000
4816
4968
4916
4828
4936
4876
4904
4908
4812
4900
4916
4800
4880
4900
4964
4884
4864
4856
4952
4836
4940
4836
4960
4844
4872
4820
4884
4880
4868
4824
4860
4900
4888
4852
4772
4836
4820
4920
4864
4836
4804
4848
4812
4896
4740
4908
4816
4800
4800
4816
4788
4884
4716
4844
4852
4788
4836
4764
4780
4852
4744
4796
4812
4684
4876
4736
4788
4804
4756
4828
4888
4656
4864
4692
4792
4824
4696
4812
4820
4668
4800
4672
4740
4828
4664
4828
4764
4704
4776
4728
4668
4844
4596
4808
4728
4704
4736
4736
4684
4812
4600
4748
4728
4716
4764
4708
4712
4760
4664
4972
5664
6428
7372
8044
8888
9592
10388
11016
11656
11956
12312
12344
12516
12504
12592
12532
12636
12616
12668
12648
12660
12644
12684
12688
12680
12740
12636
12696
12628
12640
12620
12628
12548
12676
12480
12596
12504
12444
12508
12476
12444
12532
12344
12496
12484
12388
12432
12296
12340
12408
12296
12396
12440
12284
12464
12232
12300
12352
12284
12304
12332
12176
12396
12184
12296
12296
12224
12280
12264
12124
12328
12172
12220
12300
12140
12308
12224
12148
12220
12180
12148
12284
12060
12236
12116
12136
12168
12152
12080
12224
12040
12184
12088
12072
12124
12060
12060
12088
12056
12120
12104
11988
12096
11996
12096
12032
12048
12008
12056
11940
12044
11968
12064
11960
12028
12000
12052
11960
11972
11968
11996
11952
11980
11932
11876
11944
11840
11940
11856
11888
11892
11920
11836
11952
11760
11916
11828
11828
11848
11856
11808
11932
11772
11948
11832
11760
11908
11732
11788
11800
11728
11788
11832
11632
11916
11660
11780
11740
11696
11764
11832
11580
11868
11624
11756
11720
11648
11748
11732
11600
11764
11604
11628
11672
11532
11712
11648
11592
11684
11636
11592
11776
11436
11736
11568
11600
11532
11580
11500
11740
11444
11644
11576
11564
11580
11512
11516
11560
11528
11504
11512
11484
11572
11456
11484
11420
11484
11488
11504
11352
11456
11416
11508
11384
11472
11428
11468
11420
11388
11444
11428
11372
11436
11372
11364
11412
11284
11384
11292
11352
11384
11372
11312
11428
11208
11384
11300
11296
11356
11320
11252
11372
11192
11404
11244
11164
11320
11224
11256
11284
11164
11248
11260
11120
11320
11116
11228
11220
11188
11248
11284
11104
11332
11060
11180
11188
11088
11180
11196
11052
11212
11044
11124
11132
11024
11176
11080
11020
11092
11052
11048
11148
10956
11156
10996
11060
11052
11052
10972
11096
10924
11068
10968
10988
10988
10972
11004
11008
10964
10976
11000
10908
11008
10876
10976
10948
11008
10884
10968
10876
11012
10860
10952
10816
10924
10900
10940
10840
10828
10852
10940
10840
10864
10812
10816
10884
10788
10952
10844
10844
10808
10808
10772
10924
10748
10872
10716
10756
10876
10804
10720
10824
10676
10876
10756
10648
10780
10692
10744
10768
10608
10720
10732
10588
10828
10604
10740
10716
10596
10684
10736
10576
10816
10580
10700
10660
10588
10688
10648
10524
10724
10564
10604
10656
10500
10684
10580
10560
10628
10596
10576
10664
10464
10644
10508
10544
10520
10520
10464
10580
10396
10576
10496
10508
10540
10504
10496
10480
10428
10452
10500
10460
10492
10432
10512
10428
10484
10408
10492
10396
10456
10368
10476
10344
10452
10344
10404
10332
10364
10424
10444
10352
10440
10340
10348
10368
10284
10416
10312
10328
10376
10340
10308
10396
10200
10400
10272
10296
10312
10252
10220
10320
10136
10336
10204
10152
10312
10212
10296
10296
10172
10296
10252
10144
10340
10128
10244
10204
10148
10252
10216
10052
10240
10040
10224
10192
10092
10216
10192
10124
10256
10100
10164
10172
10008
10192
10084
10060
10100
10072
10080
10156
9944
10124
10004
10096
10044
10040
9988
10064
9948
10084
9996
10008
9992
9988
10044
10032
9984
10016
10008
9956
9988
9944
9996
9936
10008
9932
10016
9952
9984
9916
10000
9884
9960
9856
9964
9932
9908
9952
9884
9812
9928
9868
9892
9932
9768
9944
9820
9812
9852
9828
9808
9924
9700
9908
9756
9820
9868
9768
9800
9840
9700
9860
9776
9696
9808
9652
9756
9748
9656
9804
9796
9676
9912
9648
9832
9736
9656
9740
9788
9664
9860
9620
9784
9728
9644
9716
9692
9580
9720
9580
9652
9720
9556
9728
9624
9604
9596
9616
9648
9684
9480
9696
9600
9632
9556
9568
9464
9704
9536
9580
9548
9576
9632
9528
9556
9496
9532
9576
9548
9468
9552
9532
9584
9432
9500
9428
9580
9452
9460
9464
9556
9432
9496
9428
9560
9512
9448
9444
9428
9412
9492
9432
9424
9484
9336
9508
9380
9388
9412
9372
9356
9472
9272
9492
9352
9404
9400
9340
9328
9432
9240
9456
9328
9360
9404
9236
9348
9360
9248
9352
9304
9232
9412
9204
9364
9268
9232
9316
9340
9204
9352
9148
9324
9228
9188
9276
9276
9224
9324
9136
9228
9244
9124
9268
9156
9220
9180
9160
9168
9244
9084
9216
9088
9156
9164
9192
9140
9168
9060
9160
9152
9124
9132
9140
9164
9168
9136
9088
9140
9072
9108
9068
9128
9036
9132
9032
9076
9036
9060
9056
9084
8936
9108
9016
9144
9084
8988
9024
9056
8984
9036
8900
9012
9076
8924
9036
8984
9012
8988
8924
8968
9108
8868
9064
8884
8972
9036
8968
8912
8968
8808
9056
8904
8868
8948
8824
8960
8928
8852
8928
8936
8792
9028
8764
8976
8908
8852
8892
8884
8776
8964
8744
8900
8844
8804
8888
8844
8780
8904
8760
8820
8796
8668
8848
8752
8816
8804
8760
8756
8812
8660
8840
8740
8824
8732
8748
8748
8808
8700
8788
8720
8756
8708
8696
8676
8676
8684
8684
8688
8636
8668
8644
8692
8604
8732
8604
8732
8652
8696
8656
8716
8564
8704
8576
8664
8616
8564
8668
8612
8592
8628
8544
8620
8636
8484
8652
8556
8592
8576
8540
8556
8668
8444
8692
8516
8532
8536
8468
8516
8576
8424
8628
8500
8476
8620
8444
8552
8504
8392
8512
8488
8416
8572
8360
8564
8476
8448
8508
8516
8380
8532
8300
8524
8464
8400
8484
8452
8388
8472
8328
8428
8424
8284
8448
8360
8420
8392
8388
8392
8452
8316
8480
8328
8404
8360
8400
8368
8404
8276
8344
8276
8364
8340
8336
8304
8312
8340
8272
8356
8304
8308
8268
8332
8216
8344
8196
8320
8252
8236
8232
8300
8200
8336
8196
8300
8220
8200
8268
8248
8192
8260
8156
8204
8228
8100
8260
8128
8164
8236
8176
8216
8272
8060
8248
8112
8128
8188
8064
8168
8212
8056
8220
8108
8072
8192
8036
8188
8148
8048
8176
8100
8036
8188
7960
8172
8100
8076
8132
8128
8040
8168
7972
8132
8128
8008
8116
8072
7988
8064
8024
8112
8064
7948
8104
8024
8044
7988
7952
7984
8104
7964
8036
7932
8060
8000
8024
7984
7936
7932
8008
7916
7964
7924
7900
8008
7924
8028
7896
8012
7884
7880
7868
7912
7880
7956
7844
7984
7876
7916
7892
7928
7812
7976
7800
7916
7852
7776
7864
7832
7824
7908
7788
7884
7896
7736
7944
7820
7880
7860
7788
7816
7896
7700
7960
7784
7844
7848
7756
7820
7820
7612
7844
7716
7764
7828
7652
7784
7772
7696
7800
7744
7688
7840
7628
7832
7740
7696
7728
7704
7616
7788
7592
7764
7668
7672
7728
7680
7648
7708
7600
7700
7676
7616
7772
7620
7684
7628
7676
7648
7676
7580
7696
7596
7668
7592
7636
7624
7672
7628
7656
7600
7608
7556
7604
7600
7580
7632
7528
7612
7588
7544
7552
7608
7524
7632
7460
7624
7532
7540
7560
7584
7472
7604
7468
7676
7572
7464
7544
7500
7524
7568
7448
7476
7508
7388
7580
7392
7456
7520
7500
7524
7596
7372
7556
7400
7480
7508
7408
7444
7484
7344
7528
7400
7388
7424
7292
7448
7412
7356
7468
7372
7348
7516
7316
7516
7360
7328
7380
7420
7300
7432
7220
7416
7340
7324
7308
7292
7320
7388
7316
7384
7420
7308
7392
7288
7320
7300
7324
7304
7324
7240
7352
7284
7316
7196
7292
7252
7312
7240
7268
7288
7264
7232
7252
7232
7264
7292
7228
7292
7272
7236
7236
7260
7176
7280
7144
7292
7192
7200
7228
7212
7148
7276
7120
7268
7208
7132
7252
7168
7168
7244
7124
7196
7192
7076
7312
7108
7132
7164
7148
7180
7196
6996
7240
7024
7148
7120
7068
7144
7164
7020
7196
7068
7080
7180
7020
7164
7052
7012
7132
7068
7040
7144
6952
7140
7016
7060
7072
7072
7004
7132
6952
7104
6984
6984
7036
6988
7004
7068
6964
7028
7016
6960
7064
6980
7044
6968
6972
6956
7012
6924
7028
6936
7036
6932
7044
6980
6976
6924
6924
6896
6956
6880
6932
6932
6908
6972
6900
6984
6908
6888
6904
6916
6872
6968
6788
6960
6812
6836
6908
6912
6828
6956
6776
6944
6852
6824
6940
6856
6860
6944
6760
6920
6872
6760
6920
6776
6832
6848
6764
6840
6832
6712
6940
6752
6812
6836
6772
6872
6828
6700
6876
6712
6780
6812
6708
6848
6764
6728
6820
6784
6732
6836
6628
6824
6744
6724
6744
6732
6672
6788
6656
6836
6732
6680
6764
6748
6688
6708
6648
6744
6776
6672
6704
6620
6720
6700
6680
6608
6676
6632
6716
6644
6700
6612
6708
6632
6684
6624
6640
6692
6608
6628
6648
6656
6608
6612
6456
6780
6652
6648
6604
6576
6556
6708
6488
6652
6564
6636
6632
6600
6532
6648
6484
6652
6508
6544
6668
6580
6536
6568
6460
6612
6568
6444
6652
6508
6620
6572
6508
6560
6548
6396
6652
6420
6572
6572
6452
6540
6532
6432
6608
6440
6472
6536
6412
6524
6444
6396
6496
6444
6456
6532
6368
6564
6428
6444
6460
6468
6412
6504
6364
6524
6376
6400
6424
6412
6416
6412
6348
6456
6436
6372
6400
6348
6400
6348
6424
6392
6424
6332
6404
6352
6452
6344
6428
6312
6364
6364
6368
6376
6392
6300
6420
6364
6332
6352
6264
6368
6272
6284
6300
6296
6244
6384
6212
6388
6280
6288
