29734
29801
7450

768
768
716
724
720
728
676
684
740
748
748
704
732
740
840
740
800
676
716
732
764
748
808
636
792
752
764
764
708
728
792
676
812
780
676
768
632
748
740
644
708
768
644
864
620
764
740
660
752
828
644
856
648
764
792
640
800
744
688
808
692
740
852
612
824
756
700
796
712
676
816
580
796
684
648
748
700
712
820
644
784
724
660
804
648
724
760
716
776
760
616
764
656
764
720
700
708
764
660
764
716
776
744
732
692
740
744
692
708
716
780
696
720
676
748
644
836
740
760
692
704
692
792
632
812
712
716
748
728
744
796
664
764
748
684
820
644
744
764
676
792
784
636
860
636
780
776
636
752
800
656
848
624
768
792
680
812
724
684
876
704
668
772
600
824
680
632
748
728
712
812
564
820
732
708
748
696
720
828
632
764
716
676
780
680
748
772
684
712
760
704
812
684
804
728
748
724
816
728
780
708
776
704
744
680
760
716
676
720
740
752
736
744
732
784
632
764
696
696
700
684
628
808
644
868
656
748
756
708
748
772
644
796
752
676
820
628
764
740
620
732
744
652
836
584
796
736
680
764
760
624
864
636
764
764
656
804
740
672
780
636
704
800
588
816
692
684
756
740
668
828
560
840
708
728
764
724
712
792
616
752
740
732
808
704
768
756
708
732
760
668
748
656
760
712
764
716
780
688
736
668
744
688
736
692
772
736
708
732
676
716
740
748
752
780
644
796
712
736
732
712
696
804
632
804
692
704
764
700
740
780
624
776
696
672
812
640
780
756
664
784
764
656
844
596
760
708
652
784
772
624
808
612
764
764
636
800
720
684
796
664
712
780
572
824
684
732
764
732
704
808
636
812
700
716
748
716
720
796
672
772
744
644
752
660
912
1360
1932
2636
3368
3948
4516
4768
5264
5392
5496
5448
5628
5544
5568
5540
5616
5628
5668
5632
5660
5668
5692
5752
5628
5628
5648
5632
5628
5696
5552
5724
5564
5608
5596
5580
5572
5628
5428
5664
5544
5572
5584
5444
5528
5596
5464
5572
5468
5376
5600
5412
5568
5472
5368
5496
5468
5356
5576
5332
5532
5432
5340
5480
5476
5356
5552
5344
5492
5496
5400
5532
5436
5408
5496
5372
5444
5492
5316
5512
5356
5396
5476
5348
5332
5468
5280
5512
5356
5360
5376
5332
5372
5452
5328
5444
5360
5336
5396
5328
5408
5352
5316
5344
5392
5328
5400
5292
5360
5244
5344
5272
5372
5356
5368
5360
5368
5360
5348
5280
5304
5332
5280
5376
5268
5316
5328
5300
5256
5372
5228
5400
5236
5332
5312
5308
5296
5368
5172
5392
5256
5260
5280
5204
5280
5340
5132
5292
5204
5216
5372
5148
5296
5256
5092
5284
5256
5116
5300
5076
5316
5264
5164
5260
5184
5156
5376
5112
5224
5224
5148
5276
5184
5168
5228
5140
5212
5236
5080
5292
5156
5164
5164
5168
5176
5236
5020
5248
5120
5188
5200
5128
5140
5236
5132
5220
5124
5124
5172
5120
5140
5132
5132
5164
5188
5068
5124
5060
5152
5092
5164
5064
5148
5080
5120
5104
5128
5060
5116
5056
5168
5108
5036
5128
5056
5084
5120
5060
5112
5112
5000
5164
5024
5116
5072
5068
5076
5128
4924
5132
4956
5132
5100
5032
5028
5052
4888
5116
5004
4924
5132
4944
5132
5036
4888
5072
4992
4940
5120
4876
5112
5004
4924
5020
5008
4908
5104
4860
5068
5020
4912
5020
4940
4920
5048
4916
4988
4992
4860
5084
4948
4976
4992
4928
4928
5016
4852
5036
4840
4932
4932
4904
4932
4980
4868
4988
4932
4876
4916
4844
4904
4896
4916
4904
4968
4912
4964
4872
4944
4880
4936
4816
4916
4868
4896
4872
4884
4820
4920
4808
4876
4868
4836
4916
4848
4892
4888
4828
4888
4876
4768
4924
4828
4884
4868
4812
4832
4884
4720
4944
4772
4824
4864
4760
4860
4848
4708
4884
4836
4776
4892
4692
4888
4816
4732
4848
4784
4716
4932
4676
4868
4804
4728
4816
4796
4728
4904
4684
4824
4800
4668
4820
4700
4684
4788
4684
4776
4816
4656
4832
4708
4772
4760
4716
4716
4816
4648
4840
4708
4760
4736
4732
4748
4744
4636
4732
4700
4700
4752
4680
4720
4692
4680
4684
4736
4668
4712
4660
4728
4660
4744
4628
4720
4624
4672
4660
4704
4684
4744
4548
4644
4636
4632
4692
4588
4636
4708
4604
4664
4656
4540
4772
4592
4644
4648
4600
4620
4632
4452
4764
4588
4632
4652
4544
4688
4712
4524
4660
4524
4576
4720
4492
4684
4584
4496
4668
4584
4528
4736
4456
4672
4576
4568
4668
4556
4492
4636
4480
4688
4608
4484
4616
4568
4580
4600
4468
4548
4604
4452
4640
4508
4548
4532
4524
4540
4600
4440
4612
4488
4552
4532
4520
4508
4552
4412
4536
4480
4532
4524
4484
4524
4492
4516
4492
4532
4508
4504
4460
4500
4472
4524
4448
4548
4476
4460
4520
4456
4460
4524
4428
4528
4468
4420
4536
4428
4472
4476
4412
4520
4488
4352
4548
4368
4500
4476
4436
4424
4472
4312
4580
4356
4464
4420
4352
4456
4464
4308
4564
4420
4428
4500
4308
4508
4408
4312
4424
4352
4340
4556
4252
4440
4336
4368
4444
4340
4276
4484
4312
4472
4360
4288
4436
4372
4360
4384
4340
4412
4416
4272
4440
4312
4368
4368
4336
4308
4408
4240
4416
4308
4372
4352
4368
4336
4396
4324
4396
4348
4340
4332
4284
4308
4288
4288
4264
4332
4232
4252
4248
4332
4232
4348
4220
4372
4280
4348
4336
4352
4296
4376
4208
4352
4280
4252
4360
4224
4300
4304
4192
4280
4296
4176
4392
4172
4288
4272
4224
4244
4292
4072
4412
4176
4312
4292
4184
4196
4300
4112
4364
4172
4188
4284
4108
4280
4216
4160
4304
4200
4160
4320
4056
4300
4160
4180
4260
4232
4196
4288
4096
4304
4184
4148
4276
4172
4180
4228
4136
4204
4228
4132
4292
4132
4244
4216
4208
4196
4240
4092
4248
4112
4148
4160
4160
4152
4196
4076
4172
4156
4132
4196
4156
4184
4152
4148
4100
4200
4108
4156
4108
4164
4096
4196
4056
4188
4072
4104
4124
4112
4096
4136
3984
4124
4088
4076
4204
4084
4136
4116
4048
4156
4140
4028
4216
4020
4152
4100
4052
4156
4136
3964
4184
4000
4080
4116
4032
4172
4108
4016
4204
4024
4064
4144
3960
4160
4024
4012
4132
4052
3988
4128
3884
4152
3996
4016
4100
4024
4044
4128
3924
4096
3992
3944
4060
3952
3992
4072
3992
4068
4040
3964
4072
3940
4028
3956
3960
3964
4032
3892
4044
3960
4020
3972
4012
3960
4016
3948
4016
3996
3964
3952
3964
3976
3964
4000
3948
4048
3968
4004
3984
3952
3892
4008
3876
4044
3920
3944
3992
3960
3948
4004
3872
4024
3924
3888
4088
3908
3956
3920
3840
3968
3956
3856
4012
3804
3988
3948
3860
3956
3968
3872
4092
3832
3944
3912
3828
3944
3896
3828
4016
3796
3864
3932
3768
3996
3872
3832
3964
3932
3900
3976
3692
3992
3828
3868
3916
3860
3852
3968
3772
3972
3880
3828
3892
3788
3840
3868
3792
3856
3848
3796
3912
3780
3864
3828
3828
3852
3932
3784
3932
3812
3872
3824
3828
3804
3836
3804
3836
3788
3852
3792
3840
3812
3836
3836
3792
3860
3800
3812
3852
3824
3784
3828
3704
3868
3784
3788
3812
3748
3772
3844
3672
3836
3728
3708
3836
3716
3812
3800
3684
3804
3768
3676
3860
3640
3856
3772
3728
3788
3736
3540
3852
3700
3852
3768
3708
3852
3804
3656
3820
3632
3720
3844
3620
3840
3712
3728
3804
3640
3624
3772
3592
3812
3652
3700
3788
3720
3684
3772
3640
3828
3696
3676
3776
3700
3732
3700
3608
3708
3700
3632
3732
3644
3716
3668
3688
3636
3708
3604
3696
3628
3704
3668
3724
3660
3708
3660
3696
3684
3676
3648
3680
3680
3656
3688
3608
3752
3632
3688
3676
3648
3612
3724
3592
3760
3592
3660
3688
3600
3604
3688
3520
3708
3584
3568
3712
3532
3620
3636
3548
3680
3604
3508
3736
3476
3664
3596
3556
3668
3644
3548
3752
3508
3660
3564
3540
3648
3624
3484
3668
3508
3624
3692
3460
3652
3500
3576
3668
3572
3564
3632
3456
3680
3536
3576
3612
3528
3536
3608
3512
3676
3548
3520
3588
3532
3556
3580
3516
3584
3556
3524
3588
3476
3564
3516
3596
3552
3596
3524
3624
3556
3596
3532
3568
3480
3560
3524
3532
3580
3516
3504
3496
3528
3500
3544
3452
3580
3436
3528
3524
3508
3456
3552
3400
3628
3436
3492
3516
3468
3488
3528
3376
3600
3456
3456
3576
3432
3532
3532
3420
3556
3496
3420
3576
3336
3536
3452
3408
3508
3488
3388
3608
3380
3524
3468
3404
3528
3464
3400
3548
3368
3456
3512
3388
3552
3400
3404
3464
3420
3464
3540
3336
3528
3352
3404
3444
3380
3380
3468
3384
3580
3436
3392
3452
3392
3452
3428
3392
3448
3428
3372
3484
3400
3452
3368
3436
3372
3452
3328
3420
3336
3384
3300
3464
3380
3460
3376
3396
3416
3388
3388
3408
3392
3420
3448
3344
3468
3324
3384
3388
3356
3332
3452
3272
3484
3296
3364
3400
3332
3336
3392
3272
3460
3316
3316
3444
3268
3388
3328
3256
3456
3340
3236
3432
3192
3436
3328
3304
3388
3352
3264
3468
3208
3380
3336
3268
3356
3348
3292
3420
3196
3324
3412
3300
3384
3184
3228
3356
3292
3264
3320
3136
3432
3252
3292
3320
3316
3284
3356
3204
3420
3300
3284
3288
3236
3288
3316
3256
3260
3256
3264
3332
3268
3284
3236
3332
3268
3304
3188
3320
3280
3272
3160
3300
3232
3332
3236
3284
3296
3228
3220
3292
3220
3280
3280
3212
3332
3192
3248
3284
3216
3228
3248
3116
3316
3148
3232
3292
3204
3216
3252
3152
3320
3176
3176
3272
3132
3276
3204
3136
3296
3156
3100
3340
3120
3292
3148
3148
3292
3228
3108
3268
3044
3336
3236
3132
3252
3212
3204
3308
3124
3212
3228
3072
3236
3104
3148
3236
3160
3164
3212
3064
3288
3108
3136
3172
3152
3140
3204
3072
3244
3116
3148
3144
3116
3176
3160
3136
3152
3168
3132
3196
3132
3196
3096
3196
3092
3196
3068
3132
3096
3152
3072
3160
3084
3196
3108
3144
3160
3080
3092
3152
3132
3164
3148
3028
3204
3056
3144
3144
3088
3104
3164
2988
3224
3060
3112
3136
3068
3136
3144
2984
3212
3044
3076
3220
3008
3172
3092
3048
3212
3072
3024
3188
2952
3180
3072
3052
3152
3076
3032
3204
2972
3148
3020
3008
3180
3036
3020
3148
2940
3076
3052
2920
3192
2980
3096
3044
3036
3032
3108
2960
3196
3032
3116
3080
3028
2996
3052
2960
3132
2964
3004
3036
3012
3004
3020
3024
3048
3036
2976
3068
2976
3020
2956
3068
2928
3084
2972
3024
2996
3036
2988
3072
2932
3068
2928
2972
3060
3024
2984
3024
2980
3052
3064
2964
3104
2916
3024
3020
2992
2992
3068
2920
3124
2900
3004
3012
2936
2988
2984
2856
3092
2924
2988
3072
2900
3056
2948
2916
3064
2956
2960
3092
2860
3084
2948
2908
3016
2944
2908
3096
2852
3040
2932
2920
3028
2900
2916
3036
2884
3000
2960
2860
3036
2900
2936
3000
2952
2944
3032
2880
3092
2900
2952
2920
2916
2928
2956
2836
2972
2876
2936
2932
2908
2932
2908
2916
2908
2924
2840
2952
2940
2980
2876
2960
2868
2984
2884
2948
2940
2928
2872
2940
2840
3144
3708
4572
5580
6388
7340
8288
8952
9540
9844
9964
10248
10132
10236
10292
10292
10336
10364
10228
10492
10304
10424
10424
10320
10440
10424
10260
10440
10264
10336
10444
10236
10412
10308
10236
10372
10236
10244
10340
10076
10332
10220
10124
10184
10176
10180
10288
10032
10244
10128
10100
10216
10076
10092
10164
10040
10164
10132
9996
10176
10004
10068
10104
10048
10088
10088
9904
10132
10060
10124
10016
9948
9980
10028
9964
10092
9988
10012
10036
10040
10016
9972
9976
9956
10012
9940
10016
10028
10008
9868
9924
9892
10012
9884
9880
9844
9892
9924
9980
9808
9964
9868
9876
9932
9836
9852
9884
9804
9908
9880
9772
9952
9748
9876
9844
9796
9832
9860
9680
9936
9736
9844
9804
9700
9848
9808
9680
9912
9668
9724
9852
9672
9836
9712
9696
9856
9720
9680
9776
9532
9868
9708
9644
9724
9692
9676
9796
9540
9736
9668
9680
9764
9620
9636
9720
9564
9652
9664
9544
9708
9536
9604
9608
9608
9600
9640
9468
9668
9516
9596
9544
9580
9552
9624
9520
9604
9520
9564
9536
9536
9552
9532
9536
9484
9528
9456
9528
9496
9528
9408
9536
9400
9576
9436
9468
9476
9444
9432
9528
9368
9500
9404
9420
9500
9404
9432
9464
9356
9452
9416
9296
9500
9292
9452
9444
9384
9392
9408
9260
9516
9272
9400
9396
9272
9356
9348
9212
9428
9220
9280
9372
9188
9376
9268
9236
9380
9248
9228
9404
9132
9364
9220
9264
9308
9228
9156
9308
9112
9352
9216
9172
9252
9176
9200
9280
9192
9180
9256
9096
9300
9092
9216
9156
9256
9176
9236
9060
9220
9088
9180
9160
9148
9116
9156
9064
9180
9068
9100
9112
9100
9092
9080
9112
9052
9100
9012
9096
9052
9064
8988
9092
8964
9112
8992
9040
9048
9028
8980
9072
8944
9092
8948
8960
9052
8916
9000
9016
8900
9004
8964
8864
9072
8828
8956
8940
8860
8956
8960
8836
9044
8768
8924
8944
8836
8924
8928
8828
9032
8816
8932
8996
8788
8956
8824
8796
8932
8808
8808
8952
8688
8928
8736
8768
8864
8796
8760
8880
8680
8888
8792
8832
8924
8780
8780
8836
8748
8816
8792
8740
8848
8700
8772
8752
8736
8728
8752
8664
8784
8652
8732
8680
8740
8700
8748
8680
8732
8684
8704
8700
8704
8692
8660
8672
8608
8688
8636
8688
8652
8644
8556
8708
8548
8728
8572
8640
8708
8600
8596
8676
8500
8708
8540
8568
8684
8532
8604
8640
8520
8612
8552
8468
8668
8456
8616
8596
8520
8592
8576
8432
8684
8424
8588
8564
8432
8588
8592
8472
8680
8432
8468
8524
8388
8580
8452
8436
8520
8396
8392
8540
8280
8528
8340
8436
8472
8384
8400
8596
8328
8464
8364
8376
8492
8384
8404
8404
8316
8388
8388
8328
8436
8328
8396
8360
8412
8380
8372
8248
8384
8292
8364
8276
8292
8268
8380
8316
8312
8264
8276
8284
8340
8276
8332
8340
8260
8284
8272
8312
8304
8188
8180
8328
8208
8356
8128
8196
8248
8220
8180
8240
8092
8280
8152
8180
8276
8148
8220
8248
8108
8252
8188
8120
8304
8036
8212
8188
8104
8208
8156
8060
8328
8012
8180
8172
8108
8168
8092
8012
8224
7980
8068
8124
7984
8264
8100
8020
8124
8032
8084
8148
7880
8132
8000
8068
8104
8004
7996
8108
7924
8128
7988
8004
8068
8000
8000
8016
7996
8060
8020
7964
8124
7984
8024
7936
7992
7948
7972
7884
8028
7916
7996
7932
7992
7904
7948
7896
8004
7968
7936
7924
7948
7888
7868
7948
7900
7956
7864
7880
7932
7868
7864
7956
7772
7968
7816
7864
7904
7828
7844
7888
7708
7932
7780
7788
7888
7744
7868
7876
7748
7860
7808
7756
7928
7696
7852
7804
7768
7840
7772
7640
7864
7596
7776
7776
7688
7804
7748
7684
7864
7640
7748
7800
7636
7852
7664
7652
7764
7660
7704
7784
7580
7836
7652
7740
7780
7708
7640
7744
7528
7728
7600
7660
7688
7640
7680
7704
7664
7716
7696
7628
7744
7580
7736
7592
7692
7580
7676
7516
7692
7576
7596
7568
7608
7548
7660
7576
7648
7624
7580
7592
7608
7552
7580
7608
7528
7572
7484
7564
7580
7500
7516
7612
7440
7620
7420
7500
7552
7472
7476
7536
7372
7592
7412
7444
7568
7412
7508
7500
7428
7568
7444
7392
7548
7328
7476
7456
7364
7500
7428
7344
7552
7348
7536
7444
7388
7484
7436
7316
7504
7260
7396
7416
7276
7480
7332
7340
7416
7328
7356
7448
7260
7512
7332
7384
7436
7376
7380
7420
7248
7412
7264
7332
7368
7300
7308
7300
7248
7296
7260
7236
7332
7264
7324
7332
7376
7280
7352
7208
7340
7244
7324
7264
7336
7192
7264
7192
7228
7184
7196
7176
7260
7180
7212
7252
7196
7316
7204
7272
7292
7220
7196
7284
7132
7320
7112
7196
7216
7148
7192
7224
7044
7248
7060
7120
7224
7100
7208
7212
7140
7276
7172
7104
7256
7000
7188
7124
7108
7168
7092
7004
7236
6956
7124
7068
6996
7104
7064
7004
7196
7016
7136
7124
6968
7152
7012
7020
7104
7000
6996
7100
6916
7104
6960
7036
7076
6996
6988
7076
6956
7076
6924
6968
7068
6956
6940
6964
6932
7024
6988
7012
7020
6940
6976
6972
7000
6904
7004
6920
6996
6932
6976
6888
7016
6816
6956
6896
6984
6908
6908
6888
6996
6900
6920
6884
6868
7036
6924
6900
6868
6860
6884
6912
6756
6992
6780
6900
6888
6792
6860
6936
6748
6924
6788
6856
6964
6732
6848
6828
6812
6984
6808
6768
6960
6632
6892
6796
6784
6844
6760
6728
6964
6700
6868
6740
6696
6856
6800
6748
6888
6692
6820
6800
6700
6848
6716
6744
6768
6680
6696
6768
6592
6768
6616
6756
6756
6700
6648
6732
6588
6788
6644
6704
6728
6696
6736
6720
6688
6704
6672
6636
6696
6624
6652
6584
6676
6608
6712
6636
6680
6652
6656
6628
6748
6628
6700
6596
6640
6684
6628
6616
6624
6520
6592
6624
6532
6632
6496
6580
6596
6540
6564
6648
6492
6708
6500
6604
6620
6524
6572
6620
6444
6668
6468
6520
6624
6436
6596
6544
6456
6604
6496
6468
6660
6368
6588
6468
6492
6600
6556
6468
6644
6372
6548
6468
6420
6540
6452
6444
6592
6408
6464
6440
6316
6484
6396
6472
6524
6396
6432
6536
6364
6564
6332
6440
6428
6448
6452
6508
6352
6448
6336
6400
6416
6424
6372
6396
6428
6452
6428
6352
6392
6324
6392
6392
6424
6328
6456
6292
6488
6360
6324
6308
6360
6276
6316
6304
6300
6328
6296
6284
6356
6252
6332
6292
6224
6356
6192
6340
6336
6272
6304
6376
6180
6420
6176
6292
6348
6256
6308
6332
6184
6416
6176
6244
6376
6188
6332
6252
6188
6344
6204
6212
6352
6068
6296
6164
6212
6296
6204
6180
6316
6080
6260
6192
6156
6264
6176
6168
6300
6148
6240
6192
6100
6260
6104
6124
6172
6088
6140
6172
6060
6284
6112
6196
6156
6140
6120
6184
6072
6228
6096
6160
6140
6116
6120
6116
6120
6104
6112
6072
6160
6096
6112
6060
6136
6032
6156
6068
6124
6080
6096
6088
6168
5992
6108
6036
6064
6120
6028
6024
6084
5972
6044
6044
5964
6116
5972
6092
6076
5980
6024
6056
5912
6140
5908
6056
6064
5980
6036
6084
5876
6088
5888
5976
6036
5876
6020
5952
5884
6028
5916
5916
6040
5800
6032
5936
5936
5988
5916
5880
6056
5788
5988
5892
5884
5992
5908
5876
5988
5796
5892
5892
5836
6000
5848
5900
5920
5864
5900
5996
5836
5976
5828
5928
5924
5860
5836
5904
5832
5948
5872
5908
5900
5852
5880
5820
5860
5832
5908
5832
5836
5820
5876
5820
5924
5728
5864
5724
5872
5792
5812
5740
5856
5688
5880
5800
5824
5832
5712
5748
5872
5764
5840
5780
5728
5904
5760
5840
5804
5692
5764
5832
5672
5868
5616
5740
5768
5684
5788
5744
5612
5868
5632
5748
5772
5552
5804
5780
5716
5804
5644
5724
5868
5548
5724
5600
5716
5796
5636
5592
5812
5580
5792
5596
5612
5756
5688
5660
5756
5584
5740
5676
5588
5684
5560
5676
5672
5592
5616
5688
5544
5656
5500
5652
5640
5628
5568
5636
5556
5652
5556
5604
5588
5636
5588
5560
5604
5612
5624
5536
5564
5540
5564
5556
5640
5480
5652
5540
5604
5568
5560
5528
5612
5460
5628
5516
5508
5560
5452
5500
5552
5456
5600
5556
5472
5616
5452
5532
5544
5456
5468
5552
5400
5652
5368
5540
5500
5420
5532
5564
5400
5572
5384
5476
5564
5372
5532
5412
5412
5532
5404
5428
5556
5324
5536
5396
5448
5496
5412
5392
5532
5352
5540
5404
5408
5496
5412
5404
5476
5332
5436
5380
5328
5440
5332
5416
5412
5364
5356
5400
5300
5444
5296
5404
5392
5380
5364
5388
5308
5424
5332
5388
5356
5408
5388
5408
5428
5372
5384
5348
5360
5340
5340
5336
5416
5268
5372
5308
5260
5324
5252
5268
5392
5204
5316
5332
5304
5388
5196
5300
5332
5216
5332
5256
5232
5392
5184
5296
5264
5196
5260
5300
5152
5404
5192
5372
5304
5188
5296
5304
5172
5380
5148
5276
5336
5172
5324
5228
5192
5288
5168
5204
5348
5092
5332
5148
5220
5228
5172
5132
5288
5092
5296
5168
5188
5252
5148
5164
5228
5120
5224
5200
5152
5248
5088
5144
5184
5152
5136
5224
5100
5244
5080
5188
5156
5184
5136
5164
5120
5184
5116
5160
5112
5124
5092
5132
5140
5100
5148
5128
5132
5148
5104
5084
5168
5052
5196
5068
5132
5124
5104
5076
5156
4972
5156
5020
5084
5128
4984
5052
5112
4976
5144
5108
5024
5180
4928
5120
5084
5028
5084
5120
4972
5172
4912
5052
5072
4968
5060
5036
4956
5164
4944
5044
5104
4924
5084
4964
4940
5056
4940
5008
5104
4872
5084
4928
4940
4988
4924
4912
5060
4860
5044
4908
4956
4996
4928
4972
5016
4904
4964
4940
4904
5044
4924
5000
4972
4908
4928
4980
4856
4964
4844
4988
4944
4952
4900
4948
4892
4932
4888
4908
4900
4952
4880
4944
4952
4844
4892
4836
4864
4856
4876
4952
4988
4748
4964
4840
4972
4920
4880
4792
4948
4756
4984
4796
4844
4892
4816
4868
4920
4816
4908
4824
4764
4944
4752
4892
4852
4752
4852
4892
4816
4948
4660
4844
4796
4724
4864
4844
4688
4904
4716
4876
4880
4684
4836
4720
4792
4916
4748
4752
4852
4684
4956
4732
4748
4820
4792
4764
4860
4664
4828
4716
4760
4812
4716
4780
4792
4688
4736
4756
4752
4844
4680
4764
4788
4788
4712
4708
4636
4820
4684
4788
4712
4700
4680
4756
4680
4708
4668
4740
4700
4732
4696
4708
4724
4628
4712
4692
4764
4720
4684
4636
4788
4608
4800
4644
4676
4684
4632
4648
4768
4580
4732
4636
4680
4724
4568
4700
4740
4628
4768
4660
4624
4724
4516
4700
4648
4568
4608
4624
4536
4756
4496
4700
4660
4576
4676
4636
4536
4720
4484
4644
4672
4528
4688
4572
4616
4696
4520
4564
4660
4464
4656
4540
4628
4608
4556
4556
4652
4492
4664
4548
4592
4580
4532
4560
4612
4508
4588
4560
4528
4608
4528
4560
4532
4560
4560
4620
4492
4588
4444
4536
4508
4564
4468
4588
4488
4572
4528
4556
4508
4540
4500
4500
4516
4468
4560
4476
4516
4492
4456
4460
4568
4352
4568
4412
4492
4520
4444
4532
4520
4416
4556
4436
4444
4552
4356
4592
4512
4404
4484
4436
4420
4556
4296
4464
4460
4424
4496
4460
4356
4584
4304
4476
4420
4384
4484
4428
4356
4544
4304
4440
4468
4304
4480
4396
4416
4464
4344
4388
4504
4276
4484
4316
4436
4440
4380
4380
4460
4304
4508
4356
4452
4448
4364
4408
4428
4348
4392
4368
4352
4432
4364
4396
4368
4388
4332
4388
4328
4380
4268
4404
4344
4388
4288
4356
4320
4356
4332
4332
4316
4376
4336
4360
4360
4240
4380
4272
4348
4348
4320
4340
4400
4204
4380
4220
4284
4344
4232
4268
4344
4180
4408
4248
4276
4300
4176
4312
4336
4216
4364
4256
4264
4428
4184
4332
4256
4220
4300
4268
4212
4396
4108
4324
4284
4212
4304
4224
4176
4344
4116
4284
4296
4128
4300
4204
4248
4332
4204
4236
4316
4120
4336
4132
4212
4224
4188
4180
4268
4132
4288
