29765
29812
7453

760
760
652
832
676
772
724
756
736
776
708
772
728
744
696
724
716
720
764
724
752
688
756
740
708
668
720
596
788
636
724
716
692
704
796
636
776
648
708
776
676
708
760
696
772
768
620
768
696
780
824
656
788
740
652
908
572
760
788
760
792
684
640
832
664
744
788
636
820
660
652
796
668
708
812
620
892
672
704
720
656
668
796
612
792
688
712
748
680
716
780
712
752
724
660
776
664
716
684
724
732
756
660
788
656
796
740
756
684
744
732
796
732
752
712
756
724
732
788
704
772
688
784
764
708
680
772
652
840
644
756
724
720
756
836
644
804
628
676
748
640
664
704
636
764
728
680
840
636
800
748
692
764
808
652
892
628
796
760
704
780
700
656
876
676
788
812
672
772
644
716
808
644
684
796
628
836
652
696
748
716
696
768
644
816
700
712
708
652
704
768
668
700
708
688
812
668
780
748
764
720
764
692
836
688
732
716
804
724
768
720
772
756
752
732
748
720
676
724
660
772
672
744
744
704
668
780
652
836
680
736
760
696
708
768
632
816
664
700
780
636
748
748
676
792
720
688
876
604
756
724
696
844
784
592
820
592
820
796
720
812
752
720
876
644
736
796
656
836
664
692
756
648
704
828
664
868
668
732
768
732
728
764
612
780
700
716
760
644
688
744
692
736
732
688
772
660
716
704
748
708
744
664
820
716
772
700
776
752
768
696
748
740
712
728
772
728
712
724
652
784
664
748
756
708
688
808
660
808
612
716
744
684
672
756
644
804
652
720
820
668
752
744
668
808
724
644
860
620
796
720
668
760
692
632
876
596
752
724
712
828
708
672
852
612
768
784
652
852
696
732
752
676
728
828
600
828
696
804
764
660
676
816
660
792
660
716
788
716
756
724
728
776
724
632
748
672
764
708
756
712
760
684
776
660
732
688
756
696
776
744
744
700
700
692
744
672
712
776
692
792
656
752
772
712
684
796
656
872
684
768
764
708
768
808
644
832
672
716
848
696
772
752
668
812
664
716
820
644
760
716
588
844
768
720
860
628
844
760
660
732
712
716
884
652
764
804
652
844
636
684
736
672
708
784
640
840
644
756
776
752
704
768
668
804
680
708
760
700
736
732
716
748
732
680
812
668
772
712
780
700
760
676
800
688
744
688
796
676
732
648
680
728
728
724
756
680
704
764
676
792
640
764
768
720
720
776
624
824
628
768
780
688
696
752
612
836
624
696
780
684
776
720
656
748
656
644
848
616
836
720
708
780
696
620
864
600
808
764
680
752
696
704
868
608
732
780
700
868
648
696
780
716
700
728
596
812
640
740
708
680
732
800
664
788
696
760
728
680
740
752
744
748
764
708
808
716
760
692
752
684
740
660
744
716
756
656
752
688
768
712
712
752
716
736
792
680
708
744
716
864
684
760
756
696
716
784
604
816
628
760
780
692
740
776
640
844
680
748
836
664
780
732
664
752
660
624
824
568
800
708
692
744
720
640
844
596
824
744
696
788
728
716
832
664
740
764
668
840
640
700
772
724
744
764
664
824
640
756
772
748
712
744
640
788
700
760
724
648
656
736
752
732
712
648
756
712
772
744
748
648
744
656
776
712
744
668
772
676
788
712
736
772
688
684
752
692
764
732
628
796
652
744
728
684
724
808
640
868
620
756
756
656
740
764
640
836
632
728
788
604
760
700
660
776
668
688
848
608
788
688
684
764
676
652
856
596
764
696
684
780
708
680
860
636
724
728
692
848
664
708
792
720
756
764
636
820
616
760
736
740
732
768
684
796
684
740
732
692
740
732
728
668
732
664
792
688
696
680
776
676
768
676
768
708
736
648
768
668
784
680
712
744
712
692
764
664
728
732
628
784
616
732
724
696
700
752
612
852
612
772
772
656
724
772
664
844
636
696
788
652
792
724
688
812
684
660
812
620
804
728
644
780
644
604
860
636
884
684
688
764
732
696
764
616
764
776
656
800
636
692
744
684
740
796
688
840
648
768
732
724
708
768
684
776
724
764
732
708
680
716
744
708
756
728
772
720
700
684
712
580
748
636
776
740
712
644
772
660
792
680
732
732
756
772
796
656
744
740
656
832
640
756
760
640
684
732
580
808
576
764
760
636
736
712
620
840
664
756
796
588
788
696
640
764
664
680
868
604
828
692
684
688
676
688
856
588
808
756
732
800
612
604
764
664
756
692
636
856
676
752
740
680
744
780
656
812
684
800
728
712
708
788
700
764
672
740
760
728
692
716
760
740
764
700
752
692
724
692
756
672
772
668
748
724
712
696
780
640
768
728
732
764
704
716
780
668
768
740
648
808
628
748
736
660
716
756
608
824
608
752
760
652
712
684
628
852
644
752
804
644
772
676
692
804
684
716
828
608
808
712
712
796
704
664
812
584
788
700
716
748
700
720
860
632
692
688
708
796
628
748
756
704
732
768
656
780
644
776
744
760
680
720
684
788
736
764
724
692
676
744
752
668
688
664
756
744
724
688
744
632
788
676
760
708
732
732
800
692
808
676
696
756
696
716
772
636
732
728
632
780
588
716
764
668
756
724
624
876
628
800
772
656
772
740
676
856
636
728
772
612
812
700
680
780
668
716
856
596
784
668
704
772
724
684
820
588
804
684
700
780
684
708
780
636
752
724
660
796
660
724
724
724
764
772
668
820
632
772
724
756
680
736
708
772
704
704
704
736
708
716
716
720
772
744
748
716
704
696
748
588
764
680
752
680
680
640
824
632
836
708
712
760
664
720
768
656
788
732
648
820
612
752
716
644
764
800
652
844
588
788
756
672
764
740
660
856
616
748
780
624
776
684
712
796
676
720
792
632
800
668
756
716
724
688
796
640
816
616
776
716
720
640
712
596
752
724
652
768
676
764
684
668
712
740
664
744
660
764
708
736
684
768
692
752
696
740
708
716
664
732
724
668
728
692
740
744
664
680
764
604
776
680
776
776
764
724
780
624
796
632
720
764
636
700
752
636
772
708
680
856
640
796
732
656
760
756
652
840
568
768
744
664
784
720
652
860
608
732
788
620
804
712
704
728
640
736
792
596
808
672
748
748
620
644
840
684
804
636
732
804
700
684
764
668
780
704
688
768
672
768
708
692
692
744
668
764
624
744
680
748
652
740
688
760
700
748
744
760
696
736
764
704
788
696
744
748
724
692
760
612
788
616
720
708
664
716
768
612
780
660
756
792
636
724
752
636
756
720
676
804
596
768
732
684
788
728
652
876
624
792
724
668
780
744
692
864
632
752
760
628
760
652
720
792
680
744
788
608
844
688
768
768
704
676
764
612
816
664
724
732
632
660
724
664
744
668
668
796
676
712
652
680
712
732
708
724
620
756
720
764
664
728
688
728
740
748
708
732
652
764
760
664
724
616
732
752
716
692
756
636
848
676
760
704
648
704
824
636
820
636
688
732
640
772
752
616
772
668
668
812
592
804
732
676
744
720
696
848
564
796
740
680
772
676
660
816
588
780
764
644
788
684
700
792
652
748
760
636
816
688
740
728
676
684
752
580
764
672
732
724
636
652
744
628
712
688
668
728
644
748
720
756
704
732
644
764
660
776
704
768
732
788
712
716
756
764
736
764
644
692
764
700
768
648
752
776
700
696
748
596
800
580
676
680
692
724
756
592
812
692
744
740
652
796
816
684
768
676
684
828
588
796
712
692
740
728
636
840
528
768
668
668
776
716
664
812
596
768
732
640
792
684
752
792
664
716
772
604
796
640
776
748
704
676
816
572
804
644
740
716
716
620
804
672
768
684
664
732
660
752
684
736
704
760
676
728
656
732
684
772
652
764
720
716
700
700
716
768
636
732
724
640
760
660
744
720
700
724
748
576
828
596
784
712
668
700
780
612
800
620
764
780
628
748
760
688
828
712
692
796
564
800
724
696
748
684
660
812
572
780
688
632
772
700
636
764
584
772
696
620
804
684
732
736
628
704
792
624
764
616
760
748
700
676
732
656
844
684
756
720
716
716
748
660
724
712
716
748
676
756
732
756
676
768
716
764
676
748
676
776
652
756
708
744
712
700
692
760
632
728
724
632
760
672
764
728
668
712
740
596
804
620
776
744
668
716
776
668
852
616
764
764
648
768
744
628
756
640
716
836
612
808
712
684
760
712
640
796
556
808
704
688
760
664
648
768
580
768
704
648
812
696
772
772
680
728
772
636
812
648
772
756
732
724
800
636
760
632
728
704
700
692
728
672
716
724
708
736
688
752
708
752
692
796
676
720
676
764
676
764
632
776
716
748
728
704
740
788
636
760
772
696
772
604
708
728
640
716
708
584
820
624
768
736
668
744
796
676
840
612
736
784
652
804
728
652
808
656
700
788
532
752
684
696
788
688
640
808
572
792
708
668
764
652
704
840
636
772
684
636
824
668
736
736
648
712
756
648
804
628
732
696
736
736
780
668
780
644
732
672
680
728
768
724
712
696
704
752
704
732
720
752
664
780
712
764
684
812
1208
1956
2500
3304
3916
4680
5488
6320
7076
7636
7772
8020
8008
7980
8148
8008
8188
8176
8128
8240
8292
8164
8392
8080
8280
8196
8112
8208
8236
8136
8332
8080
8212
8244
8112
8196
8088
8028
8204
8096
8104
8172
7980
8220
8040
7972
8052
8000
7980
8076
7844
8104
7960
7944
8020
7932
7944
8052
7872
8028
7972
7932
8016
7904
7948
7948
7864
7956
7980
7852
8004
7844
7940
7828
7864
7880
7936
7808
7940
7836
7964
7804
7952
7836
7940
7808
7876
7816
7944
7912
7880
7880
7780
7832
7760
7880
7772
7864
7832
7852
7780
7852
7716
7856
7736
7760
7788
7772
7796
7804
7728
7812
7768
7684
7860
7680
7820
7740
7712
7768
7816
7644
7892
7612
7816
7708
7640
7728
7708
7624
7888
7676
7740
7748
7584
7788
7712
7676
7772
7676
7680
7748
7532
7836
7664
7680
7680
7668
7592
7744
7508
7752
7572
7592
7700
7616
7640
7692
7476
7656
7604
7572
7656
7552
7644
7636
7556
7580
7576
7500
7652
7484
7588
7520
7548
7520
7552
7460
7576
7492
7568
7504
7536
7512
7548
7484
7516
7536
7524
7512
7496
7536
7520
7540
7424
7516
7432
7488
7444
7452
7424
7496
7376
7552
7424
7464
7488
7444
7456
7496
7340
7484
7396
7352
7488
7316
7432
7404
7348
7452
7436
7304
7544
7260
7444
7360
7316
7432
7420
7276
7476
7216
7376
7344
7256
7444
7348
7308
7408
7224
7332
7404
7212
7448
7312
7280
7340
7288
7280
7396
7164
7404
7252
7284
7332
7244
7268
7368
7196
7372
7268
7252
7348
7220
7300
7284
7196
7256
7256
7180
7328
7160
7304
7200
7232
7172
7260
7136
7240
7164
7260
7180
7216
7164
7264
7208
7144
7200
7192
7208
7176
7164
7180
7212
7100
7200
7084
7136
7132
7140
7144
7152
6992
7180
7060
7144
7112
7064
7100
7172
7008
7168
7064
7032
7200
7052
7176
7132
7012
7116
7060
7016
7260
6972
7112
7004
6964
7128
7100
6980
7128
6872
7076
7052
6936
7068
6956
6944
7040
6884
7012
7064
6868
7084
6924
6980
7016
6900
6924
7036
6852
7092
6896
6948
6972
6896
6912
6996
6824
7016
6944
6956
7012
6880
6968
6956
6912
6932
6920
6868
7000
6844
6948
6848
6892
6868
6952
6868
6948
6836
6920
6840
6888
6840
6916
6848
6820
6852
6828
6884
6836
6832
6828
6844
6760
6912
6788
6860
6804
6832
6840
6880
6700
6884
6752
6832
6884
6796
6836
6864
6724
6868
6720
6700
6856
6656
6824
6796
6692
6776
6712
6668
6904
6620
6860
6764
6704
6780
6728
6648
6852
6608
6820
6756
6636
6756
6684
6660
6756
6588
6728
6772
6548
6752
6588
6664
6684
6620
6652
6748
6556
6772
6588
6652
6676
6604
6628
6664
6520
6692
6612
6588
6668
6580
6676
6628
6584
6616
6680
6596
6664
6504
6644
6588
6620
6576
6636
6544
6632
6560
6632
6532
6620
6524
6560
6480
6532
6604
6612
6548
6512
6576
6572
6632
6412
6636
6484
6572
6524
6464
6528
6584
6484
6596
6428
6476
6508
6440
6516
6472
6392
6548
6484
6432
6572
6356
6556
6424
6372
6508
6468
6364
6540
6284
6576
6452
6404
6504
6436
6364
6544
6300
6508
6392
6324
6440
6396
6384
6484
6340
6420
6420
6320
6540
6344
6380
6416
6368
6352
6428
6220
6424
6288
6356
6336
6280
6364
6440
6272
6424
6336
6340
6380
6280
6360
6324
6304
6328
6308
6256
6344
6268
6360
6212
6268
6232
6332
6256
6336
6268
6336
6248
6324
6204
6332
6260
6260
6312
6292
6292
6280
6220
6296
6308
6208
6360
6168
6256
6228
6208
6224
6280
6140
6336
6172
6244
6204
6128
6232
6260
6116
6272
6156
6148
6268
6048
6216
6108
6044
6208
6144
6104
6280
6012
6268
6136
6108
6212
6116
6068
6272
6028
6236
6132
6080
6192
6084
6116
6184
6024
6172
6160
6044
6228
6076
6144
6124
6072
6092
6148
6016
6232
6064
6124
6120
6104
6092
6108
5964
6120
6028
6024
6056
6004
6080
6064
6056
6044
6052
5968
6028
5940
6040
5980
6068
5976
6048
5952
6004
5960
5992
5948
6036
5952
6080
6004
5984
6052
5956
6012
6064
5984
6020
6028
5932
6092
5896
6020
6004
5940
5968
5988
5868
6004
5864
6136
6168
5896
5708
5624
5668
6100
6192
6172
6036
5568
5620
5680
5880
6220
6124
5948
5988
5748
6000
5808
5768
5864
5812
5888
6084
5880
6084
5948
5796
5856
5736
5804
5948
5844
6008
5972
5824
5972
5756
5836
5812
5768
5804
5872
5772
5964
5772
5812
5780
5784
5852
5916
5756
5764
5652
5716
5828
5844
5916
5884
5780
5744
5708
5640
5704
5704
5884
5836
5904
5756
5828
5676
5732
5728
5808
5784
5868
5744
5864
5768
5712
5756
5660
5708
5756
5720
5800
5784
5648
5800
5636
5744
5628
5600
5700
5784
5616
5860
5620
5736
5660
5604
5672
5660
5552
5768
5672
5700
5736
5532
5732
5668
5604
5696
5644
5636
5756
5524
5768
5628
5616
5720
5620
5616
5752
5540
5800
5632
5596
5688
5588
5628
5656
5500
5616
5620
5536
5724
5528
5612
5564
5596
5612
5628
5452
5640
5532
5636
5592
5564
5580
5620
5480
5580
5524
5568
5584
5532
5600
5556
5584
5548
5580
5508
5556
5520
5588
5504
5604
5480
5588
5468
5492
5484
5556
5500
5548
5436
5568
5484
5444
5528
5372
5556
5484
5460
5496
5500
5368
5652
5384
5532
5456
5420
5488
5492
5364
5576
5432
5532
5484
5328
5464
5456
5384
5528
5368
5432
5528
5340
5532
5408
5344
5448
5376
5404
5536
5276
5508
5344
5360
5488
5432
5360
5472
5264
5416
5320
5324
5452
5300
5340
5432
5264
5392
5308
5216
5448
5364
5400
5320
5296
5400
5428
5264
5400
5244
5376
5364
5352
5332
5380
5316
5420
5300
5296
5336
5324
5360
5316
5296
5304
5360
5244
5348
5256
5320
5252
5332
5204
5364
5252
5312
5256
5296
5292
5328
5200
5352
5240
5228
5288
5212
5268
5296
5204
5312
5288
5188
5348
5148
5300
5268
5204
5292
5260
5120
5340
5136
5252
5220
5128
5272
5200
5108
5316
5148
5196
5260
5084
5292
5148
5152
5248
5140
5148
5256
5020
5276
5084
5112
5196
5164
5132
5228
5008
5252
5128
5148
5236
5144
5196
5204
5104
5176
5140
5080
5220
5088
5164
5084
5100
5140
5172
5036
5164
5028
5172
5092
5104
5100
5092
4996
5108
5068
5104
5100
5084
5120
5108
5100
5060
5120
5044
5092
5064
5132
5052
5120
5000
5164
5012
5076
5068
5084
5020
5084
4940
5116
5048
5060
5140
5004
5068
5060
4988
5084
5020
4916
5108
4908
5076
4980
4964
5016
5004
4912
5132
4860
5024
5028
4992
5060
4992
4892
5128
4888
4972
4980
4892
5096
4952
4932
4988
4932
4956
5068
4816
5116
4952
4940
4956
4936
4912
5008
4828
5068
4956
4900
5004
4844
4908
4928
4896
4988
4896
4812
4988
4868
4964
4896
4856
4900
4976
4884
4992
4864
4896
4876
4916
4908
4924
4832
4944
4880
4912
4892
4884
4864
4864
4868
4852
4900
4788
4876
4864
4908
4844
4908
4780
4912
4796
4856
4864
4820
4804
4868
4740
4924
4788
4792
4876
4752
4876
4872
4768
4876
4836
4748
4916
4692
4860
4784
4764
4848
4800
4688
4888
4672
4864
4828
4732
4848
4796
4732
4892
4716
4820
4820
4668
4868
4708
4720
4840
4732
4756
4812
4604
4852
4716
4768
4788
4732
4748
4832
4620
4828
4680
4676
4784
4684
4748
4748
4660
4744
4712
4680
4780
4640
4724
4672
4676
4700
4752
4672
4812
4660
4748
4676
4732
4692
4732
4624
4724
4684
4652
4620
4608
4668
4652
4648
4616
4716
4672
4732
4716
4740
4684
4696
4548
4712
4596
4676
4708
4604
4600
4672
4548
4704
4564
4588
4676
4556
4644
4624
4588
4644
4632
4468
4728
4444
4624
4568
4572
4704
4600
4548
4664
4476
4668
4600
4564
4652
4620
4528
4680
4476
4588
4596
4460
4680
4544
4536
4616
4508
4556
4652
4456
4672
4536
4604
4612
4528
4548
4608
4468
4644
4484
4492
4604
4540
4544
4524
4448
4604
4572
4472
4520
4452
4552
4500
4508
4496
4560
4488
4592
4468
4524
4444
4492
4464
4452
4428
4516
4504
4480
4468
4492
4472
4484
4476
4404
4556
4460
4500
4444
4480
4444
4532
4344
4492
4364
4432
4460
4444
4464
4516
4364
4552
4384
4392
4508
4388
4484
4468
4420
4544
4436
4352
4516
4300
4488
4384
4380
4480
4412
4324
4532
4284
4488
4392
4332
4484
4416
4352
4480
4316
4432
4444
4316
4476
4304
4348
4424
4332
4364
4448
4268
4524
4308
4360
4380
4332
4352
4436
4236
4428
4340
4360
4408
4312
4388
4360
4284
4356
4292
4288
4396
4308
4392
4280
4332
4300
4316
4216
4352
4244
4324
4244
4344
4296
4324
4256
4316
4304
4308
4296
4328
4300
4316
4308
4240
4308
4244
4300
4312
4264
4208
4320
4196
4380
4216
4284
4312
4276
4296
4312
4180
4328
4200
4224
4348
4212
4284
4260
4176
4308
4212
4140
4324
4140
4336
4244
4204
4312
4236
4164
4332
4108
4304
4200
4148
4276
4188
4156
4292
4120
4220
4216
4100
4352
4124
4132
4224
4164
4220
4244
4088
4316
4152
4248
4256
4140
4136
4240
4060
4276
4108
4124
4160
4092
4164
4192
4156
4196
4132
4100
4224
4160
4236
4092
4100
4124
4216
4132
4216
4120
4168
4100
4196
4108
4168
4048
4104
4104
4116
4116
4124
4040
4092
4108
4088
4164
4056
4128
4100
4124
4128
4180
4020
4208
4032
4104
4100
4068
4076
4088
3984
4188
4060
4056
4148
4004
4136
4088
4020
4140
4076
4072
4208
3964
4132
3996
3996
4104
4020
3984
4156
3916
4136
4044
4012
4124
3988
3992
4140
3980
4104
4044
3944
4160
3988
4032
4080
3976
4056
4104
3932
4156
3944
4036
4032
3956
3980
4052
3876
4092
3964
4040
4028
3980
4020
4040
3960
4004
3972
3932
4016
3944
4028
3972
4016
3988
4036
3916
4004
3960
3996
3940
3996
3928
4024
3916
3968
3956
3956
3928
3936
3932
3972
3980
3920
4052
3884
3952
3924
3972
3960
3972
3824
4044
3912
3964
3924
3852
3908
3892
3812
3956
3844
3888
4020
3828
3944
3904
3860
3976
3836
3848
3980
3824
3968
3832
3820
3956
3804
3884
3988
3824
3944
3836
3816
3992
3860
3832
3952
3800
3960
3948
3752
3904
3780
3924
3932
3844
3836
3928
3796
3980
3760
3832
3876
3876
3824
3856
3736
3968
3804
3852
3812
3800
3876
3876
3820
3852
3844
3780
3832
3752
3872
3788
3888
3836
3852
3760
3872
3800
3868
3788
3892
3776
3824
3724
3812
3844
3812
3776
3816
3780
3848
3796
3740
3868
3704
3796
3744
3732
3732
3792
3704
3892
3712
3816
3808
3756
3812
3788
3668
3876
3712
3768
3820
3656
3820
3736
3664
3848
3744
3724
3852
3620
3852
3704
3716
3804
3740
3708
3872
3624
3824
3672
3668
3784
3680
3672
3780
3624
3804
3740
3660
3812
3628
3676
3708
3676
3700
3728
3584
3800
3620
3704
3700
3688
3664
3708
3616
3808
3644
3688
3676
3612
3664
3676
3676
3684
3684
3612
3696
3660
3724
3612
3684
3624
3712
3608
3716
3684
3680
3592
3708
3612
3712
3612
3628
3680
3660
3644
3680
3612
3672
3624
3592
3740
3588
3660
3604
3608
3644
3668
3544
3752
3536
3652
3672
3580
3644
3620
3540
3748
3544
3616
3692
3564
3684
3600
3572
3708
3588
3564
3704
3456
3708
3580
3568
3660
3560
3524
3680
3448
3688
3536
3532
3636
3492
3512
3656
3480
3636
3596
3512
3680
3540
3596
3560
3512
3580
3592
3444
3608
3432
3576
3532
3564
3520
3556
3476
3656
3504
3552
3508
3504
3544
3560
3548
3584
3544
3484
3616
3548
3576
3508
3524
3492
3604
3484
3548
3488
3536
3488
3596
3452
3524
3424
3504
3560
3496
3536
3552
3460
3548
3520
3436
3576
3372
3536
3504
3464
3480
3476
3364
3596
3356
3544
3516
3452
3500
3492
3420
3620
3420
3492
3532
3384
3572
3492
3428
3540
3416
3396
3516
3328
3564
3396
3460
3512
3392
3376
3500
3304
3564
3396
3412
3496
3388
3436
3496
3344
3456
3388
3348
3504
3376
3480
3460
3376
