17422
17461
4365

532
532
684
656
596
676
584
636
708
580
644
660
548
700
564
632
684
648
640
704
584
724
556
668
668
616
640
656
620
696
624
664
680
636
676
712
656
632
596
644
680
652
652
592
680
620
616
588
636
644
660
636
716
644
648
628
620
688
620
636
688
624
628
676
576
716
568
624
640
628
616
708
556
748
596
572
668
632
688
676
588
712
652
604
740
540
684
684
652
664
584
580
812
572
676
564
628
740
672
568
748
592
696
648
564
700
600
636
676
588
696
704
612
764
608
712
668
612
596
708
636
748
524
604
632
620
648
676
636
712
608
652
648
592
680
652
680
644
644
616
668
596
684
600
712
652
672
624
680
648
692
560
660
620
676
704
568
696
660
672
680
592
552
768
576
768
544
676
672
612
588
632
580
760
584
656
704
612
656
604
540
764
660
584
664
544
752
636
604
664
632
624
756
480
668
632
644
692
600
596
720
508
676
644
644
724
568
604
696
668
672
636
516
728
632
736
652
600
600
652
588
736
560
676
632
620
644
692
636
648
592
660
696
628
668
596
712
660
708
640
652
592
668
592
692
580
652
636
656
648
676
632
728
592
672
680
640
672
604
672
744
648
636
664
556
728
572
660
700
616
616
700
624
768
532
656
716
620
700
680
616
716
624
632
712
516
676
624
652
708
612
600
752
552
756
612
604
696
612
588
704
516
672
584
604
704
572
640
704
604
680
636
592
740
564
684
656
644
640
680
564
716
568
668
640
652
652
628
620
720
612
648
636
620
644
588
684
640
640
612
676
612
672
572
708
612
708
644
660
644
664
636
748
612
644
640
616
736
608
636
684
640
676
668
572
740
584
668
688
612
652
680
572
740
556
648
644
588
672
648
604
736
584
616
724
564
688
592
580
672
628
604
752
532
720
600
636
664
588
612
744
556
712
632
616
680
576
648
692
608
672
652
580
700
564
660
620
628
648
692
620
700
568
660
628
644
612
688
624
724
628
696
660
716
640
672
660
656
616
636
648
640
648
604
716
576
676
636
656
656
668
616
712
616
696
648
600
700
604
640
664
608
660
700
572
780
588
628
620
608
648
692
560
760
560
660
704
580
676
684
600
716
596
660
744
564
688
596
616
680
564
576
744
564
720
620
644
700
648
588
648
508
668
604
616
724
648
684
656
568
644
672
604
680
552
660
652
652
636
668
580
648
556
652
628
648
632
672
660
696
628
644
624
652
700
648
660
592
656
632
684
632
680
588
732
560
648
588
648
676
640
588
680
568
680
672
592
668
528
664
636
676
648
672
496
736
496
716
624
620
664
720
568
736
552
660
708
596
684
668
604
716
592
680
740
568
720
676
640
688
648
620
736
536
764
588
632
680
616
592
692
556
712
644
640
676
536
632
668
664
676
652
616
720
588
764
648
632
616
700
644
712
600
680
604
652
624
672
660
620
616
656
652
640
620
596
688
608
688
628
648
620
680
612
744
580
704
636
672
676
652
624
688
552
684
672
620
732
572
624
664
612
680
688
556
752
564
688
700
608
648
692
592
780
556
676
684
616
700
644
580
716
560
632
740
580
732
632
636
684
632
636
736
516
728
588
664
668
600
636
740
576
736
636
644
688
572
704
668
620
672
632
604
708
560
672
624
680
628
684
608
684
580
696
644
664
584
640
632
672
612
612
636
652
668
596
668
572
676
612
668
620
636
592
684
548
688
592
636
656
656
636
736
608
688
596
552
656
512
652
732
728
780
600
324
488
532
984
1020
824
564
384
296
664
704
900
796
648
680
648
612
664
484
556
628
564
840
716
708
620
508
488
684
540
780
632
760
724
652
620
664
500
648
640
696
740
572
648
624
604
644
664
648
716
556
620
548
624
628
764
724
748
612
692
548
592
564
668
668
692
664
656
612
632
592
596
724
620
736
664
716
676
612
560
680
516
676
576
684
708
656
592
644
516
632
660
628
744
624
676
660
636
716
664
588
772
592
764
680
588
648
720
620
712
488
712
712
636
700
620
668
764
596
672
684
556
740
600
636
676
604
596
684
548
724
556
600
616
588
652
752
612
680
572
636
684
612
676
668
680
696
668
624
708
576
692
624
680
640
708
644
680
568
660
600
680
636
684
720
724
688
636
632
672
664
668
716
612
676
636
664
636
612
592
692
556
708
608
664
696
648
660
684
540
632
596
632
736
588
708
704
620
668
684
572
784
544
784
660
620
652
676
632
724
544
668
636
636
724
612
612
700
560
668
684
556
696
588
708
700
604
640
780
564
656
528
688
712
600
628
668
560
720
596
604
652
612
728
680
672
668
632
592
660
616
728
644
636
584
708
668
700
576
632
628
712
612
616
612
596
632
672
656
652
592
624
688
552
696
600
640
648
656
668
752
524
676
580
640
652
592
604
728
600
740
624
632
724
596
700
672
588
664
652
608
712
488
648
604
588
648
608
588
768
560
716
648
588
684
632
628
712
572
668
696
540
680
564
640
660
632
672
732
588
748
564
644
648
612
656
700
600
700
632
700
696
628
676
652
664
656
660
644
724
624
712
608
648
596
648
612
696
632
668
588
660
556
636
652
612
636
620
616
656
612
628
692
576
708
592
664
656
620
660
716
560
716
608
664
696
604
616
680
540
720
620
620
688
556
700
664
612
696
660
628
752
552
708
616
596
668
652
608
764
556
716
648
596
696
612
616
692
572
664
672
604
732
576
672
660
612
668
724
612
732
564
696
648
620
624
688
620
704
608
672
660
568
644
628
632
604
684
616
696
604
724
612
724
588
660
608
672
604
700
616
748
596
684
680
652
680
636
648
668
632
628
688
580
748
620
676
632
584
584
672
540
720
628
644
676
612
616
664
552
712
596
604
720
584
696
604
544
636
636
584
692
464
724
652
644
676
660
612
764
548
708
676
688
744
648
656
744
596
668
664
580
772
628
716
676
620
656
696
556
708
560
704
644
616
648
692
612
680
576
632
636
616
644
620
616
648
632
628
632
556
664
600
680
576
672
628
664
620
688
636
724
592
680
668
672
692
668
684
712
604
660
716
572
716
556
652
628
620
648
712
552
744
564
656
644
568
636
668
556
708
612
644
696
564
652
604
552
700
644
604
716
524
660
600
616
628
612
608
676
604
732
720
580
752
604
668
704
576
688
724
672
776
588
636
604
648
664
680
544
696
548
680
624
628
608
604
564
668
588
668
612
560
604
624
668
600
628
620
704
624
676
576
668
576
716
688
676
648
636
612
748
636
696
656
584
684
632
640
640
556
656
748
620
732
572
668
680
656
668
708
532
700
572
684
676
552
636
656
564
716
572
648
684
536
724
680
612
688
608
640
768
544
744
632
636
684
656
624
732
536
708
648
660
708
604
648
676
544
648
636
580
688
576
696
668
624
660
680
568
700
612
744
656
628
648
684
620
660
596
636
648
588
624
604
664
628
692
644
644
588
704
612
708
576
676
612
672
652
676
568
664
572
716
652
636
680
604
620
652
588
660
676
592
752
636
720
652
568
612
676
532
720
540
684
660
600
688
684
568
704
600
648
708
548
684
644
640
716
624
636
740
504
732
576
628
636
656
636
744
532
740
588
632
664
572
640
708
604
696
672
612
720
592
700
664
668
696
704
636
736
604
684
604
656
672
696
636
644
660
680
628
612
696
632
720
620
688
636
692
648
680
592
700
576
700
636
632
620
628
620
728
572
692
668
616
688
588
652
704
616
700
692
552
664
540
648
640
580
640
632
604
792
600
680
664
612
732
668
548
692
636
712
684
516
724
652
580
656
612
680
748
524
720
636
688
660
616
604
700
548
744
620
620
652
604
656
688
604
708
636
612
724
608
736
668
636
648
696
648
724
564
672
604
668
656
684
632
676
636
704
632
616
632
636
676
636
684
664
680
616
676
664
736
588
720
612
664
668
668
640
724
568
704
628
620
712
644
672
696
588
676
672
572
752
584
708
644
616
704
692
560
744
556
720
668
620
672
644
584
728
572
676
676
548
724
612
648
704
612
632
700
540
720
580
628
684
588
676
700
576
704
620
560
748
632
684
612
544
676
668
640
680
576
740
680
668
624
656
580
692
552
692
604
708
684
652
636
688
660
676
576
644
696
672
688
616
700
692
668
632
636
588
676
532
672
620
652
616
584
628
768
616
668
616
624
744
652
656
676
572
688
684
564
704
516
668
640
612
688
680
544
712
540
684
668
604
684
660
580
728
540
664
664
548
724
660
660
688
616
664
740
540
736
588
660
704
652
656
740
572
744
632
676
704
628
652
676
604
668
644
620
680
552
668
604
636
636
688
596
680
600
712
620
640
568
684
680
696
660
696
668
664
660
656
696
620
700
628
668
616
628
628
704
552
740
636
688
656
668
664
700
560
708
644
648
676
600
680
708
584
668
628
580
712
540
716
660
612
680
628
564
732
552
700
636
580
712
624
580
712
580
668
688
556
744
636
660
684
588
644
692
528
744
588
648
644
604
616
676
540
712
620
692
932
1272
1772
2172
2560
3060
3508
3876
4276
4508
4784
4808
4884
4916
4988
4952
5044
5032
5120
4972
5068
5052
5064
5076
5020
5036
5036
5056
5108
5048
5012
5084
4968
5064
4968
5004
5012
4992
4944
5020
4872
5016
4884
4964
4944
4904
4876
4972
4860
5020
4904
4900
4976
4908
4948
4928
4860
4948
4832
4844
5024
4796
4900
4836
4892
5016
4924
4804
4976
4796
4984
4848
4788
4924
4876
4892
4996
4780
4876
4868
4796
4940
4792
4860
4868
4788
4820
4908
4796
4952
4732
4804
4860
4848
4848
4856
4728
4884
4756
4812
4824
4752
4792
4772
4748
4792
4744
4752
4844
4756
4836
4776
4808
4768
4772
4764
4840
4744
4836
4716
4780
4700
4756
4736
4764
4772
4808
4732
4800
4728
4716
4780
4684
4784
4712
4732
4748
4720
4704
4784
4656
4800
4644
4724
4744
4720
4724
4776
4656
4800
4660
4692
4728
4664
4728
4724
4656
4728
4640
4604
4772
4552
4712
4668
4640
4700
4664
4604
4760
4548
4728
4660
4620
4736
4672
4648
4732
4596
4660
4640
4572
4732
4576
4656
4680
4604
4616
4660
4564
4716
4556
4628
4624
4592
4604
4672
4580
4664
4616
4632
4652
4500
4568
4588
4564
4620
4572
4608
4612
4544
4632
4496
4588
4560
4652
4564
4608
4552
4608
4532
4608
4508
4588
4580
4580
4576
4592
4568
4584
4484
4600
4616
4496
4588
4468
4556
4572
4528
4476
4600
4448
4668
4452
4500
4484
4460
4520
4556
4408
4616
4484
4536
4576
4428
4536
4504
4408
4556
4508
4468
4568
4320
4540
4508
4500
4520
4468
4404
4604
4388
4540
4420
4400
4496
4436
4420
4524
4364
4500
4476
4420
4552
4408
4432
4416
4404
4456
4508
4344
4520
4384
4508
4444
4380
4428
4472
4360
4488
4416
4464
4440
4372
4404
4416
4376
4404
4380
4396
4412
4336
4416
4352
4392
4336
4408
4388
4384
4336
4408
4316
4404
4304
4376
4336
4348
4364
4376
4352
4388
4328
4348
4372
4284
4380
4336
4404
4364
4304
4316
4364
4220
4368
4268
4384
4388
4304
4344
4372
4224
4352
4252
4304
4384
4252
4376
4348
4268
4336
4276
4272
4392
4180
4376
4264
4280
4340
4320
4228
4360
4156
4388
4320
4284
4324
4256
4268
4336
4208
4340
4272
4192
4316
4224
4304
4280
4216
4256
4308
4176
4332
4152
4268
4224
4228
4224
4244
4180
4316
4240
4264
4232
4224
4248
4224
4204
4216
4208
4204
4212
4232
4248
4156
4200
4204
4196
4180
4164
4172
4204
4144
4256
4128
4220
4216
4192
4196
4216
4128
4212
4104
4216
4172
4092
4204
4128
4192
4176
4120
4148
4180
4020
4256
4072
4164
4132
4100
4132
4204
4096
4220
4012
4140
4196
4040
4144
4128
4084
4196
4104
4068
4168
4044
4240
4080
4032
4148
4156
4100
4164
3972
4188
4076
4092
4136
4064
4084
4140
4004
4148
4088
4060
4156
4024
4100
4092
4044
4100
4084
4032
4172
3996
4092
4020
4052
4076
4104
3992
4076
3996
4088
4032
4020
4016
4024
4032
4068
4060
4024
4036
3984
4036
4016
4092
4012
4064
3996
4040
4000
4056
3968
4076
3956
4060
3968
3992
4020
4000
3972
4056
3964
4060
4012
3932
4056
3920
3996
4008
3948
3996
4008
3868
4084
3912
3988
3944
3912
3992
3976
3876
4064
3924
4000
4012
3900
4036
3964
3928
4000
3904
3880
4008
3832
4048
3884
3892
3980
3912
3896
4004
3824
4040
3908
3900
3960
3860
3904
3972
3852
3964
3900
3868
3980
3860
3960
3916
3896
3928
3916
3824
3956
3852
3948
3864
3892
3912
3924
3864
3924
3824
3892
3820
3876
3916
3876
3916
3848
3784
3912
3864
3912
3892
3824
3868
3808
3916
3812
3828
3864
3912
3836
3896
3800
3908
3880
3844
3868
3804
3812
3856
3768
3856
3844
3784
3868
3748
3848
3852
3780
3780
3848
3752
3932
3752
3852
3832
3772
3860
3820
3732
3872
3712
3788
3836
3804
3848
3736
3668
3892
3840
3812
3840
3676
3916
3820
3788
3812
3736
3740
3876
3676
3868
3700
3708
3756
3688
3736
3844
3688
3780
3692
3680
3788
3712
3776
3724
3756
3804
3792
3660
3748
3652
3808
3736
3732
3712
3704
3660
3764
3676
3744
3700
3728
3752
3756
3764
3708
3712
3680
3696
3676
3704
3692
3756
3680
3768
3688
3688
3672
3708
3660
3748
3600
3716
3704
3728
3748
3668
3652
3652
3580
3696
3700
3612
3780
3612
3724
3688
3652
3692
3684
3544
3744
3580
3700
3660
3608
3676
3656
3580
3760
3580
3656
3708
3576
3716
3628
3580
3652
3560
3644
3692
3556
3736
3564
3608
3656
3640
3572
3648
3476
3720
3608
3624
3644
3576
3600
3628
3524
3676
3592
3560
3644
3564
3672
3640
3580
3612
3604
3556
3644
3516
3624
3556
3628
3588
3584
3528
3580
3544
3652
3540
3596
3540
3568
3568
3572
3556
3616
3564
3572
3580
3580
3596
3472
3636
3544
3524
3564
3548
3524
3628
3480
3620
3536
3520
3572
3524
3532
3592
3484
3580
3556
3476
3616
3468
3548
3520
3524
3560
3572
3456
3620
3384
3552
3564
3488
3544
3516
3440
3604
3420
3500
3508
3432
3588
3436
3424
3544
3488
3468
3524
3360
3568
3436
3428
3468
3448
3508
3552
3392
3572
3420
3452
3484
3428
3472
3516
3440
3528
3460
3456
3484
3396
3460
3420
3428
3456
3448
3388
3500
3424
3500
3420
3444
3444
3476
3432
3484
3432
3468
3404
3468
3448
3432
3408
3380
3444
3408
3424
3396
3428
3408
3484
3372
3484
3392
3420
3400
3444
3388
3476
3344
3532
3392
3404
3436
3376
3384
3396
3328
3448
3360
3332
3468
3324
3456
3392
3340
3420
3400
3300
3504
3304
3436
3356
3316
3412
3416
3304
3484
3296
3416
3396
3312
3412
3340
3332
3388
3320
3356
3384
3224
3428
3272
3336
3364
3304
3308
3400
3220
3448
3292
3340
3360
3316
3328
3336
3288
3340
3288
3272
3368
3288
3368
3304
3320
3324
3324
3256
3348
3268
3368
3276
3340
3292
3316
3292
3328
3272
3332
3292
3316
3284
3308
3252
3300
3324
3316
3320
3320
3240
3340
3340
3268
3344
3252
3272
3280
3336
3264
3340
3192
3368
3212
3204
3280
3216
3232
3268
3208
3356
3252
3176
3312
3180
3280
3228
3220
3260
3260
3148
3356
3140
3260
3204
3196
3312
3252
3180
3260
3116
3252
3240
3156
3296
3200
3228
3304
3152
3200
3220
3104
3276
3148
3212
3276
3192
3164
3256
3172
3332
3144
3164
3228
3240
3228
3220
3156
3232
3220
3196
3240
3128
3216
3172
3196
3156
3224
3184
3252
3116
3196
3108
3180
3136
3144
3100
3164
3176
3176
3152
3176
3164
3184
3164
3112
3168
3124
3116
3148
3140
3152
3180
3048
3164
3056
3128
3136
3132
3116
3184
3068
3236
3108
3148
3172
3116
3132
3132
3052
3180
3100
3068
3204
3020
3176
3108
3100
3184
3132
3056
3208
3004
3172
3092
3048
3160
3128
3072
3168
3024
3132
3096
3064
3188
3060
3060
3128
3028
3108
3144
3008
3204
3060
3148
3132
3064
3084
3140
3024
3172
3012
3104
3132
3092
3100
3060
3052
3164
3060
3044
3068
2964
3068
3016
3056
3068
3048
3044
3096
3040
3120
3032
3108
3012
3056
3012
3076
3040
3064
2956
3088
3036
3092
3064
3008
3092
3048
3008
3072
3044
3016
3048
2940
3104
3016
3060
3060
3064
3044
3080
2928
3108
2988
3004
3044
2968
3044
3036
2960
3068
2992
2948
3044
2924
3100
3036
2964
3056
3032
3012
3132
2868
3012
2952
2988
3044
2916
2892
3048
2896
3020
2916
2932
3068
2948
2944
3000
2968
3060
3012
2880
3048
2932
3000
3000
2916
2960
3008
2896
3036
2892
2976
3000
2984
2976
2928
2920
2984
2952
2944
3028
2944
3028
2892
2968
2976
2976
2920
2984
2912
3000
2912
3032
2916
2936
2872
2948
2936
2956
2892
2952
2900
2940
2940
2896
2972
2864
2912
2952
2924
2940
2988
2848
3020
2844
2872
2896
2856
2896
2920
2796
2984
2820
2904
2932
2856
2908
2896
2844
2956
2848
2844
2984
2796
2956
2884
2884
2944
2864
2796
2960
2756
2964
2832
2836
2936
2884
2844
2964
2804
2940
2880
2816
2972
2868
2892
2900
2824
2892
2904
2788
2972
2788
2872
2828
2832
2860
2868
2804
2956
2836
2908
2884
2844
2864
2860
2840
2876
2820
2836
2828
2788
2868
2820
2856
2796
2824
2780
2860
2824
2860
2764
2880
2796
2880
2808
2828
2812
2836
2800
2840
2780
2832
2800
2744
2880
2780
2776
2892
2772
2828
2792
2684
2820
2780
2812
2836
2816
2804
2868
2756
2884
2768
2812
2876
2744
2836
2792
2708
2836
2752
2720
2880
2704
2860
2748
2740
2832
2764
2696
2816
2664
2904
2760
2748
2852
2744
2684
2784
2692
2840
2772
2696
2800
2708
2776
2812
2700
2764
2784
2704
2872
2692
2760
2756
2748
2752
2812
2720
2864
2632
2732
2764
2776
2732
2708
2680
2788
2768
2724
2768
2700
2744
2684
2736
2716
2768
2696
2700
2668
2780
2700
2772
2644
2696
2708
2756
2692
2672
2664
2788
2668
2700
2684
2668
2764
2668
2680
2688
2688
2732
2724
2588
2812
2644
2724
2692
2680
2696
2732
2604
2796
2616
2696
2712
2636
2708
2692
2636
2764
2624
2612
2736
2600
2720
2644
2644
2708
2652
2620
2772
2580
2780
2608
2616
2696
2668
2644
2748
2560
2708
2652
2652
2748
2604
2640
2656
2612
2668
2620
2540
2716
2580
2692
2644
2616
2636
2648
2584
2732
2608
2684
2636
2612
2652
2668
2648
2648
2624
2664
2648
2636
2668
2612
2692
2628
2700
2608
2676
2620
2700
2572
2716
2588
2652
2588
2588
2640
2620
2576
2664
2560
2652
2612
2540
2672
2588
2612
2636
2568
2660
2652
2552
2676
2512
2580
2624
2592
2604
2644
2568
2736
2548
2604
2596
2516
2660
2616
2516
2636
2568
2576
2668
2484
2632
2544
2572
2648
2540
2472
2632
2464
2644
2508
2536
2628
2556
2512
2604
2504
2684
2596
2552
2640
2504
2556
2564
2540
2584
2588
2532
2612
2484
2588
2576
2552
2540
2556
2508
2620
2516
2580
2532
2568
2564
2540
2516
2592
2584
2548
2548
2508
2564
2460
2544
2472
2552
2476
2536
2516
2548
2452
2600
2456
2572
2496
2500
2536
2528
2496
2552
2428
2500
2464
2444
2572
2456
2520
2532
2508
2548
2536
2440
2640
2444
2552
2520
2508
2544
2500
2364
2584
2444
2532
2520
2436
2588
2540
2460
2592
2428
2440
2536
2384
2532
2404
2452
2516
2444
2448
2552
2376
2580
2420
2488
2528
2452
2468
2552
2460
2568
2428
2436
2552
2404
2476
2448
2424
2444
2420
2388
2532
2396
2524
2448
2460
2456
2444
2432
2540
2416
2484
2436
2492
2460
2460
2448
2484
2432
2472
2448
2436
2424
2368
2460
2404
2456
2400
2424
2416
2444
2372
2476
2332
2428
2364
2412
2472
2440
2436
2516
2396
2492
2436
2416
2540
2436
2484
2452
2404
2428
2412
2356
2500
2384
2412
2368
2408
2444
2492
2304
2508
2280
2396
2412
2324
2444
2396
2372
2496
2332
2364
2440
2332
2484
2340
2380
2436
2372
2364
2464
2292
2440
2300
2396
2456
2384
2372
2388
2328
2492
2372
2340
2380
2296
2396
2376
2372
2368
2360
2316
2444
2268
2396
2264
2368
2356
2380
2336
2436
2268
2368
2356
2452
2332
2312
2300
2320
2340
2360
2396
2384
2336
2268
2460
2376
2436
2300
2372
2388
2432
2320
2408
2284
2396
2332
2340
2360
2308
2296
2344
2276
2408
2356
2300
2388
2256
2356
2384
2300
2292
2316
2276
2488
2248
2368
2328
2324
2380
2344
2268
2416
2240
2368
2356
2284
2388
2312
2276
2372
2280
2316
2348
2192
2360
2284
2304
2348
2276
2288
2396
2216
2428
2248
2324
2348
2284
2300
2384
2264
2356
2252
2252
2328
2264
2304
2288
2268
2300
2292
2260
2332
2188
2344
2240
2272
2268
2280
2260
2308
2240
2336
2260
2284
2232
2300
2288
2284
2244
2260
2240
2308
2280
2220
2280
2232
2348
2244
2276
2296
2308
2240
2372
2204
2352
2236
2252
2304
2240
2240
2300
2228
2304
2236
2204
2308
2156
2280
2280
2260
2304
2300
2176
2376
2156
2268
2208
2208
2268
2264
2164
