29754
29816
7454

668
668
640
672
584
668
592
688
572
644
596
704
572
644
556
632
628
648
604
660
612
660
656
604
652
584
632
696
652
588
716
568
748
604
592
604
608
592
704
504
720
580
592
724
588
612
712
536
684
620
524
724
512
680
656
564
660
624
504
764
512
660
636
588
652
620
532
760
532
596
656
532
700
620
592
732
604
616
728
488
676
564
616
684
644
656
764
604
688
576
668
684
684
588
676
596
700
672
624
732
628
672
584
628
576
648
632
720
624
672
600
700
572
700
580
644
628
612
624
692
612
624
648
576
732
616
584
620
604
604
676
508
684
560
616
712
632
540
732
540
760
616
604
716
576
648
732
556
692
616
532
768
564
700
632
544
688
700
588
792
516
656
640
624
692
644
492
732
556
668
732
616
700
588
596
732
604
580
732
524
720
580
648
688
644
616
744
560
716
544
632
716
668
652
688
620
684
632
612
664
564
628
628
676
584
636
540
636
596
644
576
668
592
676
640
664
672
644
616
672
572
648
668
584
732
632
648
636
576
544
684
524
724
528
620
676
604
588
692
532
764
560
620
764
568
624
668
540
708
592
540
760
492
668
620
580
636
624
520
752
512
716
692
620
712
684
524
724
560
652
644
512
688
636
620
692
576
572
736
540
688
564
648
712
628
548
684
560
760
592
596
616
664
620
620
564
648
664
636
644
584
640
604
676
564
684
624
732
628
636
564
708
568
668
580
656
672
616
532
660
588
648
632
556
728
636
636
644
604
632
732
532
748
588
616
700
596
628
744
544
752
580
584
728
556
668
708
568
756
616
552
736
504
684
656
600
684
628
536
772
512
680
656
592
664
632
560
728
516
632
672
580
724
600
604
688
588
608
696
512
660
524
600
644
604
600
712
556
696
580
652
664
644
620
668
644
652
620
616
660
612
644
636
736
600
692
640
704
668
708
616
760
564
672
604
636
644
616
600
688
560
664
672
572
696
588
632
636
604
612
696
540
772
548
616
656
580
600
688
492
716
564
628
728
560
656
664
568
752
624
592
756
544
688
636
600
676
612
536
760
520
700
628
592
684
628
576
728
524
616
632
548
668
544
576
660
552
576
676
528
708
548
620
608
584
564
712
540
720
628
668
668
628
580
692
632
696
608
632
628
612
644
556
652
568
716
616
644
632
604
580
696
536
656
584
612
632
568
576
708
584
660
624
572
728
600
672
680
576
616
740
524
728
576
704
716
620
600
720
520
796
548
628
696
532
644
668
536
736
560
524
756
548
716
572
540
700
664
596
768
448
648
572
604
680
596
532
716
548
664
692
572
660
576
588
700
612
572
676
524
720
564
648
616
620
572
692
596
720
612
628
632
612
576
612
628
632
656
644
672
636
624
576
676
568
692
620
676
652
636
560
708
544
668
600
608
684
668
656
704
556
660
624
576
700
608
632
716
612
620
704
540
732
552
624
700
576
628
676
508
724
560
632
740
560
704
684
568
708
576
564
724
496
700
648
624
696
648
524
780
548
704
600
592
664
596
548
696
508
652
672
576
660
604
652
700
592
564
652
596
768
584
648
676
628
580
636
572
668
600
632
620
644
636
636
636
604
620
644
636
644
664
584
680
568
692
588
636
628
668
588
704
516
688
584
620
672
628
644
732
532
628
668
592
732
524
596
684
600
612
668
524
768
560
628
632
532
580
640
440
700
548
648
720
508
636
644
540
720
616
604
768
508
700
612
572
672
580
524
764
512
724
640
640
684
588
572
700
556
696
656
592
684
612
620
636
556
560
652
576
708
572
628
636
636
584
668
600
688
604
652
624
652
616
620
604
604
632
620
640
632
660
628
728
556
684
588
636
644
620
580
720
536
680
564
584
668
628
636
708
552
684
648
572
724
576
640
684
580
652
712
552
772
528
644
652
572
612
680
504
752
556
644
724
532
660
628
536
732
584
580
744
492
732
636
620
676
608
584
776
524
700
588
628
676
628
620
720
560
668
664
608
684
580
620
680
648
640
708
584
692
580
684
640
660
588
688
584
680
612
684
592
680
608
640
652
592
580
700
616
688
620
600
664
572
704
580
648
664
640
588
692
484
640
600
588
688
572
620
728
532
676
648
568
712
528
632
684
576
668
700
572
752
520
664
760
632
596
668
540
816
552
632
672
568
684
692
532
716
572
644
744
564
728
616
572
644
592
540
684
472
660
612
628
652
564
568
736
588
676
640
596
712
600
636
664
624
588
676
584
696
596
664
620
684
604
708
596
684
596
692
668
692
616
632
648
632
688
648
624
648
628
624
740
560
700
600
668
672
676
564
736
532
764
616
696
700
592
600
708
516
660
604
584
736
536
636
604
508
580
644
540
796
524
648
644
580
624
636
516
776
540
652
740
560
756
676
592
712
544
516
740
516
680
576
584
696
628
588
732
480
728
656
664
676
616
628
704
568
644
656
644
692
600
652
680
632
584
636
584
692
628
668
600
692
604
716
596
636
604
664
580
676
596
648
620
572
632
604
616
640
632
632
720
572
720
580
668
684
640
600
748
512
764
636
604
712
596
572
668
508
712
648
540
692
520
660
696
568
668
716
580
784
532
680
728
604
652
692
572
776
548
604
676
560
716
636
552
712
556
588
712
508
716
612
640
636
604
584
760
552
732
604
648
668
616
592
692
584
680
640
584
656
612
696
668
664
600
664
564
688
580
628
608
672
576
684
592
620
588
632
604
668
612
672
684
624
664
612
616
652
588
612
708
540
708
548
616
636
592
568
716
492
704
560
568
664
556
632
692
524
684
612
576
764
524
664
660
588
712
676
536
756
500
676
680
556
620
648
564
740
532
640
716
572
688
652
592
716
564
604
732
532
704
564
644
684
604
572
716
540
748
588
620
632
636
632
716
592
676
636
656
672
636
664
636
644
568
664
580
696
544
640
572
660
500
640
584
624
556
628
596
652
540
664
624
664
652
684
624
692
568
660
732
536
732
580
656
692
596
592
724
536
768
596
620
704
560
652
692
508
672
620
584
740
548
668
652
564
672
688
540
764
512
708
636
536
636
612
504
768
564
648
652
524
700
612
612
704
556
608
708
520
704
568
620
672
620
608
684
472
660
580
716
668
608
592
712
664
724
592
588
620
632
668
692
652
564
648
588
688
596
592
520
660
516
648
580
636
600
648
608
720
548
628
636
608
660
636
636
664
624
596
708
512
740
548
656
596
588
588
716
460
740
580
600
680
596
640
680
524
708
556
544
752
520
660
620
568
676
648
556
728
456
708
664
596
660
668
580
776
500
660
716
624
740
564
572
684
596
608
672
488
736
596
660
632
608
596
692
468
640
564
644
612
592
648
664
588
588
596
624
704
604
616
616
668
604
668
568
632
620
692
612
684
564
704
616
584
580
628
640
700
600
648
664
596
700
612
628
692
588
624
688
500
696
552
608
644
576
604
712
496
772
592
636
712
560
628
684
540
708
588
604
764
540
708
640
604
744
660
556
760
540
760
680
580
668
664
592
740
536
684
668
576
680
632
620
696
548
584
684
548
716
532
604
648
620
576
668
520
696
556
604
588
596
616
692
596
616
580
584
624
592
620
632
668
580
668
604
644
588
664
620
720
556
700
620
644
668
636
596
668
576
676
672
580
700
628
632
636
548
604
680
488
708
556
648
708
580
608
696
500
740
576
600
636
520
660
680
528
728
572
620
792
556
704
652
576
676
676
604
804
540
692
592
532
692
740
644
752
456
536
580
628
780
652
488
468
440
704
888
652
644
360
468
620
772
816
768
456
512
460
688
732
704
596
616
580
672
664
652
604
580
628
664
728
596
640
536
612
612
692
644
732
520
612
540
616
728
688
620
632
480
656
680
572
680
548
600
704
588
696
716
464
740
536
692
656
612
628
748
520
724
524
604
724
544
664
716
532
760
584
576
708
520
684
628
600
684
612
544
752
504
692
612
588
676
632
596
736
516
676
644
576
684
644
628
672
544
596
676
516
700
572
668
664
656
588
712
556
700
560
668
600
636
640
728
684
680
604
604
612
652
636
608
652
584
684
620
588
588
616
576
700
536
696
608
624
592
564
572
680
532
616
648
592
732
588
648
636
600
660
740
488
728
508
656
640
592
632
724
504
804
584
684
732
592
692
660
524
708
576
624
752
492
676
612
584
668
592
548
696
404
672
656
620
624
580
540
724
508
632
604
552
736
648
588
652
600
680
724
540
672
580
700
624
612
604
680
572
668
568
672
628
652
596
660
652
616
596
624
628
644
608
568
648
520
652
580
628
588
628
592
716
500
668
576
644
676
604
608
676
508
688
648
592
704
588
656
720
552
664
692
524
732
540
656
680
580
660
736
532
748
552
636
688
548
696
676
524
708
544
596
724
500
684
620
556
668
624
620
732
484
648
552
580
616
600
572
712
536
676
616
576
648
672
640
664
548
620
696
572
664
564
688
668
636
600
708
576
660
572
704
660
692
616
664
632
668
640
604
588
632
620
608
620
524
960
1548
2356
3156
3876
4532
5340
5840
6704
7156
7556
7820
7876
7932
8052
7924
8132
8064
8060
8208
8076
8148
8196
8092
8180
8192
8044
8280
8036
8168
8156
8048
8164
8168
7968
8208
7944
8080
8104
7932
8056
7984
7888
8096
7908
7996
8080
7856
8060
7916
7888
7976
7900
7888
8028
7796
7996
7856
7868
7964
7892
7824
7932
7772
7924
7840
7800
7884
7792
7832
7888
7808
7864
7884
7768
7920
7808
7856
7764
7804
7796
7868
7744
7868
7736
7840
7748
7824
7756
7824
7772
7776
7824
7816
7744
7764
7704
7712
7788
7676
7820
7680
7708
7744
7748
7684
7772
7544
7772
7676
7704
7744
7644
7668
7756
7608
7748
7664
7620
7752
7636
7664
7660
7596
7644
7732
7564
7816
7524
7684
7564
7604
7576
7732
7428
7736
7472
7632
7644
7472
7656
7632
7512
7668
7476
7552
7620
7440
7660
7568
7520
7608
7544
7492
7652
7432
7652
7452
7504
7552
7516
7468
7552
7400
7580
7532
7512
7576
7492
7484
7464
7428
7476
7552
7404
7472
7404
7540
7448
7488
7392
7480
7380
7504
7448
7516
7420
7496
7388
7444
7424
7392
7412
7348
7348
7456
7396
7376
7440
7300
7480
7372
7388
7384
7332
7380
7484
7288
7448
7256
7260
7364
7308
7356
7384
7232
7388
7348
7300
7428
7244
7344
7316
7276
7400
7380
7172
7388
7148
7324
7308
7232
7324
7320
7176
7388
7164
7288
7268
7108
7260
7244
7152
7348
7156
7240
7292
7024
7276
7200
7216
7260
7152
7200
7352
7128
7296
7124
7176
7196
7168
7124
7212
7076
7228
7160
7100
7168
7152
7164
7152
7088
7132
7196
7088
7136
7056
7188
7140
7172
7088
7192
7064
7140
7056
7156
7036
7128
7080
7116
7088
7084
7132
7068
7020
7096
7056
7036
7068
6908
7116
7008
7028
7056
6984
6984
7096
6876
7132
6988
7028
7060
6960
6984
7080
6912
7076
6992
6940
7076
6908
7036
7004
6904
6968
7000
6812
7064
6820
7044
6976
6916
6960
6984
6816
7084
6840
6996
6988
6856
6968
6936
6856
6996
6816
6896
6956
6760
6992
6844
6884
6924
6856
6852
6920
6724
6932
6812
6876
6876
6876
6864
6908
6772
6884
6844
6796
6848
6828
6844
6892
6824
6812
6848
6740
6880
6780
6820
6732
6816
6800
6908
6736
6760
6716
6836
6756
6788
6700
6800
6796
6764
6788
6764
6736
6748
6644
6728
6844
6684
6836
6664
6712
6764
6700
6696
6788
6584
6820
6660
6676
6716
6636
6692
6752
6548
6752
6680
6652
6780
6580
6724
6696
6572
6652
6660
6560
6764
6508
6692
6664
6596
6668
6684
6512
6768
6524
6708
6668
6568
6684
6636
6548
6704
6556
6636
6676
6480
6680
6564
6580
6616
6524
6544
6652
6428
6632
6520
6572
6548
6520
6548
6604
6508
6612
6560
6532
6560
6524
6532
6508
6492
6476
6548
6460
6552
6488
6580
6492
6548
6448
6572
6460
6508
6452
6508
6436
6536
6396
6468
6444
6412
6496
6448
6436
6508
6452
6492
6544
6348
6532
6412
6448
6460
6396
6396
6500
6300
6540
6348
6380
6448
6352
6400
6460
6284
6488
6376
6344
6484
6292
6412
6396
6284
6384
6392
6256
6492
6164
6440
6348
6320
6312
6328
6200
6524
6288
6416
6364
6232
6380
6312
6216
6364
6232
6344
6376
6204
6392
6264
6316
6352
6268
6268
6332
6172
6356
6228
6288
6276
6272
6244
6296
6184
6268
6248
6244
6240
6240
6276
6248
6212
6196
6276
6204
6256
6164
6244
6244
6308
6144
6240
6140
6252
6172
6236
6152
6236
6108
6236
6184
6116
6220
6140
6108
6200
6124
6152
6196
6016
6248
6140
6152
6128
6076
6132
6256
6024
6252
6048
6120
6192
6104
6160
6144
5988
6208
6072
6072
6172
5944
6132
6120
6032
6124
6092
5976
6156
5924
6152
6088
6028
6124
6092
6040
6212
5948
6116
6064
5884
6120
6032
6016
6136
5976
6052
6112
5900
6048
5908
6032
6100
6036
5972
6080
5932
6104
5924
5988
5960
5984
5952
5988
5908
6028
5980
5928
5916
5932
6012
6000
5980
5928
6020
5932
5988
5936
5988
5928
6000
5852
5992
5896
5936
5892
5904
5860
5992
5844
5908
5880
5844
5924
5940
5900
5912
5824
5920
6000
5780
5948
5836
5880
5888
5832
5896
5936
5680
5952
5768
5864
5904
5800
5868
5916
5772
5932
5784
5828
5940
5736
5876
5824
5740
5872
5856
5764
5912
5660
5856
5788
5724
5860
5828
5736
5920
5656
5840
5820
5772
5848
5792
5748
5876
5680
5796
5824
5656
5844
5676
5756
5740
5700
5704
5788
5652
5800
5704
5748
5692
5732
5684
5728
5672
5736
5700
5696
5700
5692
5680
5692
5696
5640
5696
5624
5660
5644
5708
5668
5740
5640
5724
5644
5680
5688
5688
5580
5720
5596
5716
5644
5580
5692
5644
5588
5656
5560
5648
5700
5516
5708
5580
5648
5656
5544
5620
5660
5492
5728
5524
5612
5644
5524
5572
5588
5452
5708
5544
5576
5636
5456
5624
5580
5520
5640
5588
5516
5668
5416
5628
5564
5500
5592
5568
5492
5684
5420
5596
5560
5472
5600
5472
5500
5596
5464
5556
5600
5428
5644
5452
5508
5476
5480
5520
5560
5404
5556
5468
5532
5468
5464
5452
5500
5436
5512
5460
5460
5452
5496
5452
5436
5464
5436
5516
5392
5448
5424
5476
5444
5524
5360
5488
5372
5424
5452
5464
5376
5428
5288
5460
5436
5388
5460
5380
5380
5428
5340
5452
5468
5324
5512
5316
5380
5396
5292
5372
5416
5256
5528
5276
5372
5408
5312
5388
5380
5244
5484
5312
5340
5404
5224
5400
5332
5272
5404
5336
5256
5444
5184
5428
5352
5268
5336
5288
5176
5412
5148
5324
5340
5244
5380
5220
5240
5292
5220
5292
5268
5148
5348
5244
5284
5248
5228
5208
5308
5164
5296
5188
5300
5216
5244
5212
5236
5192
5200
5188
5216
5196
5212
5172
5180
5188
5136
5236
5152
5204
5208
5208
5144
5220
5128
5264
5120
5156
5220
5160
5100
5224
5120
5248
5216
5076
5212
5108
5204
5196
5108
5164
5216
5040
5296
5100
5176
5156
5052
5136
5204
5008
5268
4992
5116
5160
5056
5160
5140
4980
5232
5084
5096
5136
4964
5168
5112
5076
5196
5104
5040
5176
4968
5204
5044
4976
5112
5104
5020
5148
4924
5132
5068
5000
5060
4976
5036
5108
4940
5020
5060
4988
5124
4964
5036
5028
5052
5040
5036
4896
5080
4980
5040
4976
5040
4996
5036
4940
5004
5020
5020
4956
4972
4956
5004
5024
4896
5000
4896
4944
4996
5016
4956
5052
4848
5048
4932
4988
5008
4956
4932
5060
4908
5048
4964
4896
5004
4928
4932
4972
4864
4940
5004
4844
5064
4824
4952
4972
4860
4936
4976
4800
5036
4824
4948
4976
4844
4952
4908
4820
4952
4844
4860
4992
4800
4980
4888
4852
4928
4860
4816
4932
4704
4912
4852
4828
4896
4856
4820
4964
4732
4884
4800
4784
4860
4840
4800
4856
4752
4852
4844
4756
4860
4760
4860
4804
4820
4812
4856
4728
4884
4772
4872
4724
4852
4756
4856
4732
4780
4764
4796
4776
4816
4788
4776
4788
4684
4852
4748
4768
4752
4732
4708
4816
4660
4844
4680
4716
4780
4764
4712
4824
4652
4836
4724
4668
4792
4672
4708
4756
4684
4768
4720
4580
4852
4632
4736
4708
4624
4756
4800
4576
4808
4588
4732
4740
4596
4752
4756
4624
4788
4616
4680
4760
4564
4736
4640
4624
4720
4616
4588
4728
4540
4752
4584
4616
4732
4700
4588
4676
4528
4704
4612
4596
4696
4676
4636
4668
4564
4624
4668
4588
4696
4584
4632
4600
4612
4572
4616
4536
4644
4580
4676
4576
4628
4524
4600
4556
4580
4588
4576
4528
4612
4572
4580
4600
4472
4584
4508
4576
4600
4572
4524
4600
4444
4652
4504
4528
4572
4524
4528
4592
4444
4612
4508
4476
4636
4508
4524
4580
4460
4568
4556
4408
4668
4436
4540
4544
4424
4496
4532
4364
4628
4384
4492
4484
4376
4540
4500
4368
4580
4428
4480
4540
4384
4548
4440
4388
4492
4472
4396
4568
4356
4556
4408
4444
4496
4472
4400
4444
4368
4520
4476
4440
4500
4364
4488
4436
4472
4424
4460
4364
4488
4384
4424
4380
4448
4440
4484
4348
4444
4356
4436
4328
4468
4356
4444
4364
4388
4408
4388
4316
4372
4348
4392
4436
4300
4436
4340
4360
4392
4356
4336
4420
4240
4452
4340
4292
4352
4264
4312
4396
4288
4424
4372
4220
4420
4288
4380
4368
4300
4364
4372
4192
4448
4172
4304
4332
4252
4348
4360
4180
4440
4184
4324
4356
4272
4396
4284
4164
4392
4228
4336
4348
4156
4392
4260
4216
4320
4212
4168
4292
4144
4388
4252
4200
4240
4268
4288
4396
4172
4292
4216
4264
4336
4228
4184
4252
4216
4268
4248
4164
4284
4204
4236
4168
4260
4224
4300
4180
4284
4216
4296
4164
4268
4180
4256
4204
4220
4232
4236
4208
4244
4172
4168
4228
4132
4280
4128
4152
4208
4188
4152
4232
4088
4304
4168
4184
4232
4172
4152
4212
4080
4280
4132
4096
4252
4108
4160
4196
4064
4192
4152
4028
4304
4084
4188
4156
4072
4156
4152
4028
4252
4008
4172
4164
4040
4148
4096
4024
4176
4032
4092
4148
3980
4164
4060
4056
4148
4136
4072
4148
3972
4172
4060
4108
4072
4048
3996
4116
3992
4116
4048
4024
4084
4080
4084
4108
4024
4056
4084
4028
4144
4060
4104
4032
4072
3988
4076
3980
4076
3992
4064
3964
4100
3980
4020
4044
4028
4044
4028
3976
4064
4000
4032
4072
3912
4100
3960
3980
4024
3980
3964
4076
3884
4152
3916
3956
4044
4016
4020
4060
3864
4076
3980
3968
4104
3932
4032
4044
3908
4036
3996
3888
4080
3844
4000
3972
3900
3972
3996
3856
4108
3832
3940
3928
3888
3988
3900
3824
4028
3864
3960
3940
3796
4004
3872
3904
3960
3952
3916
4044
3840
3992
3868
3932
3952
3916
3864
4004
3876
3988
3876
3872
3944
3936
3888
3904
3904
3944
3960
3832
3916
3860
3948
3836
3912
3852
3948
3848
3884
3840
3892
3832
3928
3820
3920
3872
3868
3924
3860
3824
3920
3820
3848
3900
3764
3964
3792
3824
3896
3844
3824
3916
3708
3972
3768
3836
3876
3796
3812
3900
3748
3944
3800
3804
3912
3780
3888
3884
3780
3900
3836
3724
3932
3700
3860
3836
3764
3888
3852
3732
3960
3676
3820
3800
3712
3868
3784
3708
3868
3716
3796
3816
3692
3856
3736
3756
3792
3764
3708
3812
3672
3844
3676
3740
3716
3740
3724
3816
3692
3788
3748
3656
3804
3736
3788
3748
3760
3676
3828
3712
3792
3756
3768
3688
3772
3668
3748
3676
3760
3716
3760
3640
3772
3648
3768
3716
3684
3768
3692
3664
3780
3668
3684
3704
3600
3804
3672
3648
3724
3676
3720
3768
3616
3836
3640
3656
3740
3616
3700
3696
3584
3736
3624
3652
3748
3560
3740
3700
3600
3704
3628
3596
3800
3576
3732
3640
3560
3684
3644
3516
3776
3524
3756
3672
3604
3744
3592
3496
3724
3616
3668
3620
3516
3708
3596
3616
3592
3580
3648
3768
3532
3684
3548
3636
3612
3592
3544
3664
3560
3628
3576
3604
3660
3592
3572
3572
3604
3604
3624
3520
3592
3556
3624
3568
3660
3548
3648
3532
3584
3572
3608
3480
3600
3484
3624
3580
3532
3596
3532
3508
3620
3500
3540
3604
3476
3652
3484
3512
3584
3528
3556
3624
3428
3680
3476
3536
3604
3496
3548
3592
3456
3628
3460
3508
3640
3472
3576
3508
3440
3564
3500
3408
3640
3384
3572
3512
3480
3576
3536
3400
3628
3380
3492
3448
3428
3572
3500
3420
3588
3428
3492
3536
3432
3580
3388
3448
3492
3492
3496
3540
3396
3572
3444
3492
3456
3484
3408
3496
3380
3456
3424
3436
3464
3468
3420
3456
3448
3420
3444
3364
3448
3436
3452
3400
3504
3400
3472
3384
3392
3420
3432
3380
3500
3356
3452
3420
3380
3464
3364
3364
3464
3388
3444
3496
3368
3552
3356
3412
3444
3340
3392
3472
3300
3536
3348
3408
3468
3332
3384
3412
3292
3480
3332
3352
3476
3336
3420
3392
3260
3432
3344
3292
3492
3228
3436
3368
3300
3380
3336
3260
3464
3248
3384
3340
3316
3440
3352
3296
3400
3284
3356
3356
3252
3452
