11819
11840
2960

652
652
744
668
740
732
648
788
680
720
692
700
612
704
672
772
620
688
672
768
680
724
636
624
660
700
672
696
684
588
764
648
808
632
652
624
724
672
780
616
764
672
708
748
684
576
744
592
740
668
616
772
640
704
776
644
700
732
588
876
668
740
768
688
744
808
604
820
624
692
816
636
744
712
608
804
688
664
764
612
820
772
588
576
476
584
1044
920
928
500
232
400
708
980
1284
864
556
212
284
752
948
964
848
608
576
676
596
696
580
688
772
856
768
772
520
576
504
668
788
892
784
724
604
656
684
660
636
716
772
760
800
700
732
532
568
652
736
724
908
676
732
576
612
740
728
760
880
696
740
584
504
712
640
772
868
752
768
620
464
704
536
756
856
752
724
716
540
804
608
668
744
652
828
772
596
796
664
632
760
600
788
724
656
764
700
612
768
528
732
664
720
796
696
628
776
600
760
668
648
768
692
680
700
636
692
732
636
752
620
700
656
720
636
752
628
744
620
676
616
692
608
692
668
712
696
724
740
740
696
648
732
624
760
676
732
752
724
648
772
572
748
612
636
704
644
660
780
608
740
688
632
820
644
672
728
640
764
732
572
832
616
752
748
624
716
736
612
856
628
708
752
624
696
676
632
820
708
700
840
612
772
704
664
764
680
604
812
560
756
652
676
748
724
652
788
620
740
676
668
740
644
668
744
680
692
716
604
752
652
724
688
732
684
768
652
740
668
692
676
732
660
740
712
688
712
700
696
784
732
700
768
652
772
668
704
732
732
636
780
600
796
712
756
796
640
608
748
596
744
656
620
828
632
708
712
604
708
692
572
816
568
724
716
660
744
732
600
832
620
688
744
652
752
716
636
788
668
700
816
612
768
644
660
764
684
608
764
564
780
656
684
756
728
676
756
612
708
676
680
756
648
648
720
684
712
676
636
764
676
716
672
728
640
748
704
760
692
700
640
760
712
740
668
696
724
660
716
656
692
656
756
568
700
548
740
728
724
616
764
552
724
648
668
756
680
644
744
620
812
708
600
768
600
732
732
600
724
692
588
824
604
700
720
596
696
712
608
848
588
700
716
616
748
684
588
776
668
688
780
552
772
684
668
756
676
584
812
636
824
636
668
732
744
684
740
600
748
728
668
668
632
700
716
676
672
724
692
768
652
700
676
752
628
724
656
784
720
692
636
732
668
752
668
660
720
708
644
720
684
712
752
628
728
652
680
704
636
628
792
600
780
652
704
768
652
684
768
620
808
684
672
848
632
712
736
616
740
692
600
840
580
736
696
648
756
720
604
804
584
732
756
596
700
664
656
764
600
656
804
688
800
648
652
740
688
660
752
576
792
660
712
708
704
676
740
608
768
680
696
716
668
700
728
704
664
668
620
744
620
724
612
796
636
732
652
720
676
696
656
796
696
748
688
660
712
684
668
732
668
668
720
612
796
668
704
736
684
656
768
572
788
640
696
760
672
652
748
596
812
668
648
804
624
708
716
628
744
688
568
816
568
740
736
680
788
748
624
840
608
744
748
656
748
704
636
796
644
676
752
592
756
660
680
748
684
632
732
540
712
592
688
712
676
660
784
680
760
668
704
720
696
672
704
732
728
736
672
724
680
728
636
768
656
768
684
748
704
704
680
776
632
736
700
668
740
700
680
740
668
672
736
620
764
612
712
748
668
660
752
572
804
620
708
764
636
668
768
596
804
680
652
792
600
760
732
656
768
704
636
848
604
764
684
628
716
676
620
832
584
740
728
656
772
712
608
768
616
676
756
592
748
632
636
728
668
648
756
596
792
652
680
660
636
636
744
644
756
644
700
720
724
708
680
736
740
764
704
756
700
752
676
768
628
748
668
704
696
696
636
752
608
736
684
644
716
708
704
716
652
684
824
576
840
564
712
692
644
604
796
652
844
648
644
764
580
692
720
652
828
652
596
784
584
732
712
600
728
684
608
812
568
768
696
668
720
696
616
780
560
728
720
668
772
668
676
780
604
608
728
624
756
608
700
752
716
660
740
564
828
688
764
684
708
676
744
632
732
676
760
768
664
672
708
704
648
692
700
744
680
688
644
764
632
768
644
708
712
708
644
748
588
740
696
668
740
652
712
780
660
716
732
564
752
632
712
732
664
692
760
616
804
580
660
748
604
692
768
648
832
636
640
812
632
756
704
632
760
672
612
816
540
772
652
660
740
700
632
812
592
752
672
640
700
672
644
784
656
720
752
612
744
664
720
748
628
628
764
604
760
584
740
736
716
616
708
676
772
664
692
696
716
680
660
728
680
740
712
764
700
728
668
772
576
728
684
732
696
676
676
796
628
760
652
644
708
644
692
768
664
708
724
620
788
620
696
692
632
692
784
604
808
592
700
760
620
640
716
552
792
648
696
772
568
724
712
628
768
704
652
844
624
792
692
648
704
684
656
852
636
768
716
688
752
668
640
756
648
716
760
604
764
624
692
724
676
668
752
620
744
632
712
668
696
664
748
680
716
664
696
680
664
684
692
716
640
724
692
732
680
684
636
780
620
764
660
696
724
712
684
792
608
760
668
652
744
624
680
756
604
720
720
608
800
604
712
748
632
680
720
588
824
596
684
728
584
716
752
600
764
620
704
836
620
732
712
660
816
692
644
792
568
796
668
680
748
692
644
836
612
780
680
656
744
724
736
812
668
692
716
632
768
640
716
724
708
684
780
660
768
656
756
676
676
620
696
668
732
652
704
700
712
696
688
732
668
756
704
728
736
704
660
772
628
784
692
716
748
668
620
764
572
704
676
668
756
648
696
756
604
696
716
568
764
604
728
764
676
684
740
556
764
680
712
796
568
756
732
624
812
604
676
788
696
832
716
608
712
644
672
860
588
768
656
664
796
684
612
764
528
720
716
736
732
628
648
788
676
732
688
644
816
692
708
680
680
668
764
572
748
612
752
664
692
644
764
676
712
636
708
688
708
676
672
764
664
720
620
688
716
692
656
748
588
740
656
688
700
656
660
776
616
784
704
684
756
624
712
800
652
764
724
624
808
624
756
760
668
740
760
564
804
576
708
744
624
732
740
580
812
644
676
772
612
772
688
664
780
680
664
776
572
768
644
700
748
712
688
828
608
748
676
684
752
688
684
740
632
712
716
668
728
636
732
740
740
672
736
644
732
640
732
628
664
612
748
684
688
664
764
724
708
676
692
780
680
716
672
704
748
708
668
788
604
780
676
716
740
672
644
764
592
764
664
652
732
616
736
780
588
704
688
628
824
596
748
768
688
740
732
576
812
568
732
744
640
748
740
632
804
604
664
764
580
732
652
668
792
688
708
832
592
772
636
660
704
668
644
784
612
772
652
688
708
692
736
780
676
724
700
664
748
664
704
664
692
636
736
644
720
640
724
680
760
664
752
688
716
684
708
692
724
656
696
716
604
728
652
696
728
700
744
836
592
776
644
716
728
652
672
764
600
756
628
636
768
632
740
756
628
764
724
676
828
580
724
740
604
692
692
596
852
612
748
724
632
732
712
644
804
608
740
780
636
788
684
664
752
656
680
800
572
792
656
692
732
644
684
764
608
780
684
688
716
660
676
688
636
680
688
668
752
664
720
680
700
660
708
636
752
676
728
672
728
648
760
680
696
676
712
716
744
676
716
756
644
740
668
696
732
672
696
800
580
764
624
676
708
624
644
752
588
768
616
668
776
604
684
716
600
736
704
620
816
524
744
748
700
784
644
640
836
592
780
764
580
836
728
692
772
612
684
764
620
796
724
664
764
636
684
824
524
732
620
752
752
672
656
756
644
776
632
644
696
700
660
700
676
696
668
664
724
708
760
640
716
608
760
640
708
616
716
652
768
620
728
652
676
632
680
684
784
644
716
756
668
756
660
708
720
668
700
764
576
792
636
696
736
632
656
756
568
780
640
640
712
572
720
764
636
760
696
636
800
564
732
684
644
744
756
648
848
576
748
696
660
736
700
636
824
652
740
712
612
752
668
684
772
668
692
768
612
796
624
672
700
696
716
824
624
760
656
724
724
664
684
720
664
684
680
632
660
588
680
672
756
656
780
672
764
676
732
684
768
616
744
664
676
696
680
656
744
660
716
760
624
748
672
712
696
624
668
776
572
768
604
724
804
680
672
748
572
808
644
652
784
652
748
728
580
752
648
620
776
564
776
740
632
676
692
656
824
560
732
740
676
740
712
648
808
588
696
716
600
752
656
680
764
688
692
764
588
744
648
744
716
684
652
760
640
764
660
732
692
696
684
744
724
688
676
664
716
700
736
708
736
636
724
652
708
676
728
652
776
636
764
676
684
704
720
704
768
656
736
744
632
764
640
700
752
660
696
784
588
832
620
708
728
608
668
752
560
772
636
684
772
596
756
716
592
768
668
664
804
556
752
712
704
748
704
580
824
556
760
696
600
732
692
676
836
624
740
716
612
788
684
684
744
620
664
764
620
788
628
716
712
696
660
732
600
748
628
692
668
660
680
748
672
744
1052
1396
1772
2060
2412
2632
3008
3132
3364
3364
3456
3452
3496
3484
3612
3472
3644
3572
3620
3660
3652
3636
3708
3624
3664
3680
3600
3764
3584
3652
3676
3612
3644
3692
3552
3736
3536
3604
3652
3548
3600
3648
3488
3708
3552
3572
3636
3476
3644
3592
3476
3660
3520
3524
3660
3464
3656
3540
3480
3568
3568
3468
3652
3516
3588
3588
3480
3664
3580
3524
3624
3484
3636
3624
3460
3576
3532
3596
3600
3464
3580
3676
3480
3620
3440
3608
3604
3552
3436
3556
3504
3636
3456
3460
3460
3544
3516
3512
3476
3480
3508
3488
3492
3540
3544
3480
3492
3372
3548
3480
3544
3512
3520
3480
3608
3456
3572
3476
3464
3520
3480
3500
3548
3420
3532
3520
3400
3552
3372
3444
3456
3412
3504
3528
3360
3564
3380
3480
3500
3372
3456
3500
3328
3580
3384
3480
3548
3400
3528
3476
3348
3524
3380
3428
3532
3300
3524
3428
3400
3444
3392
3368
3520
3296
3496
3380
3324
3444
3440
3396
3496
3304
3480
3448
3380
3492
3388
3416
3432
3372
3396
3452
3320
3468
3348
3460
3396
3384
3360
3404
3280
3408
3356
3440
3376
3408
3380
3404
3400
3372
3388
3348
3344
3320
3368
3380
3440
3272
3412
3300
3364
3344
3360
3336
3408
3256
3420
3352
3348
3364
3328
3332
3392
3272
3380
3364
3304
3408
3280
3372
3392
3268
3344
3372
3212
3452
3256
3364
3360
3260
3320
3360
3176
3404
3216
3388
3424
3224
3340
3308
3268
3412
3292
3284
3392
3172
3364
3232
3268
3344
3292
3224
3372
3196
3412
3276
3236
3324
3316
3284
3352
3188
3344
3320
3276
3384
3276
3304
3308
3236
3264
3324
3200
3332
3212
3308
3212
3260
3228
3296
3228
3292
3224
3280
3228
3276
3268
3300
3280
3256
3272
3240
3236
3240
3220
3228
3300
3148
3316
3204
3228
3228
3220
3216
3304
3132
3320
3204
3232
3268
3200
3220
3284
3148
3276
3232
3140
3292
3108
3212
3220
3140
3256
3252
3088
3292
3064
3208
3212
3108
3196
3212
3076
3316
3096
3216
3244
3072
3228
3184
3124
3252
3132
3196
3248
3048
3276
3140
3132
3216
3164
3144
3284
3068
3280
3192
3144
3196
3136
3140
3228
3088
3232
3196
3112
3200
3100
3140
3180
3128
3116
3192
3096
3220
3092
3208
3124
3132
3108
3176
3100
3156
3068
3108
3052
3120
3088
3128
3120
3092
3164
3132
3108
3108
3112
3108
3124
2972
3156
3076
3120
3112
3108
3124
3184
3044
3212
3092
3108
3160
3068
3132
3172
3044
3188
3140
3084
3148
3016
3052
3112
2984
3116
3092
2952
3144
2964
3076
3100
3024
3112
3104
2940
3160
2912
3068
3092
2984
3116
3060
2992
3100
2980
3028
3128
2960
3160
3072
3060
3084
3044
3020
3164
2956
3172
3068
2996
3008
3116
3112
3060
2908
3052
3068
3112
3088
3032
3004
3140
3100
3032
3056
2964
3148
3004
3088
2972
3020
2940
2980
2928
3040
3012
3084
2940
3020
2992
3064
3000
2920
3020
3040
3028
2980
2920
2928
3080
2944
3080
2900
2972
3012
2980
3020
3116
2944
3124
2964
2984
3040
2956
3012
3024
2900
3040
2964
2920
3056
2864
3004
2964
2884
2960
2940
2820
3060
2836
3036
2960
2876
2972
3000
2836
3068
2800
2996
2980
2856
2972
2916
2848
2992
2852
2948
3036
2788
2976
2872
2900
2968
2920
2924
3044
2824
3020
2884
2896
2908
2888
2876
3000
2860
2924
2900
2884
2972
2896
2948
2932
2856
2860
2936
2884
2932
2844
2984
2896
2940
2840
2920
2828
2876
2856
2964
2892
2940
2840
2928
2884
2812
2884
2868
2876
2944
2900
2892
2932
2804
2976
2836
2880
2888
2860
2884
2956
2740
2956
2812
2852
2896
2792
2896
2900
2760
2900
2844
2824
2972
2776
2900
2872
2824
2916
2880
2752
2944
2716
2888
2852
2784
2860
2884
2736
2932
2744
2872
2884
2748
2936
2856
2812
2920
2756
2848
2908
2712
2940
2824
2824
2848
2808
2852
2924
2716
2852
2772
2804
2840
2820
2776
2840
2772
2848
2796
2724
2804
2772
2820
2768
2764
2780
2856
2780
2844
2780
2836
2764
2812
2716
2860
2784
2820
2784
2832
2784
2836
2752
2816
2820
2768
2812
2776
2764
2836
2788
2816
2852
2680
2876
2712
2772
2776
2728
2756
2876
2676
2872
2676
2740
2792
2684
2784
2824
2672
2852
2788
2732
2860
2660
2828
2784
2692
2820
2788
2688
2868
2620
2860
2824
2744
2772
2764
2648
2872
2612
2812
2764
2628
2804
2704
2684
2756
2644
2700
2780
2600
2812
2676
2708
2692
2652
2704
2804
2624
2796
2680
2716
2712
2684
2692
2772
2664
2736
2704
2652
2700
2664
2720
2692
2704
2676
2748
2636
2728
2672
2756
2652
2684
2616
2732
2636
2724
2696
2736
2676
2724
2624
2700
2704
2640
2740
2700
2704
2716
2644
2684
2740
2596
2776
2588
2668
2708
2624
2668
2724
2532
2744
2568
2668
2728
2636
2712
2764
2560
2760
2612
2624
2748
2568
2744
2668
2588
2708
2668
2516
2768
2500
2728
2616
2584
2676
2676
2560
2700
2496
2664
2660
2556
2692
2608
2580
2672
2560
2608
2712
2512
2716
2608
2616
2588
2580
2596
2632
2472
2700
2632
2640
2556
2556
2548
2764
2544
2636
2604
2704
2676
2552
2492
2676
2624
2608
2600
2484
2616
2600
2664
2520
2620
2568
2676
2544
2552
2572
2612
2548
2584
2544
2628
2620
2500
2604
2540
2568
2616
2516
2552
2620
2472
2684
2492
2572
2584
2512
2556
2652
2432
2680
2488
2540
2604
2488
2572
2600
2452
2632
2572
2524
2632
2416
2572
2556
2484
2604
2556
2428
2636
2396
2608
2516
2440
2568
2548
2444
2648
2416
2576
2564
2488
2648
2536
2488
2564
2440
2544
2620
2456
2616
2472
2540
2572
2540
2508
2572
2408
2608
2492
2540
2508
2532
2536
2548
2484
2548
2520
2488
2552
2476
2536
2536
2540
2452
2508
2448
2540
2464
2524
2456
2556
2440
2564
2464
2520
2520
2508
2432
2540
2440
2544
2532
2480
2580
2476
2480
2520
2408
2432
2508
2336
2564
2412
2500
2520
2420
2492
2556
2392
2612
2416
2472
2560
2428
2564
2532
2404
2556
2452
2428
2556
2348
2516
2440
2404
2496
2480
2408
2596
2320
2484
2424
2392
2516
2500
2404
2568
2368
2544
2512
2356
2460
2408
2452
2520
2376
2400
2448
2332
2528
2380
2444
2416
2432
2404
2476
2352
2512
2404
2444
2396
2416
2436
2444
2380
2404
2440
2436
2436
2404
2448
2420
2492
2420
2488
2372
2472
2416
2456
2308
2436
2316
2504
2392
2380
2412
2436
2356
2452
2288
2416
2404
2316
2480
2408
2428
2436
2332
2420
2464
2276
2480
2260
2360
2396
2340
2432
2448
2248
2496
2356
2420
2456
2316
2424
2440
2280
2500
2320
2352
2488
2276
2448
2372
2300
2412
2392
2304
2500
2236
2452
2344
2324
2412
2368
2320
2452
2264
2396
2416
2300
2452
2320
2316
2424
2316
2364
2364
2236
2428
2292
2384
2352
2320
2312
2380
2288
2384
2280
2312
2348
2348
2380
2396
2316
2340
2352
2348
2332
2344
2340
2288
2320
2280
2396
2324
2332
2324
2392
2304
2404
2244
2396
2312
2332
2344
2308
2276
2360
2236
2328
2296
2216
2368
2272
2300
2348
2268
2332
2356
2184
2444
2252
2352
2356
2244
2320
2356
2172
2416
2216
2300
2364
2256
2380
2324
2248
2380
2284
2244
2408
2196
2416
2316
2272
2340
2308
2212
2396
2168
2376
2264
2204
2332
2304
2252
2388
2212
2300
2340
2220
2392
2280
2284
2272
2252
2352
2360
2176
2348
2236
2336
2280
2248
2236
2308
2216
2304
2192
2268
2240
2268
2236
2280
2272
2300
2304
2256
2204
2312
2224
2264
2288
2196
2260
2212
2244
2276
2292
2200
2292
2168
2308
2276
2244
2316
2248
2240
2308
2180
2288
2252
2152
2352
2232
2268
2276
2168
2276
2292
2156
2372
2136
2228
2248
2172
2240
2276
2068
2324
2164
2264
2292
2140
2260
2252
2160
2332
2188
2184
2268
2084
2284
2220
2172
2264
2176
2164
2328
2108
2280
2176
2152
2256
2200
2156
2300
2112
2252
2208
2132
2288
2124
2164
2232
2140
2208
2240
2132
2300
2164
2228
2180
2184
2192
2264
2140
2272
2148
2228
2188
2232
2188
2204
2160
2156
2200
2168
2180
2184
2188
2196
2256
2128
2228
2136
2144
2156
2196
2144
2240
2100
2240
2172
2152
2204
2196
2156
2224
2112
2256
2208
2072
2244
2120
2180
2232
2148
2208
2196
2040
2264
2068
2200
2176
2076
2192
2200
2060
2304
2052
2152
2172
2072
2220
2152
2040
2228
2116
2092
2236
2012
2240
2100
2128
2184
2128
2044
2244
2024
2216
2076
2076
2184
2196
2160
2248
2048
2212
2156
2076
2184
2076
2092
2164
2108
2144
2160
2040
2180
2076
2156
2088
2128
2088
2164
2060
2184
2092
2136
2096
2140
2124
2132
2080
2068
2128
2104
2096
2104
2128
2092
2156
2000
2192
2040
2080
2068
2108
2136
2212
2000
2176
2084
2108
2172
2108
2072
2176
2032
2168
2104
2036
2200
2060
2088
2084
2012
2152
2156
1944
2204
1988
2140
2128
2020
2084
2116
1944
2188
1984
2100
2148
1980
2124
2060
1972
2124
2032
2048
2164
1960
2140
2048
2044
2152
2052
2020
2168
1960
2164
2040
2036
2104
2084
2064
2140
1956
2084
2044
1992
2124
2044
2072
2076
2044
2064
2096
1968
2076
1996
2104
2048
2056
2052
2092
1992
2084
2020
2072
1984
2052
2008
2060
2060
2040
2088
2040
2020
2064
2008
2024
2084
2004
2136
2008
2060
2028
2020
1980
2088
1948
2124
2028
2024
2084
2036
2036
2104
1968
2116
2072
1988
2136
1972
2056
2076
1968
2060
2108
1908
2132
1900
2064
2040
1980
2044
2036
1880
2136
1892
2012
2068
1936
2084
2004
1924
2072
1932
1976
2076
1892
2092
1956
1968
2040
2032
2000
2080
1860
2068
2020
2016
2064
1992
1900
2028
1960
2076
2008
1896
2024
2016
2048
1984
1924
1980
2092
2012
2052
1932
2028
1964
2028
1920
1988
1952
2032
1992
1984
1948
2024
1936
1932
1964
1972
2032
1932
1908
1996
1980
1964
1988
1896
2060
1940
1916
1948
2004
1940
2076
1812
2120
1900
1940
2020
1932
1956
2060
1916
2000
1940
1864
2092
1916
1964
2016
1892
2012
2044
1856
2112
1836
1988
1976
1948
2044
1988
1792
2056
1892
1996
2016
1868
1996
1932
1896
2036
1908
1916
1988
1828
2052
1936
1872
1956
1876
1884
2064
1864
2000
1896
1916
2004
1964
1932
2004
1844
1988
1948
1904
1972
1916
1952
1964
1956
1968
1972
1848
1972
1924
1968
1912
1960
1904
1960
1872
1932
1912
1940
1864
1932
1868
1916
1916
1876
1944
1888
1900
1936
1912
1900
1952
1804
1980
1828
1880
1916
1876
1884
1980
1832
2024
1856
1884
1948
1864
1852
1900
1776
1972
1900
1824
2012
1820
1924
1876
1816
1964
1928
1756
2028
1800
1940
1896
1796
1904
1924
1796
2044
1808
1904
1916
1852
1992
1864
1828
1952
1848
1860
1932
1752
1972
1848
1896
1920
1884
1848
1940
1772
1960
1820
1860
1864
1852
1860
1964
1832
1916
1860
1824
1892
1824
1848
1828
1892
1860
1920
1784
1924
1812
1916
1848
1960
1844
1884
1820
1856
1844
1884
1816
1904
1824
1852
1828
1804
1896
1820
1780
1836
1804
1856
1920
1740
1968
1776
1852
1896
1832
1800
1876
1736
1944
1832
1856
1880
1800
1872
1884
1704
1896
1812
1836
1976
1752
1836
1864
1800
1932
1884
1712
1988
1744
1904
1820
1776
1872
1836
1708
1952
1748
1876
1840
1688
1868
1820
1792
1884
1732
1840
1912
1732
1880
1772
1816
1876
1816
1768
1888
1736
1936
1784
1800
1804
1788
1760
1836
1744
1828
1788
1768
1820
1772
1784
1776
1796
1792
1860
1768
1876
1764
1820
1752
1836
1756
1852
1748
1780
1788
1828
1788
1828
1772
1812
1812
1764
1860
1768
1716
1812
1760
1800
1876
1712
1872
1712
1788
1796
1756
1784
1856
1680
1916
1716
1772
1836
1736
1840
1820
1724
1848
1784
1712
1912
1648
1816
1760
1752
1808
1788
1632
1908
1668
1860
1816
1724
1812
1788
1668
1884
1660
1820
1820
1724
1840
