24188
24233
6058

564
564
684
504
628
588
592
604
636
604
720
560
660
644
576
688
592
580
644
560
620
704
556
712
540
600
660
580
604
736
516
732
564
644
732
604
604
692
508
728
576
596
764
576
692
684
536
668
600
528
744
508
696
672
548
632
628
548
760
524
668
644
584
688
628
584
712
576
600
636
508
668
576
604
656
608
580
684
532
676
572
640
628
656
592
676
572
636
600
620
628
608
584
604
652
596
664
624
632
608
676
604
700
536
688
636
636
636
624
564
704
568
708
692
604
720
624
624
668
568
644
696
524
728
544
604
644
568
596
704
492
716
524
640
700
592
624
752
520
724
596
592
720
516
684
700
560
664
604
568
760
500
656
580
552
616
620
596
716
508
656
628
536
664
608
600
700
608
632
708
564
696
540
652
640
672
604
720
556
752
560
644
616
596
608
644
556
700
556
668
584
628
628
636
632
560
676
620
648
628
620
556
684
592
688
588
540
612
676
616
708
488
664
668
608
668
544
596
700
576
644
676
508
728
560
656
692
608
604
676
496
788
592
636
648
536
632
736
500
704
564
620
728
520
672
676
548
668
628
612
796
492
700
628
592
652
648
612
880
596
548
376
344
640
848
956
928
500
288
324
432
820
860
816
684
580
560
720
568
604
456
584
652
788
736
724
520
496
480
580
568
628
648
680
712
628
692
628
560
516
600
560
716
568
740
636
576
636
664
620
756
504
624
568
540
716
712
732
744
520
576
592
460
732
592
740
780
640
664
656
432
644
544
660
724
604
696
740
540
696
520
632
736
504
656
684
628
724
580
504
672
456
684
636
628
716
692
584
704
476
652
588
568
664
652
660
660
524
616
644
588
624
532
604
588
620
568
688
588
680
580
620
556
672
612
684
616
680
636
636
600
624
592
596
608
556
636
612
608
628
644
600
692
516
696
620
632
660
628
568
692
488
692
648
560
696
564
592
692
524
652
644
512
724
532
668
668
556
620
672
472
712
524
672
712
596
672
696
540
744
572
612
712
528
676
672
576
704
600
612
744
496
704
612
608
672
628
568
740
548
696
632
612
664
600
628
652
576
628
640
556
664
596
644
604
628
568
700
560
624
560
652
580
664
580
704
608
652
612
636
636
664
632
660
708
608
684
628
644
644
616
620
724
512
704
608
616
672
624
580
708
508
696
612
572
696
592
616
692
528
672
656
524
748
520
636
652
556
652
680
512
768
540
660
652
564
652
684
508
712
532
636
716
520
684
656
588
664
588
592
708
504
732
612
612
660
612
592
728
548
716
628
616
644
592
628
660
592
612
632
572
636
544
640
636
696
624
700
592
668
616
712
588
724
556
736
592
684
568
628
536
804
632
652
636
600
740
616
592
600
664
656
688
456
664
584
580
588
564
580
748
492
652
620
680
752
520
564
692
560
700
600
500
748
576
684
668
560
652
696
540
764
532
644
640
588
628
740
520
740
540
624
640
580
704
672
596
680
628
636
740
500
704
580
572
600
600
576
708
532
708
624
628
652
616
620
648
600
672
680
608
664
600
680
624
676
576
680
584
660
576
668
584
684
564
700
616
604
640
680
616
660
584
644
648
512
608
560
632
696
604
584
692
552
764
600
632
696
644
644
756
524
732
596
556
676
572
676
708
516
664
616
520
724
508
644
660
572
644
656
508
748
536
676
648
536
656
652
532
712
532
656
676
552
680
604
572
700
604
620
752
508
696
628
644
632
596
564
748
588
700
596
616
668
636
628
660
608
668
636
592
612
568
640
596
652
584
692
584
636
612
696
628
684
552
732
652
644
628
604
580
692
620
652
668
524
664
588
644
676
636
604
664
488
708
560
612
656
628
636
740
516
728
604
572
708
508
624
648
536
680
612
532
756
536
680
636
548
652
676
548
808
524
676
624
552
604
644
536
692
512
652
676
548
704
624
604
656
548
584
692
488
700
572
596
632
620
592
724
548
688
592
624
616
632
620
684
616
636
636
628
668
652
680
604
672
556
664
576
636
612
680
556
732
564
692
576
584
648
616
600
684
616
664
656
532
712
632
644
668
592
592
692
500
724
588
588
628
600
628
688
460
712
580
596
696
560
680
720
532
700
616
540
740
488
668
616
536
632
652
516
748
516
720
640
568
692
668
572
680
568
636
644
536
716
592
616
656
604
604
728
512
704
584
660
640
620
604
676
512
668
604
608
624
620
624
628
620
620
644
592
640
620
660
576
692
616
728
564
580
524
664
600
712
536
652
600
636
628
656
492
724
584
660
584
556
788
644
596
576
584
660
692
504
760
604
616
636
548
588
748
528
760
604
604
688
492
596
684
576
712
596
516
764
548
732
628
536
656
708
572
760
520
704
628
572
660
644
548
684
524
656
668
556
692
580
596
664
620
596
644
516
668
588
632
604
628
620
716
584
684
620
676
632
624
660
668
632
612
652
668
664
636
640
580
668
556
676
572
636
616
608
528
700
544
736
632
588
672
676
632
712
548
632
656
568
736
604
648
644
556
612
724
496
732
552
604
692
612
656
688
456
716
600
556
664
540
724
708
548
704
620
544
736
484
692
624
556
660
672
572
748
516
684
628
584
668
660
564
732
532
652
652
576
688
620
620
660
604
620
704
536
724
588
644
600
620
608
680
540
676
624
668
668
636
640
648
604
580
648
680
664
648
668
612
692
572
672
544
624
664
680
556
640
496
704
600
572
604
592
604
676
568
676
692
508
716
576
652
704
564
636
732
564
760
552
616
676
596
624
684
488
752
588
612
676
528
684
676
524
688
588
536
708
480
708
604
564
676
660
588
728
508
716
636
564
680
644
576
688
576
708
696
600
672
600
628
616
564
580
664
560
716
604
648
608
616
568
636
524
660
600
664
616
652
648
648
620
624
668
636
632
596
636
572
704
576
736
616
604
596
604
548
712
536
704
584
564
668
616
620
704
576
720
668
548
732
576
600
680
572
648
684
500
772
576
640
668
588
640
704
528
768
592
628
732
560
712
680
540
680
600
556
720
488
692
600
572
656
604
540
684
520
700
644
572
716
632
616
692
620
668
684
552
688
620
652
648
640
620
688
512
680
560
660
636
636
572
684
568
648
616
644
608
636
612
632
668
636
680
644
596
588
656
628
708
520
704
620
656
660
624
540
736
552
724
620
624
732
620
608
664
568
736
644
548
708
484
652
628
604
620
772
480
672
540
664
716
572
636
632
492
780
596
620
680
560
692
648
524
672
604
540
688
532
740
624
560
656
636
596
732
476
656
572
628
676
616
556
652
512
636
652
588
636
588
604
656
652
616
676
540
700
604
672
620
660
612
700
584
672
612
660
628
692
616
636
628
588
644
620
584
636
628
584
696
532
684
552
576
636
636
620
736
524
704
592
600
708
644
648
708
556
712
680
556
740
552
644
680
564
644
704
516
768
552
648
660
576
636
684
512
728
560
588
684
548
664
636
516
732
604
556
676
464
700
624
604
680
640
560
720
512
740
608
572
672
664
600
664
548
660
628
584
680
608
624
640
640
624
700
596
716
600
664
608
676
572
676
568
636
620
644
596
660
620
668
632
604
672
664
604
656
612
584
668
516
704
628
604
604
620
600
772
540
716
588
604
724
648
632
724
564
720
668
524
740
572
716
672
588
684
684
496
744
540
716
704
572
628
680
536
736
540
636
692
540
672
624
568
712
604
620
732
516
712
572
572
620
600
536
724
508
712
596
604
664
624
600
656
556
636
604
556
664
612
628
588
600
568
656
536
696
628
692
620
692
588
688
592
684
668
688
604
668
588
636
612
572
644
576
568
684
680
620
716
540
712
588
596
676
612
592
716
536
736
572
540
652
564
588
684
524
692
628
540
748
556
660
688
624
724
716
548
760
528
664
624
576
644
644
496
760
552
624
692
548
704
640
600
748
668
632
752
528
716
608
616
656
636
600
700
508
716
588
596
600
588
560
640
560
632
628
620
664
604
632
620
632
596
676
600
684
564
668
568
688
544
708
552
656
632
632
540
724
644
716
636
588
688
644
592
620
580
648
764
556
708
564
620
656
556
552
712
540
764
580
548
688
580
624
692
540
748
668
476
760
520
712
624
540
560
708
520
832
488
676
712
596
620
628
584
844
596
680
668
556
664
616
508
664
560
608
680
500
732
616
596
648
632
604
716
524
704
596
672
680
620
588
660
628
708
636
600
644
584
636
608
668
636
668
564
700
600
656
540
692
568
688
600
644
588
588
560
680
588
596
588
552
668
604
604
660
584
580
684
528
752
580
628
676
620
612
704
460
724
568
628
728
604
636
684
524
772
616
544
736
532
668
636
564
692
632
524
760
524
684
612
560
676
644
528
740
552
684
668
572
732
628
568
704
596
668
728
512
768
628
664
676
636
620
704
548
732
568
604
592
620
608
684
584
660
612
580
636
620
620
604
636
588
640
532
588
608
692
620
740
596
652
564
620
676
652
604
668
576
636
636
572
692
584
624
684
636
624
688
496
732
584
984
1636
2288
3056
3928
4396
5352
5732
6184
6484
6444
6560
6672
6536
6768
6628
6652
6844
6644
6784
6728
6668
6796
6764
6612
6820
6632
6848
6764
6660
6728
6732
6628
6804
6568
6744
6732
6572
6684
6616
6612
6712
6544
6572
6660
6488
6672
6520
6572
6608
6592
6532
6592
6428
6616
6504
6560
6492
6500
6484
6528
6456
6540
6524
6536
6520
6524
6560
6512
6552
6460
6548
6464
6492
6460
6508
6452
6556
6420
6580
6464
6484
6456
6436
6368
6480
6376
6488
6480
6356
6536
6444
6468
6444
6364
6420
6500
6300
6524
6324
6412
6432
6344
6364
6456
6236
6500
6344
6384
6436
6308
6388
6452
6288
6472
6300
6292
6420
6228
6420
6340
6280
6404
6360
6252
6440
6168
6380
6272
6260
6380
6360
6236
6396
6184
6328
6348
6212
6364
6296
6296
6348
6284
6280
6328
6144
6380
6244
6236
6268
6236
6272
6336
6164
6320
6188
6268
6280
6288
6232
6232
6180
6236
6216
6204
6208
6212
6204
6172
6228
6168
6284
6180
6196
6188
6156
6104
6268
6116
6236
6116
6184
6236
6192
6096
6188
6084
6244
6204
6104
6180
6132
6156
6192
6064
6124
6176
6032
6276
6036
6100
6172
6108
6076
6144
5956
6236
6020
6072
6188
6040
6128
6100
5948
6172
6064
6036
6144
5912
6124
5980
6028
6052
6060
5940
6172
5884
6148
6056
6012
6128
5980
5940
6156
5940
6028
5984
5964
6088
5980
5920
6024
5944
5988
6052
5892
6068
5944
6012
6016
6000
5964
6024
5872
6056
5956
6016
5936
5944
5916
5952
5940
5972
5948
5932
5948
5980
5948
5900
5952
5860
5968
5852
5924
5940
5960
5880
6008
5804
5988
5852
5900
5916
5876
5828
5972
5832
5940
5884
5836
5968
5788
5860
5916
5820
5884
5916
5756
5980
5764
5816
5868
5780
5816
5916
5688
5984
5740
5788
5880
5760
5828
5844
5668
5940
5748
5764
5900
5704
5888
5792
5752
5844
5748
5680
5852
5668
5848
5724
5724
5824
5764
5700
5888
5684
5816
5760
5708
5820
5732
5724
5784
5696
5716
5772
5656
5828
5628
5728
5736
5716
5704
5772
5652
5756
5644
5728
5676
5732
5688
5728
5696
5708
5672
5676
5664
5692
5660
5652
5712
5636
5740
5676
5680
5664
5656
5628
5708
5580
5764
5644
5656
5692
5640
5620
5708
5536
5668
5604
5560
5704
5564
5608
5680
5576
5628
5636
5464
5700
5496
5596
5648
5564
5592
5640
5460
5700
5480
5572
5612
5476
5600
5612
5476
5668
5504
5520
5660
5440
5620
5512
5508
5608
5500
5480
5648
5412
5576
5488
5528
5612
5500
5420
5588
5428
5564
5484
5428
5532
5476
5468
5548
5472
5540
5552
5396
5520
5432
5520
5436
5420
5416
5500
5428
5532
5412
5444
5412
5468
5368
5428
5436
5464
5416
5404
5380
5456
5452
5388
5480
5348
5500
5412
5424
5440
5400
5348
5484
5308
5528
5384
5404
5428
5376
5364
5468
5284
5444
5356
5324
5492
5396
5396
5432
5312
5360
5364
5228
5484
5288
5344
5392
5308
5356
5412
5212
5500
5236
5284
5360
5232
5356
5348
5256
5464
5284
5280
5396
5176
5368
5280
5240
5360
5264
5220
5412
5188
5384
5336
5272
5348
5264
5228
5348
5236
5340
5328
5232
5328
5188
5224
5312
5244
5232
5284
5160
5324
5188
5224
5216
5252
5172
5264
5156
5320
5204
5216
5168
5244
5164
5188
5180
5236
5212
5184
5180
5228
5116
5148
5224
5120
5216
5104
5204
5240
5196
5112
5220
5076
5320
5116
5084
5196
5164
5120
5196
5008
5172
5128
5060
5160
5012
5144
5200
5076
5124
5116
4996
5256
5008
5148
5112
5052
5112
5152
4972
5228
5016
5104
5156
5040
5148
5116
4984
5204
5068
5076
5164
4972
5148
5028
5036
5124
5044
4976
5168
4900
5196
4988
4996
5104
5076
5048
5080
4972
5076
5028
4992
5064
5068
5032
5016
4924
4972
5072
4928
5100
4972
5044
5020
5076
5004
5052
4948
5076
4988
5056
4948
5052
4948
5036
5036
5016
4992
4924
4916
5016
4944
4900
4920
4816
5036
4952
4960
5020
4940
4884
5048
4852
5056
4904
4904
5016
4940
4952
5008
4836
4988
4928
4876
5036
4856
4900
4956
4860
4924
4948
4812
5056
4804
4920
4940
4856
4928
4952
4748
5004
4784
4872
4880
4756
4936
4900
4808
5004
4832
4828
4940
4756
4988
4840
4764
4904
4860
4792
4916
4704
4864
4772
4804
4860
4824
4760
4864
4732
4860
4824
4740
4812
4752
4784
4852
4836
4824
4832
4744
4864
4792
4820
4788
4860
4800
4916
4788
4880
4768
4836
4800
4884
4756
4772
4772
4752
4780
4752
4696
4732
4688
4700
4804
4652
4820
4692
4732
4796
4724
4684
4836
4636
4856
4680
4688
4752
4672
4720
4800
4644
4788
4732
4652
4824
4620
4732
4740
4676
4732
4728
4604
4856
4600
4720
4700
4636
4696
4708
4568
4824
4572
4668
4724
4560
4696
4660
4580
4748
4592
4632
4724
4508
4724
4564
4604
4636
4612
4560
4692
4520
4696
4576
4604
4620
4608
4568
4676
4580
4632
4628
4596
4648
4572
4612
4660
4660
4584
4616
4560
4696
4604
4640
4588
4688
4592
4652
4524
4588
4560
4596
4488
4584
4524
4628
4588
4532
4588
4564
4548
4604
4532
4500
4652
4512
4648
4476
4500
4584
4536
4492
4624
4400
4632
4492
4532
4652
4528
4516
4596
4388
4612
4560
4456
4624
4428
4524
4552
4404
4468
4488
4356
4664
4388
4504
4512
4440
4520
4512
4368
4636
4388
4484
4564
4456
4572
4524
4376
4540
4428
4436
4544
4340
4516
4412
4436
4480
4432
4364
4512
4324
4532
4372
4428
4444
4432
4432
4524
4408
4444
4412
4396
4484
4412
4400
4408
4428
4388
4436
4372
4492
4396
4472
4388
4476
4348
4440
4336
4436
4372
4380
4324
4356
4236
4388
4408
4344
4380
4364
4348
4412
4344
4304
4380
4324
4516
4340
4348
4444
4376
4324
4412
4216
4460
4300
4308
4400
4308
4380
4444
4216
4376
4336
4304
4436
4216
4332
4356
4284
4344
4312
4212
4452
4220
4344
4320
4276
4340
4336
4184
4432
4212
4316
4364
4200
4356
4316
4260
4404
4244
4252
4372
4172
4340
4172
4220
4308
4268
4236
4328
4208
4336
4268
4308
4312
4272
4224
4220
4280
4264
4300
4228
4268
4184
4220
4220
4220
4220
4332
4196
4184
4100
4228
4228
4320
4156
4244
4196
4244
4204
4196
4148
4300
4164
4224
4208
4160
4212
4160
4144
4248
4200
4196
4248
4076
4308
4156
4164
4164
4084
4056
4236
4080
4288
4128
4148
4220
4120
4216
4276
4104
4200
4096
4072
4296
4124
4136
4132
4044
4180
4196
4040
4280
4012
4188
4116
4096
4164
4172
4012
4300
4076
4172
4188
4036
4160
4088
4036
4196
4060
4084
4192
4036
4200
4036
4060
4112
4080
4040
4136
3972
4148
4020
4052
4068
4088
4032
4100
4000
4084
4056
4044
4060
4020
4036
4060
4084
4028
4052
4028
4084
4020
4108
4016
4108
3980
4068
4004
4060
4064
4044
3960
4064
3968
4060
4068
3996
4100
4040
3996
4080
3972
3972
4060
3924
4100
3932
3964
4052
3960
3980
4092
3864
4080
3900
3952
4056
3940
3980
4016
3872
4064
3948
3916
4064
3864
3984
4044
3964
4032
3980
3840
4076
3896
4012
3940
3880
3992
3980
3832
4068
3852
3980
3984
3924
4032
3940
3892
4020
3864
3900
3988
3836
3988
3880
3940
3952
3896
3852
3944
3780
3952
3836
3916
3888
3924
3860
3904
3824
3876
3852
3876
3924
3900
3852
3864
3892
3848
3916
3852
3896
3816
3924
3860
3944
3768
3904
3868
3948
3840
3844
3800
3980
3820
3856
3840
3832
3928
3824
3828
3932
3840
3852
3924
3756
3964
3796
3836
3876
3788
3820
3932
3692
3924
3704
3772
3892
3740
3808
3880
3716
3904
3740
3712
3876
3700
3852
3836
3792
3876
3816
3704
3912
3676
3840
3800
3780
3852
3828
3740
3932
3696
3800
3816
3704
3852
3748
3768
3876
3784
3780
3864
3656
3840
3676
3744
3724
3732
3716
3828
3704
3844
3684
3768
3756
3744
3668
3768
3704
3724
3672
3692
3716
3716
3712
3736
3780
3692
3772
3708
3800
3716
3736
3724
3740
3632
3784
3740
3732
3716
3720
3708
3828
3620
3700
3684
3708
3788
3636
3652
3772
3664
3692
3724
3584
3836
3664
3700
3736
3644
3704
3740
3532
3836
3620
3672
3724
3580
3676
3752
3572
3784
3628
3664
3780
3528
3668
3636
3616
3708
3672
3576
3772
3532
3684
3616
3596
3676
3652
3556
3724
3548
3692
3680
3580
3648
3564
3560
3664
3516
3588
3644
3556
3704
3580
3612
3612
3580
3560
3640
3540
3672
3532
3620
3636
3572
3596
3624
3608
3556
3552
3500
3624
3560
3572
3528
3588
3520
3600
3516
3576
3564
3580
3556
3660
3444
3604
3504
3564
3524
3540
3496
3628
3452
3592
3528
3468
3588
3480
3532
3620
3504
3556
3560
3420
3668
3492
3556
3576
3444
3508
3624
3420
3652
3420
3512
3588
3440
3548
3536
3404
3600
3476
3488
3612
3384
3540
3508
3472
3576
3504
3448
3644
3380
3564
3496
3460
3504
3516
3452
3624
3396
3516
3472
3412
3500
3444
3452
3540
3412
3468
3524
3376
3516
3364
3448
3464
3468
3412
3484
3388
3532
3384
3492
3452
3472
3420
3484
3440
3468
3412
3448
3456
3440
3432
3432
3448
3356
3452
3396
3444
3416
3424
3384
3504
3324
3484
3372
3392
3396
3380
3368
3508
3324
3432
3388
3324
3420
3320
3332
3428
3344
3412
3436
3288
3516
3340
3400
3420
3328
3392
3456
3232
3500
3300
3404
3464
3332
3416
3400
3276
3456
3332
3348
3436
3240
3412
3364
3352
3436
3344
3316
3472
3252
3448
3340
3320
3376
3336
3280
3432
3236
3400
3336
3324
3416
3352
3328
3420
3308
3356
3380
3296
3412
3284
3352
3340
3336
3280
3384
3320
3372
3236
3332
3304
3332
3256
3308
3300
3288
3324
3328
3304
3324
3236
3280
3332
3244
3320
3264
3248
3292
3308
3272
3420
3204
3340
3192
3236
3316
3264
3272
3396
3172
3320
3300
3228
3336
3200
3244
3384
3264
3316
3324
3184
3384
3164
3252
3328
3236
3268
3292
3100
3396
3164
3276
3288
3172
3280
3284
3132
3304
3164
3256
3376
3144
3276
3236
3232
3304
3220
3176
3356
3092
3284
3180
3196
3272
3204
3172
3340
3140
3236
3228
3168
3268
3204
3208
3248
3156
3184
3264
3140
3260
3116
3204
3164
3160
3128
3224
3152
3244
3120
3188
3172
3240
3140
3216
3200
3176
3164
3200
3188
3200
3144
3164
3196
3096
3228
3136
3112
3148
3144
3120
3236
3024
3188
3148
3216
3184
3084
3080
3268
3068
3192
3104
3108
3260
3100
3084
3200
3084
3164
3184
2996
3232
3036
3128
3188
3072
3160
3228
3008
3280
3052
3176
3200
3012
3076
3108
3056
3244
3036
3056
3212
3016
3196
3084
3080
3160
3096
3036
3208
2992
3156
3084
3100
3084
3084
3028
3180
3000
3156
3084
3044
3084
3052
3036
3112
3060
3068
3108
2988
3100
2980
3088
3048
3080
3028
3124
3220
3708
4092
4616
5100
5912
6612
7188
7404
7420
7568
7512
7576
7592
7564
7572
7752
7664
7780
7668
7676
7736
7684
7628
7768
7612
7816
7628
7640
7728
7644
7564
7656
7512
7732
7628
7576
7652
7516
7608
7660
7492
7576
7588
7468
7708
7468
7560
7556
7408
7508
7600
7436
7652
7344
7492
7572
7448
7516
7460
7368
7556
7432
7472
7544
7324
7516
7420
7464
7500
7404
7332
7528
7312
7524
7388
7420
7440
7428
7388
7484
7336
7468
7388
7400
7456
7416
7356
7396
7320
7360
7408
7300
7404
7268
7372
7364
7396
7312
7384
7304
7376
7284
7356
7304
7388
7276
7340
7344
7320
7304
7312
7272
7328
7260
7280
7356
7188
7336
7228
7276
7292
7260
7228
7348
7144
7372
7196
7260
7280
7200
7244
7344
7188
7320
7204
7156
7308
7152
7220
7268
7140
7260
7268
7100
7336
7064
7232
7232
7152
7208
7256
7092
7344
7064
7208
7192
7048
7172
7116
7096
7276
7080
7144
7224
7036
7220
7128
7124
7188
7084
7100
7192
7004
7196
7052
7104
7116
7068
7020
7124
6996
7140
7048
7052
7060
7004
7044
7116
7016
7020
7036
6996
7080
7000
