23848
23905
5976

616
616
864
692
684
680
740
780
776
612
728
664
732
744
676
744
712
728
708
700
676
764
680
732
640
768
704
736
664
716
720
756
676
780
712
728
684
612
740
724
704
716
684
684
752
600
736
656
700
748
684
632
720
580
776
676
680
764
684
696
764
652
796
728
660
812
648
756
708
620
720
680
604
772
580
736
700
676
740
688
648
816
636
764
728
668
764
700
664
732
636
684
724
604
768
664
712
716
684
676
756
604
796
648
732
736
736
728
760
676
764
708
712
740
724
740
676
756
720
700
660
716
684
732
628
732
664
764
700
696
716
776
680
740
640
680
736
672
772
668
688
728
672
668
716
644
832
684
720
732
684
672
752
596
788
628
628
700
672
728
764
592
772
704
712
812
604
736
716
632
780
732
652
840
616
780
696
680
744
692
604
792
608
764
716
652
760
696
696
768
684
712
724
628
796
664
692
708
732
696
788
644
772
636
704
688
688
708
660
660
740
712
708
728
628
780
668
752
636
672
648
716
720
748
660
784
688
744
660
688
744
756
668
764
660
704
680
640
736
672
652
748
660
672
728
632
768
628
696
736
672
644
768
604
804
644
688
768
652
680
728
596
772
680
664
820
668
764
736
664
784
696
628
812
596
756
660
680
764
732
656
780
596
716
680
668
780
644
636
708
708
692
696
612
816
664
764
708
728
688
748
616
788
640
724
700
744
704
740
660
748
656
688
680
696
720
696
688
696
724
724
720
700
740
628
756
684
740
712
736
696
644
636
780
636
684
692
700
804
676
628
716
676
744
712
544
768
668
688
688
632
668
748
560
772
612
720
728
636
688
732
600
796
612
644
804
644
736
712
664
768
700
632
800
592
768
668
648
732
676
632
792
600
760
680
660
756
672
676
764
684
676
696
640
768
636
700
700
684
708
732
624
796
644
732
684
696
652
708
668
796
716
680
660
708
704
672
724
696
764
716
704
656
692
620
776
628
756
700
704
712
728
676
796
636
748
692
676
808
680
668
744
676
696
696
564
788
644
720
724
676
732
788
616
820
660
712
768
664
720
748
664
828
656
688
756
580
704
664
632
768
704
660
812
604
744
604
636
712
688
676
788
648
768
668
644
736
652
664
732
668
720
700
640
780
664
716
652
704
676
732
668
828
688
708
676
732
696
712
688
704
700
748
720
732
700
676
732
704
740
696
700
684
716
644
764
604
732
660
676
700
648
616
796
616
736
696
644
732
656
700
776
644
736
716
588
812
664
680
672
660
708
740
568
804
604
664
712
692
744
748
596
764
612
676
760
580
736
708
672
752
664
624
748
544
748
640
664
724
660
616
760
616
744
652
660
756
672
668
708
636
704
704
656
756
648
716
696
720
664
700
640
772
672
732
688
720
676
728
696
732
668
668
720
700
748
636
696
656
748
724
684
732
680
656
772
628
748
652
688
684
656
632
764
636
768
680
668
796
640
672
736
616
732
732
600
796
620
720
688
668
716
760
624
860
628
684
712
632
720
688
636
832
632
676
724
612
792
740
700
784
700
696
780
628
772
648
652
696
668
684
800
688
736
636
636
764
660
708
700
696
736
748
700
768
648
740
660
716
680
752
680
792
648
740
632
736
684
724
700
712
696
748
704
696
680
644
696
628
700
644
668
712
676
680
832
628
744
628
688
760
692
668
732
632
788
652
600
724
668
704
716
572
732
744
652
796
584
700
684
668
708
708
608
824
584
692
732
652
708
692
628
796
624
632
716
596
780
672
644
756
676
672
792
636
808
652
676
728
676
656
740
604
776
660
692
752
708
712
716
680
704
708
696
764
668
760
688
716
700
760
684
736
668
740
664
756
688
724
712
740
692
696
696
748
684
644
708
644
720
636
692
744
728
644
740
632
748
600
640
756
712
688
756
588
736
664
672
764
632
712
788
672
740
696
664
812
580
696
680
668
720
676
596
836
612
716
652
620
748
728
656
808
620
688
700
596
744
644
644
728
636
668
756
584
744
596
684
716
692
648
724
624
760
624
660
704
648
692
688
716
712
728
656
704
624
720
660
712
636
712
668
728
636
700
652
756
684
716
664
684
680
688
644
736
640
668
704
632
720
644
656
712
640
604
764
608
772
640
668
728
676
644
740
596
752
644
660
764
584
680
756
672
740
648
600
816
628
788
700
660
720
720
604
760
560
732
696
636
732
668
580
764
632
720
716
556
712
648
712
756
632
632
740
664
840
680
688
672
648
668
764
636
760
648
720
752
692
688
672
652
740
728
740
732
644
724
664
720
628
692
644
724
676
732
644
736
632
712
680
724
712
700
688
792
624
704
732
640
732
664
636
812
708
692
732
608
756
604
676
712
668
668
764
604
760
644
656
780
600
712
720
624
720
660
640
788
572
736
684
676
724
692
608
780
592
736
676
592
740
680
628
748
588
736
732
628
804
636
624
740
652
720
748
628
748
608
688
732
652
704
708
676
732
636
684
728
700
708
692
708
680
644
684
724
664
712
644
720
664
724
648
728
624
700
620
768
624
732
680
728
708
668
620
712
588
696
764
644
732
640
708
764
720
652
736
620
816
660
664
744
684
688
716
540
744
644
656
732
572
728
684
596
716
656
668
828
616
740
696
636
720
652
632
816
600
756
672
648
700
668
640
788
620
728
704
628
752
612
656
676
632
652
744
596
740
592
732
740
688
620
708
648
752
648
732
748
700
704
728
716
672
664
652
716
668
704
660
756
656
708
612
684
668
708
632
756
636
732
676
676
696
684
676
772
652
708
716
644
728
628
640
720
632
652
708
584
780
612
684
752
648
688
724
620
772
568
636
748
612
704
680
632
772
664
652
788
572
752
668
636
696
676
660
784
552
724
656
640
696
652
684
816
632
716
720
668
792
636
692
716
636
648
696
628
792
636
720
640
644
672
724
644
724
620
732
660
692
676
696
696
680
668
684
716
676
664
616
704
632
704
668
700
684
700
640
760
588
720
644
664
696
696
680
756
612
692
712
640
772
644
680
724
668
696
764
588
796
604
716
752
660
676
744
608
840
648
700
752
568
700
688
624
776
652
656
812
648
756
600
628
724
660
604
732
524
732
652
660
712
620
624
752
612
724
700
644
740
636
716
748
632
652
692
620
776
628
708
676
704
680
740
648
704
632
724
704
732
704
716
684
700
672
696
672
620
660
652
748
648
692
608
664
652
640
576
724
572
708
664
692
732
672
652
736
644
720
700
692
744
668
668
764
588
688
676
668
832
624
724
716
676
696
732
596
792
624
696
732
568
716
636
588
688
604
668
740
544
768
672
668
700
640
636
788
588
768
636
668
700
620
656
764
632
708
712
672
732
612
680
688
668
676
740
664
752
604
740
640
688
664
708
680
748
640
704
680
660
652
700
752
684
672
696
712
732
740
680
772
612
728
656
732
696
708
676
720
604
748
684
640
704
680
692
748
632
680
668
668
784
620
680
764
692
704
652
552
844
620
700
692
648
720
728
596
772
576
688
708
576
712
688
656
744
596
660
760
576
748
652
708
724
644
608
760
568
744
676
664
716
680
684
772
640
748
680
672
696
636
700
724
624
624
644
632
724
588
680
652
680
652
704
672
712
632
704
676
696
668
692
684
660
676
664
664
696
672
652
732
608
716
636
704
704
700
652
752
620
732
624
632
716
660
668
760
616
728
688
632
756
588
692
712
620
652
708
604
776
608
748
708
604
688
684
588
796
616
720
752
596
732
680
636
744
628
644
780
628
776
604
724
740
644
640
740
608
780
640
644
708
664
680
684
580
748
700
720
748
628
760
728
664
680
692
620
724
592
728
668
700
652
704
648
692
616
664
608
692
676
696
720
664
700
724
716
676
668
632
732
576
724
632
684
656
636
624
788
612
740
648
688
728
672
660
692
596
708
684
644
792
620
744
752
660
692
700
576
776
588
712
684
608
704
708
640
796
604
692
724
612
748
648
632
724
592
640
740
564
760
628
644
664
696
672
712
576
732
696
684
700
592
628
720
632
688
636
676
740
644
704
660
636
608
676
668
760
608
712
676
724
676
696
632
652
636
728
668
700
628
668
716
672
744
688
692
668
636
624
728
580
704
636
724
716
672
628
732
564
748
648
668
708
644
712
756
632
724
680
620
780
604
672
700
560
712
628
608
748
572
708
748
660
716
732
588
808
580
688
728
624
764
676
664
752
616
708
756
592
752
632
692
732
664
636
724
544
708
676
692
676
636
708
716
644
700
648
664
756
672
704
704
712
672
680
676
740
604
732
656
724
684
756
684
708
652
688
644
676
616
660
748
684
716
656
656
668
644
620
704
576
764
668
696
664
660
628
752
548
732
672
748
784
604
656
736
604
704
640
608
812
620
708
680
632
728
680
556
788
608
776
736
636
704
704
628
756
572
720
756
660
728
616
628
716
612
660
728
580
772
656
724
732
672
668
732
600
756
636
720
712
716
660
676
584
700
700
688
696
608
704
692
716
664
664
624
712
652
788
880
1244
1532
1988
2356
2844
3332
3964
4584
5412
5996
6336
6464
6468
6552
6532
6596
6668
6636
6628
6732
6632
6820
6672
6740
6720
6692
6668
6772
6620
6800
6652
6684
6788
6636
6688
6712
6584
6716
6624
6540
6680
6484
6620
6564
6496
6556
6524
6464
6664
6448
6552
6532
6488
6556
6512
6468
6616
6400
6528
6560
6424
6524
6404
6472
6540
6436
6468
6536
6360
6540
6396
6448
6480
6412
6440
6516
6384
6492
6388
6444
6492
6396
6364
6420
6432
6464
6392
6384
6460
6408
6432
6324
6396
6384
6456
6396
6428
6360
6460
6376
6412
6308
6408
6388
6344
6308
6360
6336
6432
6316
6344
6420
6308
6368
6300
6312
6364
6344
6328
6400
6244
6420
6232
6296
6304
6260
6268
6384
6204
6388
6244
6252
6308
6200
6280
6328
6200
6312
6276
6228
6376
6168
6316
6276
6220
6300
6272
6144
6348
6132
6292
6268
6168
6236
6168
6108
6268
6128
6248
6232
6152
6268
6156
6188
6248
6168
6208
6256
6108
6252
6100
6204
6184
6164
6136
6224
6064
6212
6152
6216
6156
6084
6136
6204
6148
6156
6108
6072
6120
6084
6116
6044
6096
6040
6128
6092
6124
6040
6076
6004
6144
6076
6108
6060
6060
6088
6112
6092
6088
5992
6036
6092
6020
6120
6004
6024
6064
6008
6012
6128
5948
6100
5952
6044
6104
6020
5996
6080
5892
6096
5956
5988
6040
5956
6044
6044
5920
6068
5956
5964
6068
5852
6012
5964
5924
6032
6012
5892
6056
5868
5964
5976
5864
5932
5964
5916
6108
5840
5980
5968
5884
5984
5852
5920
5972
5888
5924
5940
5828
5948
5848
5924
5888
5856
5920
5964
5884
5964
5864
5908
5884
5852
5872
5884
5868
5888
5908
5900
5876
5812
5836
5792
5868
5808
5844
5828
5860
5804
5864
5788
5884
5732
5872
5824
5852
5848
5860
5808
5884
5760
5800
5724
5680
5812
5728
5744
5768
5764
5800
5832
5636
5792
5696
5852
5832
5704
5744
5848
5648
5812
5640
5724
5832
5704
5768
5780
5696
5840
5748
5688
5816
5612
5756
5672
5620
5692
5736
5652
5804
5600
5812
5736
5656
5708
5688
5688
5816
5564
5704
5724
5628
5736
5608
5632
5656
5604
5632
5700
5568
5716
5596
5708
5660
5656
5648
5712
5588
5692
5576
5692
5664
5644
5656
5660
5592
5556
5604
5632
5648
5608
5608
5580
5640
5568
5640
5576
5596
5532
5628
5564
5672
5528
5612
5560
5580
5572
5560
5484
5576
5480
5580
5608
5512
5608
5500
5532
5556
5488
5508
5564
5424
5596
5452
5508
5572
5456
5560
5580
5420
5612
5428
5460
5544
5392
5536
5492
5412
5556
5468
5440
5532
5348
5556
5472
5460
5504
5476
5396
5544
5304
5508
5416
5368
5476
5420
5392
5484
5348
5464
5440
5372
5488
5380
5408
5456
5400
5424
5448
5352
5480
5336
5444
5396
5396
5408
5452
5344
5464
5340
5420
5368
5388
5352
5380
5356
5380
5384
5400
5396
5328
5384
5324
5404
5308
5372
5316
5348
5308
5344
5260
5388
5300
5376
5268
5268
5340
5348
5304
5344
5228
5316
5324
5264
5376
5276
5328
5332
5252
5308
5368
5168
5356
5164
5304
5324
5236
5236
5284
5164
5388
5172
5248
5304
5184
5308
5288
5184
5320
5240
5220
5352
5132
5336
5248
5200
5220
5204
5176
5304
5084
5292
5204
5176
5224
5180
5172
5276
5108
5232
5216
5184
5268
5172
5200
5168
5136
5176
5224
5136
5256
5116
5224
5144
5152
5116
5132
5076
5188
5084
5212
5152
5128
5120
5164
5208
5148
5108
5140
5132
5120
5132
5100
5168
5040
5152
5084
5100
5108
5156
5064
5148
5008
5180
5068
5040
5124
5116
5124
5152
4996
5068
5096
5016
5136
4964
5076
5108
5060
5096
5084
4912
5152
4984
5108
5104
5008
5036
5080
4912
5140
4944
5036
5084
4972
5088
5064
4956
5080
5000
5028
5108
4892
5076
5004
5004
5048
4976
4948
5096
4856
5084
4912
5012
5008
4956
4936
5036
4836
5104
4964
4932
4948
4968
4992
5024
4896
4920
4960
4936
4992
4880
4972
4960
4936
4972
4984
4936
4984
4900
4980
4900
4952
4936
4948
4940
4884
4916
4912
4892
4900
4912
4872
4964
4848
4940
4888
4896
4840
4900
4828
4964
4824
4992
4852
4876
4924
4900
4828
4924
4848
4928
4844
4752
4888
4816
4912
4928
4808
4876
4940
4792
4980
4744
4848
4872
4772
4864
4888
4832
4940
4700
4736
4856
4816
4936
4776
4652
4784
4800
4876
4992
4736
4816
4708
4768
4888
4860
4820
4888
4652
4808
4752
4788
4820
4728
4688
4796
4652
4836
4816
4756
4816
4728
4796
4740
4704
4748
4816
4716
4828
4692
4804
4684
4712
4660
4724
4672
4772
4720
4768
4676
4716
4680
4732
4712
4640
4644
4684
4712
4748
4744
4692
4788
4652
4764
4672
4720
4704
4680
4636
4776
4568
4708
4636
4656
4712
4644
4676
4744
4604
4744
4716
4588
4712
4560
4668
4688
4592
4656
4656
4532
4748
4580
4708
4676
4560
4660
4660
4544
4768
4532
4612
4648
4536
4664
4644
4564
4668
4516
4580
4652
4480
4652
4556
4508
4584
4548
4564
4648
4452
4632
4524
4556
4604
4596
4568
4636
4504
4680
4648
4612
4608
4508
4580
4580
4536
4540
4576
4508
4584
4432
4572
4496
4544
4536
4580
4508
4560
4504
4596
4520
4580
4540
4548
4516
4476
4528
4500
4448
4456
4504
4472
4560
4420
4560
4476
4492
4500
4512
4476
4588
4380
4580
4480
4524
4532
4424
4452
4568
4464
4520
4464
4412
4588
4412
4476
4444
4384
4492
4516
4368
4584
4404
4520
4476
4360
4456
4444
4324
4480
4332
4464
4476
4324
4460
4408
4380
4460
4344
4376
4464
4332
4496
4344
4388
4464
4404
4364
4476
4296
4456
4344
4376
4400
4372
4396
4416
4324
4400
4340
4344
4360
4300
4388
4348
4320
4348
4408
4316
4388
4260
4372
4280
4368
4328
4412
4344
4352
4312
4372
4296
4344
4308
4356
4360
4320
4340
4316
4288
4380
4304
4268
4368
4272
4444
4300
4340
4288
4288
4324
4420
4172
4332
4260
4320
4348
4280
4300
4360
4200
4356
4316
4248
4356
4164
4292
4332
4264
4328
4284
4164
4388
4184
4328
4244
4188
4292
4292
4164
4348
4108
4220
4244
4112
4288
4240
4220
4276
4136
4224
4292
4120
4280
4144
4196
4220
4192
4204
4296
4116
4308
4192
4228
4188
4216
4160
4316
4096
4308
4128
4188
4200
4200
4248
4192
4184
4172
4216
4164
4184
4132
4228
4144
4164
4096
4184
4120
4188
4152
4196
4136
4188
4076
4120
4168
4132
4160
4112
4092
4152
4180
4144
4188
4004
4176
4040
4172
4128
4124
4096
4248
4064
4264
4140
4088
4128
4100
4228
4152
4028
4148
4140
4064
4172
3980
4176
4132
4040
4100
4108
4028
4188
3936
4108
4120
4028
4112
4076
3996
4188
3992
4084
4100
3964
4132
4068
4020
4092
4012
4100
4100
3936
4116
4032
4088
4100
4052
4028
4100
3956
4108
3988
4064
4028
3996
4008
4056
3972
4080
3996
3996
4052
4012
4076
4028
4000
3972
4036
3948
4028
3948
4016
3948
4060
3996
4052
3956
3968
3972
4024
3976
4068
3968
3992
4024
3936
4012
3956
3948
4028
3996
4032
4068
3884
4056
3960
3980
3964
3944
3968
4068
3848
4036
3888
3940
3956
3876
3940
3992
3872
4004
3932
3868
4012
3820
3948
3920
3836
3944
3944
3844
4060
3828
3964
3932
3852
3928
3908
3832
3984
3836
3940
3912
3796
3956
3836
3876
3924
3840
3932
3960
3796
3976
3816
3904
3880
3868
3848
3936
3804
3932
3812
3848
3852
3872
3864
3864
3820
3860
3880
3836
3848
3824
3864
3840
3840
3800
3860
3836
3868
3828
3908
3796
3864
3772
3884
3824
3816
3776
3852
3764
3856
3788
3840
3868
3780
3868
3800
3788
3888
3824
3776
3848
3732
3916
3768
3804
3856
3752
3804
3868
3696
3864
3708
3760
3840
3720
3796
3832
3712
3880
3804
3740
3856
3692
3792
3764
3720
3780
3796
3732
3896
3632
3824
3740
3740
3820
3764
3664
3832
3660
3808
3728
3668
3824
3732
3704
3736
3696
3772
3740
3560
3756
3672
3760
3716
3708
3724
3796
3652
3772
3660
3716
3692
3704
3724
3728
3716
3784
3732
3716
3728
3672
3732
3668
3684
3640
3720
3628
3660
3604
3716
3628
3716
3612
3688
3644
3664
3664
3684
3672
3756
3668
3724
3724
3580
3708
3656
3640
3684
3624
3664
3676
3528
3800
3624
3644
3604
3588
3680
3716
3576
3716
3560
3612
3740
3596
3648
3628
3516
3712
3656
3612
3708
3456
3664
3672
3620
3696
3604
3536
3700
3548
3716
3628
3512
3648
3644
3576
3688
3476
3584
3588
3532
3628
3524
3548
3612
3524
3580
3612
3476
3628
3484
3564
3572
3604
3504
3592
3476
3684
3516
3620
3572
3588
3564
3596
3576
3588
3580
3576
3532
3580
3584
3476
3624
3500
3684
3544
3588
3484
3568
3464
3560
3500
3584
3548
3524
3500
3548
3480
3588
3456
3544
3552
3492
3516
3468
3528
3592
3480
3496
3560
3420
3596
3424
3464
3484
3496
3492
3544
3356
3632
3444
3460
3488
3380
3516
3548
3432
3564
3456
3404
3556
3348
3492
3464
3408
3516
3496
3436
3588
3340
3508
3436
3448
3544
3484
3396
3512
3348
3532
3512
3396
3476
3396
3448
3528
3464
3468
3456
3328
3504
3412
3484
3452
3392
3408
3472
3400
3500
3380
3404
3372
3400
3440
3440
3420
3428
3440
3420
3416
3416
3404
3348
3352
3316
3400
3396
3404
3396
3432
3348
3428
3288
3408
3384
3396
3416
3396
3348
3436
3320
3408
3364
3284
3400
3328
3340
3392
3324
3396
3436
3268
3464
3312
3384
3396
3320
3372
3432
3240
3412
3264
3324
3404
3292
3408
3380
3240
3404
3308
3336
3436
3248
3428
3320
3264
3368
3348
3252
3432
3228
3404
3304
3300
3392
3332
3264
3388
3240
3388
3340
3268
3364
3300
3328
3332
3256
3308
3304
3228
3348
3208
3324
3308
3336
3336
3340
3252
3344
3292
3356
3292
3304
3260
3276
3256
3312
3324
3296
3272
3272
3308
3256
3328
3228
3312
3232
3256
3236
3300
3244
3328
3196
3300
3260
3232
3296
3296
3244
3300
3180
3284
3296
3188
3272
3180
3216
3280
3240
3272
3316
3120
3348
3176
3276
3256
3180
3220
3264
3140
3332
3184
3212
3288
3160
3284
3220
3136
3248
3212
3196
3312
3116
3304
3196
3196
3288
3228
3132
3260
3120
3276
3172
3156
3236
3208
3184
3288
3072
3184
3136
3096
3204
3100
3136
3224
3176
3184
3188
3084
3244
3128
3228
3172
3204
3168
3180
3076
3204
3144
3184
3104
3184
3184
3184
3160
3156
3188
3212
3188
3156
3156
3108
3208
3108
3200
3144
3196
3148
3180
3044
3172
3060
3172
3076
3068
3136
3144
3088
3156
3036
3148
3136
3044
3192
3072
3144
3180
3100
3148
3172
3004
3212
3024
3132
3116
3048
3132
3196
3016
3164
3024
3112
3160
3016
3168
3108
3044
3192
3064
3068
3160
3016
3220
3072
3076
3144
3068
3032
3176
3008
3216
3032
3020
3080
3084
3016
3084
2904
3076
3032
3000
3092
2992
3028
3064
3032
3108
3100
3016
3124
2988
3100
3040
3092
3028
3072
2992
3108
3032
3108
3012
3080
3012
3040
2988
2996
3028
3048
3052
2976
3108
2984
3076
2924
3068
2948
3100
3024
3052
2968
3064
2980
3084
2968
2956
2980
3032
3012
3088
2920
3040
3028
2972
3088
2940
2952
3016
2968
3068
3048
2892
3092
2900
3012
2988
2944
3020
3060
2868
3100
2924
3036
3028
2912
3008
2968
2912
3012
2920
2916
3048
2884
3020
2892
2932
2984
2944
2924
3064
2884
3036
2944
2932
2952
2936
2924
3000
2900
3056
2956
2908
2976
2868
2940
2936
2900
2932
2988
2908
2976
2900
2996
2928
2968
2932
2968
2892
2920
2848
2956
2908
2976
2940
2960
2932
2888
2932
2900
2868
2896
2908
2904
2992
2864
2968
2860
2896
2892
2900
2852
2956
2808
2956
2856
2868
2908
2860
2856
2936
2820
2988
2940
2868
3004
2852
2916
2888
2820
2916
2900
2768
2992
2796
2916
2860
2804
2896
2908
2772
2960
2752
2912
2900
2820
2912
2852
2780
2932
2836
2840
2924
2760
2944
2840
2868
2908
2828
2776
