28179
28235
7058

684
684
636
812
596
732
732
604
740
644
656
760
644
728
788
596
764
616
696
764
688
656
752
564
776
692
728
696
648
652
720
640
708
676
680
748
676
764
700
736
664
708
640
740
648
764
680
760
648
732
680
704
668
740
684
764
664
736
756
660
768
660
724
740
692
700
764
608
772
636
708
748
648
676
776
620
804
660
672
752
664
732
796
616
732
656
640
796
588
728
712
616
724
692
604
824
588
784
716
668
720
692
628
848
604
748
720
620
752
716
720
780
656
664
760
608
796
648
704
720
660
644
736
592
780
660
716
728
696
668
780
664
744
728
708
720
636
696
708
740
684
752
684
724
644
736
640
732
632
752
672
700
692
724
676
732
616
676
700
640
756
696
732
740
680
680
748
572
756
604
744
736
680
692
776
596
792
644
684
764
616
704
752
648
812
704
636
784
540
732
740
612
740
708
568
780
592
796
692
632
760
716
680
796
560
692
776
660
748
628
660
760
604
620
708
628
804
604
620
664
724
684
732
568
748
728
732
684
660
708
788
680
724
732
772
724
628
696
724
736
636
704
700
760
648
688
636
752
652
764
676
684
708
732
676
752
636
772
736
620
744
660
692
728
664
732
772
588
784
612
728
676
636
652
760
596
768
600
700
732
624
676
720
600
748
708
648
732
588
724
748
584
740
668
636
824
512
768
708
676
728
664
608
776
596
720
724
644
764
672
688
720
624
688
752
624
828
696
732
732
716
664
768
636
736
636
724
708
684
648
740
660
696
668
700
716
712
720
740
748
644
708
680
744
684
732
672
788
660
792
696
708
712
680
636
744
616
724
696
616
740
648
696
724
620
692
752
612
792
604
748
748
624
692
744
572
788
616
708
764
628
752
776
632
776
640
632
768
548
768
732
684
772
700
628
780
508
740
680
688
764
728
684
804
596
768
732
656
784
712
716
760
676
736
764
636
796
668
772
708
692
688
772
616
768
636
748
724
748
692
736
684
732
716
712
692
660
748
732
768
664
744
680
724
648
696
644
740
624
772
676
700
688
704
656
764
600
740
732
640
772
676
740
764
684
748
764
592
792
596
752
748
684
720
804
584
812
632
720
796
660
732
744
620
788
640
656
776
596
740
752
644
740
696
636
796
536
756
680
624
716
696
672
788
588
752
700
652
764
656
656
716
640
692
724
604
764
676
772
724
688
688
772
660
748
640
696
692
692
696
732
672
652
680
680
720
720
696
716
740
632
764
692
692
624
688
636
800
616
788
656
684
692
716
688
816
624
748
684
620
740
612
700
724
644
688
752
588
796
588
740
732
624
704
744
576
820
588
692
748
628
756
728
636
796
700
620
776
604
796
684
636
780
676
660
764
516
788
724
700
704
668
712
816
628
768
716
696
756
660
696
748
652
680
692
616
812
636
704
664
712
660
700
572
740
708
780
732
740
684
720
668
680
692
672
696
688
760
684
708
568
716
668
728
644
668
664
812
628
748
628
652
708
700
672
760
604
708
692
604
792
640
692
736
652
756
764
560
788
608
776
764
656
728
740
592
808
636
716
712
584
740
740
604
784
568
700
760
604
756
696
592
816
760
700
788
512
748
696
688
748
732
672
772
592
728
688
660
740
644
712
720
668
684
708
636
764
656
748
656
720
704
780
636
724
664
744
664
704
644
684
628
608
716
696
680
688
732
680
752
640
744
632
712
668
732
660
784
572
752
684
688
696
632
660
744
620
752
696
600
760
620
700
728
664
796
772
644
864
624
736
716
632
760
748
604
784
596
732
752
620
764
724
668
796
668
696
812
616
828
732
696
764
668
648
788
560
772
644
664
696
668
652
772
628
768
692
668
764
656
704
708
640
684
724
656
760
640
744
676
676
628
732
624
692
636
708
668
700
644
728
672
668
684
676
676
692
708
716
764
616
728
656
684
652
652
620
764
584
776
668
700
748
636
632
756
596
772
700
616
760
628
736
740
628
724
728
600
820
612
764
728
620
740
744
600
772
572
712
724
604
720
684
620
784
656
672
748
564
772
688
700
752
688
656
788
576
796
688
688
704
688
708
772
604
752
696
696
780
668
708
692
680
704
740
668
768
652
744
692
744
688
776
656
700
648
696
648
728
648
720
676
668
712
692
700
692
692
636
712
604
804
664
768
684
700
680
796
568
768
632
700
708
656
700
744
556
720
632
604
796
620
748
756
640
728
704
608
832
572
768
704
600
728
720
632
840
600
692
736
644
772
696
636
776
692
744
788
556
788
692
724
720
680
708
816
568
732
660
684
712
624
636
740
624
740
668
676
772
716
732
708
680
744
764
648
740
652
740
668
680
636
772
668
724
680
724
628
700
624
740
692
660
684
668
692
740
692
684
728
620
824
712
728
728
672
616
724
580
816
664
668
716
652
720
752
580
752
748
676
768
552
696
716
628
724
700
592
816
564
768
736
676
740
692
568
820
636
768
704
616
768
720
668
752
604
720
768
600
744
724
692
772
648
656
816
628
840
636
716
668
700
672
748
624
768
724
696
716
660
704
704
668
668
716
660
744
668
736
680
748
656
756
684
704
668
724
624
764
676
760
732
672
732
716
716
732
668
716
772
596
828
644
716
700
680
688
812
536
808
656
716
696
632
692
764
584
820
696
636
748
564
760
752
624
760
696
636
828
592
796
708
644
776
732
644
828
568
752
716
652
796
732
664
760
608
724
744
584
776
664
724
752
728
664
756
568
812
672
684
716
704
724
792
620
768
664
648
720
692
764
708
720
732
768
672
732
668
740
668
716
648
764
696
720
672
708
652
732
668
780
708
684
768
716
708
728
660
700
768
672
824
636
692
696
660
688
776
580
780
628
652
712
640
708
752
604
792
692
652
764
576
704
728
608
744
704
636
816
572
780
712
652
732
700
644
824
584
744
688
636
780
688
664
776
668
768
788
604
756
644
708
740
716
704
772
640
804
680
720
712
696
652
748
640
752
660
688
712
676
720
684
688
680
764
704
736
668
740
636
712
636
740
656
676
712
744
652
716
628
764
716
648
768
620
672
720
668
720
764
584
768
636
740
768
676
716
720
576
812
620
692
744
668
752
772
600
804
664
676
812
604
752
704
608
768
716
632
852
568
740
632
620
768
668
596
804
660
804
696
612
724
688
652
692
600
720
768
596
740
632
732
732
676
620
756
636
796
636
740
700
704
668
712
652
756
700
708
700
672
732
712
716
680
728
668
688
648
740
628
724
636
748
652
724
684
668
632
728
644
768
732
656
724
676
732
744
620
692
692
580
804
644
700
668
684
728
796
632
808
600
672
768
732
756
704
544
756
688
688
760
612
800
732
620
792
724
652
796
572
824
684
616
700
676
660
804
592
768
676
652
744
648
644
732
640
732
720
584
780
636
728
656
700
712
748
628
772
636
792
716
752
664
780
672
760
740
712
732
708
716
700
724
712
744
712
696
676
748
692
756
592
708
628
700
724
708
668
744
608
744
712
660
780
628
668
736
668
752
708
576
796
588
728
752
668
668
792
604
844
608
740
732
632
740
780
620
808
648
676
780
560
764
672
600
736
636
596
776
540
808
656
620
696
620
604
772
584
764
664
628
752
696
664
752
676
768
772
636
792
636
708
724
716
708
744
600
768
640
732
704
712
696
752
640
700
652
692
684
680
684
680
676
620
720
660
716
696
748
628
732
628
736
668
676
688
684
664
780
632
740
712
672
772
668
700
740
652
768
768
624
788
596
736
712
640
716
744
556
792
592
684
744
628
716
692
552
764
628
676
748
588
772
676
628
752
672
660
808
552
760
664
692
756
684
632
788
604
804
676
664
776
720
748
744
676
736
732
652
772
664
720
676
688
656
696
604
792
680
676
652
716
688
728
680
764
708
680
688
716
692
684
696
692
780
672
684
668
708
660
752
628
756
676
688
760
700
736
780
624
748
732
644
788
660
748
740
636
756
696
624
812
600
704
688
644
688
720
544
796
580
700
724
636
756
712
580
828
636
692
752
604
724
676
672
808
640
636
812
600
844
640
656
768
776
704
780
596
836
720
676
716
620
708
740
664
728
732
652
764
616
696
700
688
632
724
604
748
636
704
648
712
684
748
632
708
696
720
692
696
684
716
716
676
736
664
676
712
716
688
748
632
772
672
684
700
696
644
748
588
764
676
652
740
588
660
740
604
716
696
612
812
604
744
684
652
752
752
560
784
624
780
744
656
732
688
540
768
676
736
732
560
756
748
732
836
652
604
744
592
816
672
640
748
728
704
768
628
796
680
696
764
684
704
692
612
692
728
664
744
592
732
700
740
636
748
592
820
632
748
600
720
612
824
668
712
692
704
704
780
708
724
704
668
744
720
688
724
688
664
768
628
812
676
716
756
704
688
780
604
784
648
656
732
632
732
736
600
728
704
604
808
588
740
716
668
764
724
640
828
600
740
736
640
724
668
612
804
632
716
772
592
788
656
664
780
716
716
780
584
820
652
672
720
676
632
772
612
860
1080
1668
2340
2972
3732
4476
5108
5836
6428
7008
7476
7488
7624
7640
7728
7712
7800
7712
7828
7744
7852
7772
7864
7780
7884
7808
7852
7828
7836
7796
7804
7752
7816
7796
7684
7768
7676
7704
7716
7676
7672
7704
7564
7780
7568
7636
7660
7620
7596
7688
7464
7696
7500
7544
7656
7528
7636
7600
7476
7608
7516
7444
7676
7452
7652
7560
7488
7604
7580
7444
7664
7416
7580
7496
7424
7548
7504
7440
7612
7436
7576
7560
7412
7580
7468
7452
7552
7452
7492
7540
7340
7560
7404
7444
7444
7412
7424
7516
7352
7540
7392
7420
7432
7384
7428
7424
7376
7408
7380
7344
7444
7380
7420
7340
7388
7348
7436
7340
7404
7364
7420
7348
7432
7320
7404
7300
7340
7360
7332
7284
7388
7340
7364
7320
7276
7316
7264
7308
7400
7292
7316
7336
7204
7360
7228
7236
7296
7260
7268
7304
7156
7396
7212
7220
7328
7168
7256
7232
7136
7324
7220
7144
7336
7104
7276
7180
7144
7260
7196
7084
7348
7080
7268
7204
7156
7196
7136
7108
7320
7100
7168
7204
7052
7224
7072
7072
7216
7152
7100
7132
6992
7320
7116
7124
7084
7076
7096
7200
6984
7140
7024
7084
7156
7104
7084
7072
7004
7084
7072
7024
7108
7012
7080
7012
7120
6996
7072
6928
7060
7008
7044
7004
7088
6976
7104
6996
7048
7040
6984
6936
7000
6940
6984
7016
6936
7068
6956
6988
6976
6916
6904
6968
6832
7052
6888
6988
7020
6932
6976
7036
6868
7016
6872
6912
6980
6848
6952
6952
6860
6992
6880
6812
7040
6748
6920
6876
6848
6980
6896
6816
7000
6780
6944
6856
6784
6908
6860
6792
6928
6764
6884
6816
6700
6896
6780
6852
6876
6756
6780
6920
6772
6968
6712
6772
6788
6780
6804
6884
6732
6888
6724
6764
6788
6760
6716
6712
6716
6820
6776
6680
6756
6732
6788
6716
6776
6720
6820
6744
6748
6712
6744
6636
6756
6540
6732
6620
6636
6708
6648
6732
6724
6692
6636
6672
6612
6752
6596
6712
6736
6672
6664
6684
6524
6772
6556
6636
6688
6612
6648
6692
6524
6724
6572
6616
6696
6520
6644
6636
6512
6720
6596
6568
6716
6476
6712
6580
6556
6660
6572
6476
6700
6456
6656
6552
6504
6652
6548
6516
6664
6492
6548
6572
6448
6648
6448
6472
6528
6468
6492
6536
6392
6612
6436
6512
6504
6504
6512
6532
6408
6568
6412
6496
6520
6508
6472
6476
6456
6492
6468
6424
6484
6424
6432
6400
6488
6400
6484
6384
6420
6400
6436
6364
6464
6336
6472
6396
6404
6440
6360
6352
6392
6312
6396
6384
6336
6496
6328
6388
6396
6340
6360
6400
6252
6476
6268
6372
6372
6332
6348
6368
6224
6452
6252
6288
6380
6224
6384
6336
6236
6380
6248
6252
6428
6212
6404
6248
6252
6352
6260
6184
6356
6180
6372
6252
6248
6308
6248
6220
6364
6216
6316
6264
6148
6344
6212
6264
6284
6172
6184
6272
6164
6340
6108
6196
6212
6212
6180
6220
6136
6280
6164
6220
6184
6172
6160
6196
6176
6204
6168
6128
6156
6148
6204
6164
6244
6136
6244
6100
6160
6148
6160
6104
6192
6076
6228
6104
6096
6108
6112
6052
6160
5996
6156
6060
6080
6184
6080
6084
6136
6068
6124
6108
5992
6188
5988
6056
6128
6056
6124
6116
5952
6216
5988
6056
6124
5936
6056
6020
5932
6112
6028
5984
6156
5892
6152
6032
5988
6048
6028
5996
6140
5884
6100
5980
5988
6056
5948
5904
6080
5980
6024
5964
5924
6092
5900
5916
5956
5928
5972
6000
5868
6064
5900
5968
5912
5908
5912
5972
5872
6004
5892
5944
5976
5920
5924
5916
5936
5932
5944
5896
5972
5912
5952
5852
5924
5828
5936
5832
5872
5892
5900
5820
5928
5772
5948
5864
5856
5916
5820
5848
5900
5788
5876
5836
5768
5924
5744
5868
5852
5808
5816
5844
5692
5948
5720
5832
5844
5788
5816
5856
5712
5944
5744
5812
5868
5716
5852
5788
5696
5828
5732
5732
5884
5620
5884
5684
5756
5860
5804
5692
5836
5616
5884
5708
5720
5760
5700
5732
5808
5644
5736
5716
5676
5804
5660
5688
5656
5640
5672
5752
5628
5744
5596
5700
5712
5764
5708
5696
5580
5720
5676
5684
5628
5660
5652
5680
5648
5664
5684
5632
5628
5656
5684
5652
5748
5612
5744
5588
5676
5672
5664
5572
5644
5596
5708
5632
5588
5648
5608
5588
5580
5584
5652
5688
5516
5700
5492
5652
5620
5492
5560
5620
5488
5692
5408
5564
5564
5528
5568
5552
5384
5656
5456
5516
5580
5448
5608
5532
5472
5640
5516
5476
5588
5372
5632
5492
5464
5540
5460
5480
5616
5408
5588
5436
5452
5544
5464
5464
5536
5432
5540
5520
5432
5548
5440
5492
5460
5424
5432
5492
5392
5548
5412
5460
5408
5468
5436
5496
5368
5500
5412
5468
5436
5460
5428
5452
5444
5444
5468
5440
5432
5424
5404
5384
5472
5364
5496
5388
5412
5400
5356
5276
5412
5288
5464
5368
5408
5440
5352
5360
5424
5324
5424
5388
5288
5460
5272
5396
5388
5304
5364
5372
5252
5484
5248
5372
5352
5280
5336
5336
5208
5428
5216
5312
5384
5204
5348
5248
5248
5376
5228
5260
5384
5164
5420
5264
5252
5304
5212
5208
5368
5148
5380
5224
5224
5344
5228
5244
5268
5196
5292
5252
5200
5316
5144
5240
5236
5232
5176
5216
5164
5304
5164
5256
5220
5248
5200
5248
5208
5300
5204
5228
5196
5236
5176
5164
5168
5148
5220
5148
5184
5184
5212
5152
5220
5088
5236
5132
5212
5176
5132
5116
5220
5064
5196
5060
5092
5196
5084
5124
5200
5052
5196
5132
5064
5228
5036
5116
5128
5028
5120
5140
5028
5276
5012
5136
5116
5020
5120
5084
4928
5188
4972
5096
5164
4964
5156
5064
4960
5120
5020
5040
5136
4924
5172
5024
5048
5104
4988
4972
5184
4988
5132
4964
5028
5112
5044
5016
5056
4920
5036
4984
4932
5068
4948
5012
4968
4992
5004
5048
4924
5048
4944
5052
5008
5004
4920
5012
4956
5016
4940
4960
4952
4988
4980
5020
5020
4988
5060
4964
4988
4980
4948
4912
5012
4892
5044
4900
4972
4988
4928
4888
5012
4872
5008
4896
4924
5032
4892
4932
4972
4876
4960
4892
4836
5032
4820
4948
4928
4860
4916
4916
4796
5036
4776
4908
4900
4860
4968
4920
4852
5000
4792
4868
4920
4776
4952
4860
4800
4936
4832
4832
4916
4712
4932
4776
4824
4892
4828
4852
4916
4716
4896
4820
4800
4812
4776
4800
4916
4792
4868
4788
4792
4876
4788
4800
4784
4848
4792
4852
4756
4848
4708
4788
4736
4848
4768
4780
4680
4760
4764
4836
4792
4768
4724
4772
4836
4772
4808
4712
4756
4780
4788
4748
4840
4652
4788
4684
4752
4776
4744
4692
4828
4640
4832
4676
4712
4844
4652
4780
4804
4708
4796
4664
4484
4868
4592
4756
4636
4636
4740
4788
4588
4788
4580
4760
4744
4596
4636
4632
4572
4788
4560
4644
4712
4556
4708
4604
4620
4764
4636
4640
4752
4540
4792
4596
4596
4632
4648
4640
4740
4556
4748
4596
4628
4636
4552
4588
4632
4532
4636
4624
4600
4684
4508
4628
4628
4664
4588
4684
4588
4684
4524
4592
4548
4616
4572
4636
4560
4596
4552
4544
4560
4612
4584
4596
4596
4500
4576
4528
4556
4592
4556
4524
4588
4456
4640
4508
4552
4572
4504
4508
4612
4460
4652
4484
4484
4588
4444
4504
4536
4452
4608
4512
4412
4616
4396
4584
4544
4488
4512
4476
4396
4664
4380
4544
4504
4460
4540
4488
4408
4616
4412
4492
4532
4380
4540
4416
4412
4552
4444
4432
4556
4356
4556
4392
4448
4504
4440
4428
4556
4336
4516
4376
4412
4484
4408
4464
4472
4380
4428
4388
4376
4444
4332
4424
4348
4424
4376
4480
4380
4448
4364
4412
4368
4428
4348
4396
4360
4392
4376
4368
4356
4408
4392
4408
4456
4376
4448
4344
4408
4388
4372
4340
4416
4248
4444
4316
4352
4388
4344
4308
4384
4208
4428
4284
4328
4400
4260
4332
4408
4276
4392
4308
4252
4468
4208
4348
4324
4300
4364
4356
4236
4468
4208
4328
4364
4232
4376
4324
4152
4356
4260
4316
4356
4212
4440
4340
4296
4396
4236
4220
4400
4228
4356
4172
4296
4336
4220
4176
4260
4188
4328
4188
4208
4292
4232
4224
4268
4204
4272
4236
4208
4276
4188
4300
4236
4272
4168
4280
4208
4304
4204
4228
4172
4276
4136
4248
4180
4220
4212
4192
4152
4232
4168
4196
4252
4192
4300
4156
4216
4228
4172
4128
4280
4092
4260
4092
4176
4240
4160
4180
4264
4084
4264
4144
4148
4236
4052
4124
4152
4096
4232
4148
4032
4252
4052
4196
4124
4068
4184
4140
4032
4264
4012
4200
4188
4092
4172
4120
4060
4260
4048
4132
4224
4088
4196
4096
4108
4212
4100
4060
4172
3988
4204
4080
4120
4124
4092
4052
4144
3992
4144
4044
4096
4196
4072
4076
4100
4080
4044
4032
4040
4136
4052
4104
4056
4124
4044
4092
4032
4092
4028
4092
4040
4072
3988
4080
4024
4020
4068
4036
4032
4068
3984
4028
4092
3988
4100
3936
4000
4064
4012
3980
4060
3880
4120
3960
4048
4072
3972
3984
4084
3916
4112
3988
3948
4064
3880
3992
4000
3916
3972
3988
3900
4172
3808
4012
3932
4048
4016
3996
3824
4108
3844
4028
3964
3880
4008
3988
3912
4068
3888
3984
3988
3872
4052
3952
3964
3968
3876
3896
4036
3804
4000
3852
3948
3972
3896
3844
3940
3864
4000
3840
3864
3952
3956
3952
3948
3888
3900
3900
3868
3944
3896
3924
3828
3912
3812
3924
3824
3900
3896
3920
3856
3920
3816
3892
3868
3888
3916
3844
3852
3932
3812
3836
3860
3784
3936
3844
3916
3912
3832
3808
3912
3752
3940
3780
3844
3892
3808
3812
3924
3768
3940
3816
3816
3944
3748
3868
3836
3728
3868
3800
3780
3976
3724
3868
3832
3824
3900
3840
3752
3936
3696
3860
3800
3768
3868
3832
3788
3892
3712
3804
3828
3692
3840
3728
3768
3836
3744
3720
3832
3676
3868
3720
3816
3820
3772
3752
3828
3724
3832
3744
3784
3836
3768
3788
3760
3756
3768
3760
3748
3812
3740
3772
3692
3836
3720
3776
3656
3744
3728
3748
3676
3812
3644
3764
3716
3716
3752
3748
3732
3796
3664
3740
3760
3652
3748
3600
3704
3732
3672
3640
3752
3576
3816
3608
3708
3760
3672
3668
3732
3572
3796
3660
3648
3784
3604
3740
3724
3644
3760
3656
3608
3824
3536
3744
3700
3620
3688
3644
3544
3780
3592
3740
3692
3632
3720
3668
3584
3676
3540
3648
3732
3584
3708
3604
3676
3712
3616
3536
3648
3548
3760
3580
3604
3624
3660
3616
3688
3556
3676
3580
3596
3612
3588
3600
3612
3628
3616
3600
3572
3596
3532
3580
3548
3664
3540
3620
3576
3604
3560
3572
3508
3644
3476
3640
3580
3592
3632
3576
3580
3612
3508
3548
3576
3504
3660
3508
3584
3624
3556
3564
3632
3464
3684
3456
3564
3580
3496
3564
3620
3444
3628
3440
3500
3632
3452
3584
3580
3496
3632
3508
3476
3672
3420
3628
3548
3512
3556
3508
3472
3632
3360
3540
3472
3460
3516
3472
3492
3600
3464
3496
3524
3440
3592
3444
3476
3508
3496
3476
3548
3428
3556
3428
3516
3488
3464
3424
3524
3468
3556
3436
3460
3452
3492
3480
3472
3492
3484
3484
3420
3476
3492
3460
3360
3536
3408
3560
3452
3472
3428
3480
3436
3536
3340
3444
3448
3444
3520
3408
3444
3468
3352
3468
3520
3388
3484
3296
3404
3460
3436
3468
3460
3288
3540
3344
3444
3464
3348
3424
3520
3348
3548
3372
3376
3464
3284
3440
3428
3320
3448
3368
3364
3548
3240
3488
3324
3408
3412
3348
3312
3532
3300
3404
3360
3308
3400
3300
3296
3440
3324
3412
3408
3336
3448
3292
3304
3356
3336
3380
3424
3244
3408
3256
3364
3364
3388
3332
3400
3284
3372
3272
3332
3328
3316
3284
3340
3396
3336
3332
3300
3368
3368
3356
3292
3376
3276
3368
3264
3296
3332
3332
3276
3376
3252
3400
3300
3308
3348
3252
3228
3332
3260
3316
3324
3272
3404
3212
3300
3328
3252
3280
3352
3228
3444
3208
3276
3324
3204
