22490
22526
5631

1756
1756
1812
1820
1792
1860
1852
1812
1828
1808
1772
1860
1772
1864
1784
1868
1764
1868
1800
1912
1840
1864
1820
1900
1812
1892
1804
1848
1860
1792
1876
1844
1772
1824
1824
1780
1892
1752
1852
1824
1788
1824
1800
1724
1896
1704
1872
1856
1796
1860
1820
1752
1884
1684
1808
1828
1712
1896
1804
1788
1884
1748
1792
1908
1664
1924
1764
1820
1876
1768
1812
1952
1712
1932
1756
1816
1880
1752
1792
1860
1732
1860
1816
1780
1912
1744
1864
1828
1768
1788
1812
1712
1880
1676
1812
1784
1756
1756
1816
1756
1832
1720
1844
1852
1760
1732
1756
1800
1788
1788
1764
1828
1756
1868
1784
1836
1716
1836
1756
1844
1804
1788
1732
1792
1692
1872
1756
1768
1780
1704
1808
1820
1724
1800
1752
1768
1932
1688
1820
1756
1712
1796
1816
1736
1880
1664
1812
1780
1728
1808
1740
1652
1860
1672
1808
1868
1632
1848
1752
1784
1844
1708
1720
1880
1624
1924
1700
1772
1788
1720
1728
1868
1636
1864
1688
1756
1820
1704
1768
1756
1612
1784
1744
1696
1788
1624
1736
1760
1736
1736
1728
1676
1844
1648
1756
1676
1676
1760
1812
1704
1784
1664
1772
1780
1724
1728
1728
1768
1776
1752
1660
1792
1736
1736
1628
1712
1720
1848
1660
1708
1684
1748
1704
1760
1616
1796
1708
1752
1768
1664
1768
1752
1648
1732
1744
1736
1828
1580
1788
1732
1736
1768
1720
1616
1828
1616
1776
1708
1660
1760
1692
1604
1768
1612
1780
1776
1576
1812
1672
1740
1752
1624
1712
1788
1576
1772
1628
1716
1748
1624
1620
1764
1616
1824
1604
1664
1756
1668
1724
1740
1620
1768
1688
1688
1772
1612
1732
1664
1668
1656
1700
1636
1796
1620
1788
1728
1732
1660
1720
1660
1740
1680
1716
1700
1696
1700
1684
1708
1708
1688
1668
1692
1632
1676
1660
1712
1668
1736
1636
1692
1684
1672
1660
1748
1600
1764
1644
1708
1716
1580
1712
1704
1600
1712
1648
1628
1756
1560
1732
1672
1636
1672
1692
1624
1820
1540
1752
1708
1628
1712
1676
1628
1776
1508
1684
1708
1576
1764
1600
1652
1748
1572
1668
1760
1516
1756
1580
1688
1728
1608
1660
1708
1540
1780
1604
1636
1696
1556
1604
1636
1572
1692
1640
1640
1744
1580
1688
1640
1620
1636
1652
1592
1708
1548
1644
1612
1664
1612
1624
1560
1676
1608
1656
1644
1636
1620
1644
1656
1608
1636
1592
1652
1616
1640
1600
1680
1592
1716
1548
1660
1628
1572
1564
1668
1560
1720
1572
1608
1696
1588
1688
1632
1548
1644
1612
1592
1700
1472
1668
1608
1568
1640
1652
1596
1760
1504
1712
1612
1560
1660
1588
1560
1692
1532
1676
1668
1528
1716
1564
1596
1700
1564
1636
1700
1472
1716
1532
1628
1660
1580
1620
1704
1496
1688
1548
1616
1656
1556
1644
1636
1556
1664
1564
1548
1648
1528
1644
1592
1592
1580
1596
1520
1648
1532
1664
1600
1632
1576
1620
1536
1620
1552
1596
1580
1584
1560
1572
1592
1616
1652
1532
1620
1572
1628
1552
1664
1504
1676
1532
1668
1612
1580
1572
1672
1500
1636
1532
1584
1636
1496
1620
1600
1508
1596
1540
1584
1720
1496
1620
1532
1516
1632
1572
1532
1680
1372
1596
1568
1524
1604
1532
1504
1660
1460
1612
1588
1468
1660
1504
1564
1656
1516
1532
1628
1452
1684
1512
1580
1588
1480
1548
1640
1468
1664
1508
1560
1592
1468
1592
1612
1552
1584
1564
1544
1624
1468
1616
1484
1548
1592
1620
1508
1580
1512
1644
1556
1500
1436
1548
1564
1628
1496
1528
1564
1556
1508
1532
1588
1576
1628
1492
1560
1560
1572
1520
1556
1444
1596
1480
1568
1540
1524
1532
1568
1408
1584
1460
1544
1660
1508
1596
1492
1440
1580
1536
1504
1628
1452
1652
1548
1476
1524
1476
1496
1636
1408
1628
1564
1496
1556
1484
1492
1644
1408
1548
1532
1468
1632
1504
1484
1540
1444
1500
1592
1404
1560
1476
1524
1604
1452
1520
1584
1428
1632
1444
1588
1580
1472
1500
1524
1464
1524
1496
1472
1564
1428
1540
1484
1524
1492
1540
1468
1556
1424
1524
1488
1496
1448
1512
1448
1500
1472
1500
1532
1560
1472
1504
1528
1460
1524
1452
1516
1512
1476
1508
1532
1444
1568
1396
1500
1496
1484
1536
1544
1380
1568
1416
1508
1540
1412
1552
1516
1400
1520
1420
1456
1604
1368
1584
1484
1464
1532
1472
1436
1572
1328
1572
1484
1404
1488
1396
1408
1556
1364
1544
1504
1368
1572
1448
1516
1548
1436
1496
1552
1360
1596
1396
1520
1508
1476
1492
1556
1408
1612
1412
1516
1540
1424
1472
1480
1440
1524
1472
1468
1524
1440
1520
1472
1496
1456
1528
1436
1496
1404
1500
1436
1500
1412
1520
1416
1484
1444
1448
1444
1468
1436
1496
1468
1448
1488
1396
1508
1432
1428
1428
1480
1384
1548
1364
1516
1496
1436
1496
1500
1344
1532
1396
1484
1512
1368
1476
1448
1404
1540
1424
1456
1588
1356
1568
1404
1432
1500
1464
1444
1588
1316
1520
1436
1448
1536
1416
1392
1504
1360
1532
1464
1380
1516
1352
1456
1492
1380
1452
1492
1336
1556
1364
1504
1436
1368
1400
1504
1368
1524
1356
1484
1476
1388
1436
1460
1428
1452
1400
1420
1468
1392
1436
1404
1460
1392
1460
1372
1444
1360
1488
1408
1480
1344
1472
1364
1452
1420
1448
1460
1460
1356
1436
1392
1352
1456
1364
1428
1420
1408
1468
1428
1316
1500
1368
1484
1440
1344
1420
1468
1356
1536
1332
1444
1456
1308
1460
1404
1344
1484
1364
1464
1560
1292
1528
1372
1412
1508
1440
1336
1476
1244
1532
1372
1376
1400
1340
1384
1488
1336
1500
1444
1372
1512
1328
1428
1400
1300
1404
1432
1316
1520
1316
1460
1432
1384
1396
1428
1316
1516
1356
1452
1428
1384
1400
1316
1356
1448
1432
1400
1432
1356
1440
1400
1420
1308
1412
1376
1428
1356
1396
1372
1444
1320
1436
1368
1436
1404
1372
1364
1396
1356
1424
1356
1352
1468
1320
1432
1400
1348
1420
1420
1292
1468
1276
1464
1388
1348
1396
1408
1336
1468
1264
1456
1448
1280
1460
1408
1372
1476
1276
1324
1460
1264
1484
1288
1316
1448
1368
1344
1432
1220
1500
1328
1348
1444
1336
1336
1412
1224
1452
1368
1340
1448
1320
1436
1420
1284
1396
1356
1348
1472
1304
1404
1380
1288
1432
1376
1276
1412
1276
1416
1356
1340
1388
1404
1372
1372
1364
1344
1388
1292
1412
1340
1392
1328
1400
1320
1384
1284
1328
1300
1372
1288
1432
1316
1384
1348
1344
1372
1396
1284
1400
1340
1300
1420
1276
1400
1324
1312
1348
1380
1284
1452
1232
1408
1352
1340
1384
1396
1284
1452
1220
1364
1380
1284
1440
1352
1300
1432
1288
1324
1388
1192
1436
1304
1308
1388
1332
1388
1436
1204
1400
1256
1324
1380
1284
1352
1436
1276
1448
1368
1320
1432
1268
1360
1372
1292
1360
1324
1224
1392
1260
1388
1328
1296
1316
1380
1284
1408
1244
1364
1340
1332
1344
1332
1312
1364
1328
1344
1372
1356
1368
1336
1364
1276
1372
1276
1344
1252
1312
1308
1356
1264
1412
1284
1348
1316
1272
1296
1284
1228
1364
1320
1304
1380
1244
1404
1336
1276
1328
1332
1252
1408
1180
1404
1308
1244
1348
1340
1252
1384
1200
1336
1316
1212
1400
1276
1248
1380
1224
1320
1368
1204
1444
1264
1332
1340
1244
1276
1380
1180
1424
1216
1332
1356
1268
1296
1356
1164
1340
1260
1232
1312
1208
1332
1340
1280
1360
1340
1256
1372
1200
1344
1288
1292
1320
1312
1204
1332
1216
1340
1308
1292
1324
1356
1292
1324
1264
1288
1316
1288
1288
1284
1288
1232
1324
1268
1296
1228
1280
1292
1344
1216
1400
1300
1328
1292
1256
1292
1288
1224
1368
1280
1260
1340
1180
1356
1292
1248
1292
1312
1208
1392
1176
1424
1316
1236
1312
1340
1236
1408
1188
1324
1332
1220
1408
1248
1228
1352
1264
1308
1380
1144
1396
1160
1276
1324
1216
1236
1320
1128
1436
1256
1284
1300
1200
1288
1340
1188
1324
1236
1216
1344
1216
1324
1272
1216
1284
1328
1252
1368
1232
1332
1260
1260
1240
1240
1208
1344
1260
1356
1264
1256
1248
1264
1224
1216
1296
1296
1308
1228
1276
1280
1308
1180
1284
1204
1324
1284
1252
1248
1344
1228
1348
1192
1276
1268
1224
1284
1268
1196
1304
1212
1236
1324
1188
1356
1252
1228
1316
1284
1192
1344
1100
1324
1256
1216
1276
1248
1204
1352
1136
1308
1248
1164
1348
1232
1236
1324
1160
1272
1328
1152
1384
1184
1252
1280
1228
1324
1348
1128
1312
1112
1260
1268
1160
1188
1236
1140
1308
1172
1168
1268
1156
1320
1252
1236
1288
1316
1180
1308
1128
1276
1244
1180
1212
1248
1180
1328
1188
1360
1236
1264
1196
1276
1244
1220
1244
1248
1268
1212
1204
1188
1228
1156
1292
1192
1252
1192
1228
1180
1260
1116
1288
1124
1216
1228
1160
1240
1236
1136
1292
1172
1180
1264
1108
1300
1196
1172
1268
1256
1192
1368
1132
1352
1220
1236
1272
1216
1140
1316
1076
1300
1236
1228
1320
1176
1168
1280
1164
1288
1276
1080
1356
1140
1236
1256
1160
1192
1252
1080
1292
1132
1228
1244
1164
1228
1268
1136
1284
1188
1220
1272
1136
1248
1244
1196
1244
1208
1128
1272
1140
1260
1172
1236
1212
1256
1148
1248
1192
1276
1208
1244
1196
1256
1204
1236
1212
1180
1228
1216
1220
1200
1228
1132
1272
1160
1232
1164
1168
1180
1248
1124
1284
1148
1224
1240
1164
1260
1228
1136
1276
1168
1184
1256
1100
1280
1212
1196
1276
1180
1176
1308
1068
1316
1164
1160
1260
1224
1148
1276
1040
1276
1184
1148
1280
1148
1164
1272
1124
1264
1232
1056
1296
1116
1200
1188
1112
1204
1240
1040
1272
1076
1204
1200
1164
1216
1216
1132
1276
1196
1212
1212
1100
1240
1180
1124
1176
1188
1164
1268
1140
1224
1152
1212
1176
1220
1140
1252
1160
1228
1172
1224
1156
1176
1160
1180
1208
1156
1188
1196
1228
1220
1184
1064
1232
1116
1244
1212
1180
1196
1208
1108
1304
1112
1228
1200
1144
1244
1228
1140
1260
1160
1196
1264
1068
1276
1148
1132
1236
1192
1160
1264
1036
1248
1136
1104
1224
1120
1160
1252
1040
1204
1168
1116
1272
1116
1140
1200
1088
1232
1208
1036
1292
1076
1164
1164
1136
1184
1188
1032
1280
1080
1212
1176
1136
1204
1216
1108
1200
1124
1188
1220
1144
1196
1148
1128
1164
1128
1116
1256
1136
1180
1124
1232
1176
1172
1032
1108
1112
1268
1180
1132
1088
1208
1164
1148
1160
1144
1184
1160
1124
1148
1164
1088
1220
1052
1228
1172
1164
1172
1164
1092
1276
1080
1184
1180
1112
1184
1120
1064
1228
1072
1160
1228
1036
1260
1128
1108
1216
1116
1128
1260
1020
1272
1108
1124
1208
1140
1068
1220
1020
1252
1084
1064
1252
1100
1152
1212
1068
1196
1152
1040
1284
1104
1208
1176
1124
1152
1152
1020
1232
1032
1160
1124
1108
1176
1140
1056
1168
1108
1160
1180
1088
1148
1132
1164
1140
1164
1112
1192
1120
1228
1048
1132
1028
1260
1124
1192
1116
1188
1028
1200
1088
1272
1152
1116
1156
1128
1172
1124
1116
1160
1168
1072
1212
1060
1160
1144
1100
1156
1140
1076
1268
1084
1164
1164
1116
1204
1124
1044
1204
1084
1132
1192
1032
1248
1124
1140
1204
1092
1100
1208
976
1212
1036
1072
1164
1104
1076
1220
992
1248
1100
1084
1204
1044
1116
1156
1052
1180
1156
1040
1244
1048
1148
1116
1068
1128
1172
1024
1256
1060
1156
1116
1104
1132
1112
1056
1168
1072
1112
1164
1096
1148
1088
1100
1100
1148
1100
1184
1096
1216
1104
1184
1096
1212
1068
1132
1104
1160
1092
1132
1272
1824
2260
2728
3300
3756
4328
4852
5416
6020
6392
6468
6680
6544
6740
6708
6692
6760
6804
6708
6916
6696
6820
6808
6752
6848
6776
6708
6856
6684
6780
6856
6656
6888
6712
6720
6780
6704
6696
6792
6560
6828
6640
6664
6704
6644
6636
6744
6532
6716
6564
6572
6728
6556
6628
6620
6516
6664
6596
6492
6732
6516
6644
6608
6556
6588
6572
6436
6676
6492
6584
6536
6492
6540
6540
6500
6588
6488
6520
6540
6492
6540
6488
6488
6480
6532
6464
6572
6488
6556
6436
6516
6412
6516
6420
6500
6440
6476
6452
6496
6412
6476
6392
6388
6468
6408
6472
6452
6420
6476
6460
6368
6508
6344
6476
6412
6408
6444
6420
6336
6524
6300
6440
6396
6288
6420
6360
6344
6476
6300
6376
6412
6252
6492
6328
6352
6504
6340
6352
6420
6260
6472
6320
6312
6432
6296
6356
6416
6244
6384
6276
6268
6372
6188
6276
6340
6304
6372
6312
6228
6392
6212
6352
6252
6204
6292
6340
6232
6384
6164
6240
6172
6244
6304
6328
6228
6260
6132
6260
6300
6232
6204
6148
6252
6232
6280
6168
6228
6172
6300
6188
6240
6156
6280
6136
6196
6152
6216
6212
6204
6080
6196
6124
6168
6200
6068
6164
6204
6136
6184
6156
6076
6244
6060
6204
6144
6144
6200
6156
6020
6224
5992
6148
6084
5992
6172
6080
6028
6184
6032
6140
6156
5952
6224
6036
6088
6156
6020
6084
6164
5940
6208
5992
6040
6092
6012
6020
6116
5900
6156
5980
6004
6124
5988
6052
6020
5924
6080
6040
5944
6124
5920
6108
6024
5996
6052
6012
5912
6104
5916
6000
5944
5972
6024
5992
5936
6000
5964
5988
6004
5932
5952
5884
5948
5912
5996
5912
5980
5860
5944
5868
5984
5884
5980
5864
6004
5884
5964
5892
6012
5884
5960
5840
5920
5976
5852
5908
5828
5868
5948
5896
5780
5956
5828
5964
5836
5772
5864
5916
5832
5988
5720
5912
5876
5760
5880
5792
5796
5952
5724
5844
5892
5748
5944
5748
5788
5860
5772
5784
5872
5684
5944
5752
5820
5832
5752
5792
5816
5672
5844
5692
5732
5844
5752
5792
5740
5684
5816
5812
5704
5840
5644
5764
5716
5708
5780
5780
5660
5788
5644
5784
5680
5684
5704
5732
5704
5796
5728
5756
5732
5716
5708
5676
5720
5660
5752
5668
5728
5660
5688
5628
5660
5552
5760
5572
5676
5640
5644
5656
5676
5580
5692
5588
5572
5632
5584
5692
5628
5616
5692
5636
5572
5732
5496
5688
5600
5572
5636
5612
5544
5752
5484
5684
5588
5516
5676
5548
5532
5684
5500
5644
5616
5456
5656
5468
5524
5612
5484
5540
5600
5436
5704
5464
5572
5588
5500
5556
5592
5448
5660
5476
5452
5560
5484
5576
5552
5464
5548
5492
5456
5592
5420
5544
5464
5492
5532
5508
5416
5544
5420
5544
5452
5496
5492
5508
5468
5528
5492
5500
5500
5468
5468
5416
5476
5440
5496
5376
5468
5416
5476
5432
5492
5368
5512
5340
5436
5396
5380
5412
5408
5316
5452
5360
5388
5468
5372
5420
5340
5332
5452
5380
5340
5520
5284
5452
5340
5328
5388
5364
5300
5460
5244
5444
5352
5312
5460
5332
5292
5432
5244
5376
5312
5232
5448
5284
5320
5372
5268
5364
5336
5188
5448
5248
5316
5356
5244
5308
5332
5184
5368
5244
5280
5356
5256
5284
5260
5228
5376
5284
5176
5344
5196
5372
5244
5284
5232
5288
5180
5272
5116
5276
5232
5248
5204
5244
5224
5268
5212
5176
5244
5260
5260
5172
5196
5200
5356
5184
5188
5128
5212
5236
5232
5080
5272
5140
5248
5204
5168
5196
5220
5136
5296
5148
5200
5240
5084
5188
5156
5132
5212
5124
5052
5236
5036
5232
5112
5084
5212
5172
5112
5244
5004
5220
5104
5052
5236
5084
5084
5196
4980
5148
5116
4996
5232
5044
5132
5180
5076
5116
5112
4972
5236
5004
5112
5108
5084
5108
5148
4996
5160
5000
5052
5108
4992
5104
5072
4996
5084
5052
4996
5096
4976
5076
5012
5024
5032
5056
4976
5064
4948
5088
5004
4996
5012
5052
5028
5060
5028
5020
4996
4948
5028
5012
5012
4928
5048
4948
5012
4932
4956
4932
4980
4880
5056
4892
4988
4972
4936
4992
4956
4868
5048
4888
4996
5040
4852
5068
4932
4924
4924
4872
4844
5048
4832
4968
4852
4876
4984
4916
4832
5012
4824
5048
4856
4792
4964
4884
4900
4948
4804
4936
4908
4792
4968
4780
4860
4900
4816
4892
4972
4800
5020
4812
4888
4888
4800
4856
4848
4752
4936
4800
4808
4860
4740
4904
4856
4796
4852
4856
4788
4924
4804
4920
4812
4840
4820
4852
4760
4860
4748
4816
4736
4812
4772
4860
4788
4804
4808
4828
4836
4828
4788
4788
4796
4708
4860
4704
4804
4764
4784
4776
4836
4672
4864
4648
4756
4712
4684
4776
4772
4700
4868
4696
4704
4792
4640
4808
4692
4660
4764
4688
4668
4804
4580
4812
4660
4708
4792
4708
4656
4824
4596
4808
4664
4628
4788
4652
4676
4748
4592
4712
4700
4600
4840
4620
4688
4696
4632
4680
4696
4536
4788
4556
4672
4676
4620
4680
4664
4544
4716
4600
4668
4720
4600
4668
4628
4612
4668
4600
4580
4708
4564
4688
4628
4648
4604
4656
4560
4676
4532
4608
4540
4620
4572
4628
4544
4588
4604
4564
4572
4576
4592
4616
4612
4556
4684
4532
4612
4548
4588
4564
4580
4464
4668
4480
4616
4576
4528
4612
4572
4492
4628
4468
4552
4636
4492
4596
4500
4468
4604
4476
4488
4628
4408
4624
4496
4516
4588
4508
4476
4664
4372
4592
4460
4472
4572
4456
4468
4580
4412
4588
4496
4384
4560
4384
4504
4572
4464
4532
4516
4404
4636
4380
4480
4444
4404
4484
4484
4376
4524
4392
4448
4476
4448
4480
4420
4460
4476
4476
4420
4432
4328
4528
4424
4420
4368
4460
4376
4460
4384
4384
4348
4468
4420
4440
4336
4452
4496
4404
4380
4352
4336
4388
4404
4348
4492
4336
4404
4360
4384
4412
4424
4284
4504
4296
4468
4416
4324
4400
4380
4364
4528
4276
4336
4388
4252
4452
4336
4312
4392
4272
4324
4444
4212
4468
4264
4276
4356
4296
4308
4436
4192
4412
4252
4256
4392
4244
4292
4380
4252
4396
4320
4188
4396
4160
4284
4288
4248
4304
4308
4180
4444
4212
4324
4288
4260
4292
4304
4200
4392
4220
4276
4296
4244
4308
4244
4220
4260
4236
4200
4296
4200
4304
4220
4268
4240
4284
4188
4284
4188
4260
4212
4308
4200
4252
4180
4232
4220
4188
4220
4240
4212
4252
4212
4132
4252
4116
4220
4168
4168
4188
4204
4104
4328
4092
4240
4172
4088
4184
4148
4120
4292
4120
4148
4272
4096
4292
4120
4156
4176
4196
4164
4312
4036
4276
4088
4144
4168
4056
4112
4248
4020
4204
4076
4136
4244
4068
4116
4196
4088
4220
4116
4076
4312
4092
4188
4112
4096
4168
4136
4008
4164
3980
4156
4092
4088
4136
4152
4040
4148
4020
4124
4108
4060
4060
4064
4064
4080
4080
3992
4104
4040
4092
4028
4084
4036
4132
4060
4116
4056
4088
4052
4092
4008
4124
4056
4128
4132
4036
4064
4068
4000
4012
3984
3924
4076
3924
4068
4000
3972
4008
4032
3976
4200
3980
4136
4056
3996
4100
4052
3964
4108
3900
4028
4016
3916
4096
3940
3936
4040
3936
3988
4096
3852
4080
3912
3988
4060
3960
3948
4068
3896
4124
3940
3956
4072
3920
3976
4044
3952
4080
3996
3900
4076
3880
4020
3988
3920
3964
3992
3884
4100
3864
3996
3928
3908
3972
3960
3900
4036
3912
3940
3912
3896
3908
3872
3880
3932
3940
3896
3992
3908
3964
3908
3956
3888
3968
3868
3972
3916
3924
3876
3928
3840
3928
3840
3880
3908
3868
3888
3876
3868
3932
3900
3836
3952
3796
3948
3872
3868
3932
3904
3788
3972
3712
3884
3844
3788
3880
3832
3812
3984
3756
3860
3884
3772
3960
3800
3820
3900
3772
3796
3916
3660
3948
3740
3828
3868
3824
3820
3924
3700
3948
3764
3804
3904
3764
3820
3868
3724
3884
3816
3792
3940
3732
3856
3828
3780
3824
3800
3732
3908
3708
3828
3756
3756
3752
3752
3772
3856
3736
3796
3732
3716
3788
3784
3748
3720
3788
3756
3828
3736
3756
3724
3860
3740
3808
3728
3832
3736
3716
3656
3756
3704
3852
3680
3708
3788
3700
3724
3676
3656
3724
3696
3672
3804
3592
3708
3708
3684
3764
3716
3620
3836
3596
3764
3708
3616
3736
3668
3660
3828
3624
3740
3748
3636
3868
3664
3708
3752
3644
3672
3764
3572
3804
3612
3680
3756
3660
3704
3768
3568
3752
3612
3640
3740
3608
3652
3696
3612
3700
3628
3596
3752
3568
3716
3636
3652
3676
3660
3572
3728
3520
3656
3656
3628
3632
3636
3592
3664
3564
3612
3612
3584
3644
3612
3660
3620
3652
3572
3668
3596
3608
3576
3620
3548
3672
3512
3628
3584
3596
3540
3580
3472
3612
3516
3580
3620
3540
3592
3584
3524
3548
3528
3544
3704
3476
3604
3540
3532
3584
3564
3472
3660
3392
3588
3520
3484
3600
3532
3516
3676
3460
3616
3580
3480
3672
3472
3580
3592
3540
3520
3592
3448
3656
3508
3544
3592
3472
3500
3580
3396
3640
3464
3508
3584
3428
3540
3532
3468
3512
3484
3456
3588
3376
3512
3488
3512
3460
3484
3420
3624
3440
3532
3480
3508
3532
3492
3420
3524
3472
3552
3500
3484
3548
3488
3476
3432
3476
3468
3504
3448
3432
3436
3492
3436
3524
3376
3492
3496
3456
3396
3484
3392
3548
3376
3432
3464
3380
3420
3420
3400
3468
3428
3356
3520
3308
3488
3432
3420
3468
3452
3356
3544
3284
3460
3412
3348
3480
3416
3368
3524
3332
3420
3416
3300
3504
3340
3364
3460
3320
3372
3468
3268
3536
3300
3404
3444
3356
3368
3448
3292
3492
3324
3380
3440
3316
3372
3400
3312
3452
3364
3324
3468
3272
3384
3372
3388
3392
3380
3272
3476
3312
3440
3332
3380
3364
3420
3364
3420
3332
3340
3332
3324
3336
3320
3332
3292
3384
3288
3348
3308
3324
3312
3352
3236
3368
3252
3356
3320
3312
3316
3332
3248
3376
3244
3280
3320
3228
3336
3336
3260
3356
3288
3256
3392
3196
3368
3288
3284
3344
3308
3240
3392
3168
3360
3284
3236
3344
3224
3192
3372
3168
3328
3300
3160
3372
3204
3296
3352
3232
3260
3312
3132
3372
3152
3284
3320
3236
3220
3300
3176
3364
3172
3204
3252
3156
3272
3252
3196
3284
3224
3204
3344
3188
3252
3212
3248
3260
3280
3216
3308
3160
3300
3096
3188
3224
3264
3204
3256
3240
3248
3212
3220
3180
3180
3288
3244
3244
3132
3268
3240
3228
3148
3228
3140
3324
3092
3184
3208
3208
3176
3196
3124
3264
3088
3164
3216
3136
3228
3184
3116
3224
3188
3176
3284
3032
3244
3176
3176
3204
3140
3072
3308
3048
3244
3136
3100
3208
3104
3136
3288
3056
3176
3180
3100
3304
3108
3160
3196
3068
3144
3212
3052
3240
2972
3072
3132
3068
3148
3204
3044
3220
3056
3148
3176
3056
3116
3132
3092
3132
3080
3060
3180
3052
3180
3100
3100
3096
3132
3060
3196
3056
3124
3048
3156
3092
3116
3052
3112
3044
3064
3084
3124
3088
3100
3108
3080
3136
3016
3080
3076
3056
3032
3084
2984
3132
2972
3084
3052
3016
3040
3076
2996
3160
2960
3052
3068
2968
3092
3016
3000
3096
2996
3016
3140
2932
3152
3032
3024
3100
3056
3016
3196
2936
3140
3004
3012
3104
2992
3008
3136
2924
3072
3060
2940
3124
2928
3044
3060
2924
3052
3052
2892
3124
2896
2972
3100
2980
3060
2976
2900
3068
2900
3004
2988
2968
3072
3048
2976
3028
2972
2960
3064
2908
3064
2944
2992
2952
2992
2944
3048
2892
3044
2956
3032
2932
3004
2976
3020
2956
2956
2964
3004
2968
2920
2944
2928
3032
2900
2976
2952
2972
2972
2944
2880
3064
2872
3008
2948
2912
2956
2976
2884
3044
2900
3012
2972
2828
2968
2956
2920
3032
2892
2904
3036
2820
2980
2872
2908
3008
2904
2892
3052
2820
3036
2872
2852
2952
2864
2876
2956
2772
2916
2884
2816
3012
2816
2924
2956
2864
2924
2940
2844
3020
2792
2916
2940
2868
2904
2948
2816
