19741
19755
4939

3352
3352
3476
3284
3260
3380
3324
3324
3368
3324
3380
3384
3324
3372
3276
3380
3344
3372
3320
3388
3260
3340
3276
3356
3304
3376
3272
3328
3284
3324
3376
3304
3272
3360
3304
3340
3324
3204
3364
3232
3352
3368
3332
3324
3356
3200
3440
3272
3328
3324
3232
3304
3348
3236
3408
3228
3248
3388
3248
3352
3300
3212
3356
3272
3196
3372
3164
3340
3264
3216
3324
3248
3164
3396
3144
3340
3296
3200
3348
3224
3232
3356
3200
3300
3288
3156
3364
3180
3216
3252
3220
3220
3292
3108
3360
3172
3280
3260
3240
3172
3240
3120
3328
3192
3200
3236
3200
3204
3276
3152
3228
3200
3180
3248
3172
3212
3172
3192
3136
3228
3172
3256
3156
3204
3140
3220
3144
3228
3164
3168
3196
3140
3140
3208
3136
3208
3200
3104
3280
3120
3188
3192
3132
3220
3264
3092
3292
3076
3228
3240
3124
3148
3136
3084
3328
3156
3132
3236
3096
3240
3144
3056
3228
3176
3088
3224
2988
3240
3112
3068
3168
3116
3080
3284
3020
3172
3100
3088
3228
3068
3068
3208
3052
3144
3108
3032
3256
3072
3120
3128
3076
3096
3152
3004
3212
3060
3148
3140
3112
3080
3132
3052
3164
3088
3100
3124
3084
3088
3092
3116
3128
3104
3052
3116
3056
3104
3032
3148
3052
3148
3028
3112
3084
3100
3028
3156
3064
3096
3036
3036
3108
3040
3052
3100
3044
3068
3056
2968
3144
3004
3084
3104
3048
3088
3112
2940
3208
2964
3060
3088
2992
3068
3084
2956
3172
2972
3028
3100
2956
3084
3024
2968
3116
3036
2980
3132
2888
3104
2972
2996
3112
2996
2932
3112
2888
3100
3012
2980
3120
2984
2964
3092
2940
3060
3012
2924
3100
2928
2996
3032
2984
2980
3008
2864
3080
2904
3004
2972
2956
2964
3028
2928
3048
2932
2984
3000
3000
2960
2964
2944
2964
2984
2956
3020
2952
2984
2892
2988
2904
3028
2928
3004
2948
2992
2924
3012
2908
2992
2908
2932
3024
2928
2924
3004
2916
2984
2940
2844
3060
2820
3008
2928
2848
2952
2948
2884
3036
2868
2912
2932
2876
2932
2968
2852
3040
2828
2892
2976
2816
2992
2908
2868
2972
2900
2864
2992
2804
3028
2916
2900
2968
2892
2868
3008
2764
2976
2860
2848
2948
2852
2884
2944
2792
2904
2912
2876
3024
2820
2884
2888
2904
2868
2904
2804
3028
2844
2928
2852
2876
2836
2888
2780
2884
2872
2860
2872
2868
2844
2832
2804
2824
2904
2872
2936
2868
2860
2828
2948
2852
2904
2788
2904
2868
2868
2808
2880
2760
2880
2852
2812
2864
2752
2808
2892
2796
2868
2820
2732
2936
2764
2876
2856
2776
2852
2868
2744
2964
2704
2852
2840
2792
2852
2860
2712
2972
2744
2800
2844
2748
2884
2788
2736
2900
2764
2744
2892
2660
2880
2752
2760
2864
2780
2704
2864
2652
2868
2740
2712
2844
2732
2756
2824
2728
2820
2784
2712
2844
2684
2792
2784
2780
2788
2812
2688
2904
2692
2792
2724
2812
2756
2876
2740
2876
2708
2800
2752
2772
2736
2752
2760
2764
2780
2704
2776
2696
2776
2676
2788
2692
2812
2660
2788
2780
2772
2720
2808
2676
2788
2692
2744
2792
2716
2756
2780
2636
2780
2736
2644
2812
2620
2776
2756
2672
2744
2732
2652
2908
2604
2720
2744
2688
2764
2704
2620
2836
2632
2716
2720
2584
2776
2696
2656
2748
2676
2700
2820
2560
2800
2676
2676
2700
2628
2620
2808
2588
2748
2616
2612
2796
2664
2680
2732
2612
2748
2680
2596
2772
2640
2688
2636
2652
2688
2692
2612
2732
2640
2748
2676
2688
2624
2708
2648
2712
2632
2640
2652
2716
2668
2668
2664
2656
2724
2660
2664
2604
2652
2604
2708
2588
2720
2596
2680
2684
2620
2620
2684
2564
2692
2636
2632
2700
2588
2644
2648
2592
2696
2676
2572
2796
2544
2684
2644
2556
2596
2584
2516
2780
2520
2660
2632
2556
2652
2600
2524
2732
2532
2636
2676
2528
2708
2560
2548
2656
2536
2524
2660
2448
2716
2556
2588
2680
2596
2564
2672
2468
2668
2536
2556
2692
2540
2568
2620
2492
2608
2556
2524
2636
2496
2596
2588
2580
2580
2612
2520
2660
2508
2620
2580
2628
2536
2620
2572
2632
2580
2564
2560
2564
2520
2544
2536
2516
2596
2520
2596
2564
2552
2520
2576
2452
2584
2516
2580
2556
2504
2484
2596
2488
2604
2456
2504
2600
2484
2512
2556
2460
2560
2528
2472
2656
2460
2544
2572
2480
2596
2552
2436
2592
2476
2596
2560
2464
2564
2492
2452
2636
2372
2548
2592
2440
2564
2436
2504
2580
2448
2452
2568
2372
2592
2376
2428
2516
2460
2472
2556
2376
2580
2456
2504
2544
2448
2500
2540
2492
2600
2496
2460
2572
2416
2508
2460
2464
2460
2512
2444
2568
2436
2544
2456
2496
2428
2444
2452
2524
2452
2444
2432
2524
2484
2480
2396
2388
2508
2500
2460
2384
2428
2456
2568
2396
2500
2360
2476
2500
2464
2412
2496
2368
2548
2380
2440
2560
2396
2472
2548
2476
2568
2428
2332
2556
2400
2564
2472
2352
2448
2444
2372
2592
2304
2468
2432
2396
2520
2416
2352
2532
2316
2428
2456
2340
2504
2360
2372
2508
2384
2424
2508
2316
2520
2360
2440
2472
2388
2380
2532
2348
2500
2328
2376
2452
2376
2424
2460
2380
2440
2392
2320
2488
2308
2412
2396
2432
2400
2440
2328
2460
2364
2432
2332
2456
2336
2428
2380
2452
2384
2380
2344
2428
2356
2380
2364
2356
2436
2332
2428
2400
2360
2344
2412
2304
2412
2268
2392
2388
2372
2372
2372
2268
2472
2348
2376
2412
2304
2404
2396
2284
2380
2340
2320
2464
2156
2356
2352
2344
2412
2296
2228
2520
2252
2424
2372
2332
2456
2344
2288
2440
2248
2400
2356
2260
2408
2288
2316
2364
2268
2328
2412
2216
2396
2248
2328
2360
2280
2284
2392
2268
2432
2268
2308
2340
2288
2292
2324
2276
2356
2316
2268
2380
2276
2312
2280
2340
2308
2356
2268
2376
2260
2300
2216
2312
2220
2304
2256
2332
2348
2328
2276
2340
2296
2336
2340
2264
2360
2228
2312
2328
2312
2284
2348
2216
2416
2240
2308
2320
2280
2284
2368
2204
2388
2216
2268
2348
2208
2284
2312
2180
2328
2244
2200
2372
2132
2304
2240
2204
2320
2256
2176
2388
2136
2332
2248
2208
2324
2232
2196
2364
2152
2324
2292
2196
2332
2184
2236
2316
2200
2252
2344
2200
2356
2168
2244
2300
2268
2220
2340
2200
2376
2192
2268
2284
2240
2260
2288
2224
2296
2216
2172
2292
2196
2292
2256
2256
2188
2228
2160
2272
2184
2260
2160
2264
2200
2272
2188
2200
2192
2192
2216
2280
2188
2232
2204
2184
2300
2132
2200
2240
2224
2244
2304
2128
2272
2084
2240
2260
2196
2204
2240
2108
2304
2152
2196
2264
2148
2220
2232
2144
2248
2108
2140
2300
2060
2256
2188
2132
2248
2128
2184
2292
2060
2196
2140
2152
2324
2228
2144
2300
2052
2252
2212
2124
2276
2152
2232
2252
2128
2188
2264
2144
2252
2104
2216
2240
2164
2128
2212
2052
2256
2140
2176
2212
2156
2148
2208
2156
2208
2124
2128
2208
2104
2176
2152
2188
2140
2176
2112
2196
2112
2164
2116
2184
2080
2140
2124
2164
2196
2156
2180
2192
2092
2172
2160
2120
2244
2068
2132
2136
2012
2040
2176
2076
2244
2048
2140
2184
2072
2164
2156
2024
2244
2092
2148
2164
2032
2208
2160
2084
2188
2048
2040
2232
1996
2196
2084
2080
2172
2092
2092
2288
1992
2204
2100
2096
2240
2132
2084
2184
1984
2148
2120
2040
2196
2012
2132
2148
2084
2096
2116
2036
2236
2036
2140
2108
2080
2064
2148
2020
2176
2028
2108
2088
2052
2056
2140
2076
2148
2088
2068
2096
2044
2096
2080
2112
2048
2108
2036
2132
2064
2148
2068
2180
2004
2108
2032
2136
2108
2060
2100
2144
1996
2092
2056
2040
2140
2012
2084
2100
2020
2064
2044
1988
2172
1948
2080
2084
2044
2112
2116
1976
2128
1980
2104
2120
1936
2072
2072
2044
2124
1940
2004
2212
1968
2112
1972
2008
2124
2028
1996
2176
1908
2172
2016
2040
2108
2028
2004
2112
1904
2112
2044
1976
2060
1948
2048
2064
1944
2004
2060
1976
2116
1924
2076
2052
2032
2012
2064
1948
2088
2004
2052
2080
2064
2048
2076
2028
2068
2024
1996
2048
1996
2076
2028
2056
1952
2020
1996
2052
2008
2032
1988
2096
1988
2096
1996
2004
2032
1956
2012
2060
1944
2036
2024
2000
2072
1880
1992
2012
1964
2012
2028
1884
2088
1876
2044
2040
1944
1972
1988
1888
2100
1916
2032
2048
1916
2020
1944
1908
2068
1920
1964
2084
1880
2100
1972
1980
2064
1940
1928
2112
1860
2092
1924
1932
2040
1928
1968
2076
1852
1996
1936
1940
2072
1900
1992
1984
1936
1964
1992
1896
2036
1844
1972
1968
1932
1928
2020
1900
2032
1888
1968
1984
1968
1936
1972
1928
1976
1948
1916
1972
1940
1960
1944
1972
1900
1972
1904
2008
1932
1992
1944
2036
1864
1980
1868
1952
1936
1888
1904
2000
1852
1984
1948
1916
2024
1860
2008
1972
1872
1956
1932
1848
2028
1792
1988
1940
1876
1940
1928
1820
2036
1804
1948
1972
1856
1964
1888
1844
2008
1840
1884
1984
1768
2008
1884
1884
1960
1856
1848
2044
1744
2028
1840
1876
1964
1868
1812
2032
1788
2044
1872
1884
1976
1820
1900
1916
1884
1920
1924
1868
1968
1828
1912
1940
1924
1900
1972
1860
1964
1840
1960
1928
1916
1852
1916
1896
1900
1892
1868
1936
1888
1892
1860
1912
1816
1912
1844
1920
1884
1888
1844
1956
1792
1920
1904
1916
1948
1864
1904
1924
1788
1932
1876
1832
1948
1780
1924
1920
1796
1916
1916
1836
2032
1748
1932
1900
1852
1872
1800
1736
1984
1748
1884
1864
1764
1932
1852
1776
1908
1760
1852
1960
1716
1940
1808
1836
1916
1776
1820
1960
1720
1912
1788
1860
1928
1756
1772
1936
1780
1940
1812
1816
1884
1796
1904
1892
1832
1864
1868
1784
1908
1772
1932
1776
1820
1792
1940
1788
1916
1772
1868
1812
1868
1820
1880
1836
1868
1840
1832
1856
1792
1800
1768
1852
1784
1924
1824
1896
1856
1824
1796
1872
1740
1904
1772
1828
1848
1796
1788
1852
1748
1832
1756
1792
1956
1716
1844
1828
1808
1880
1832
1728
1952
1756
1956
1820
1720
1876
1820
1720
1864
1684
1860
1868
1728
1824
1800
1788
1908
1696
1764
1852
1680
1884
1724
1780
1852
1792
1796
1872
1664
1924
1748
1772
1812
1732
1780
1816
1668
1848
1740
1764
1844
1712
1860
1828
1784
1784
1816
1748
1916
1716
1840
1784
1840
1788
1828
1724
1828
1764
1800
1792
1820
1772
1796
1784
1772
1760
1740
1812
1784
1784
1752
1800
1680
1784
1700
1808
1796
1800
1772
1848
1676
1816
1716
1740
1800
1728
1784
1860
1724
1836
1744
1712
1868
1672
1848
1788
1704
1796
1788
1684
1884
1648
1808
1764
1732
1796
1724
1668
1848
1652
1812
1800
1652
1824
1740
1732
1828
1656
1724
1804
1604
1820
1676
1724
1760
1668
1672
1828
1632
1848
1696
1732
1772
1688
1716
1788
1648
1796
1716
1712
1776
1648
1732
1716
1700
1732
1752
1672
1772
1648
1764
1736
1756
1700
1768
1732
1784
1712
1752
1740
1788
1680
1740
1696
1720
1736
1716
1744
1712
1688
1716
1800
1676
1792
1656
1748
1744
1724
1720
1800
1620
1812
1692
1732
1772
1668
1732
1764
1636
1792
1692
1652
1796
1584
1756
1736
1680
1744
1660
1620
1832
1576
1776
1700
1648
1772
1728
1680
1828
1592
1732
1728
1608
1776
1652
1660
1772
1648
1724
1776
1580
1808
1648
1708
1764
1684
1652
1780
1616
1836
1644
1708
1648
1668
1660
1788
1564
1712
1564
1716
1732
1592
1724
1652
1676
1692
1736
1628
1772
1668
1692
1632
1688
1660
1692
1648
1720
1684
1724
1720
2016
2596
3392
4152
4952
5652
5936
6260
6408
6436
6500
6540
6408
6620
6524
6680
6680
6644
6616
6712
6556
6776
6604
6668
6680
6560
6620
6660
6524
6712
6572
6568
6700
6500
6664
6640
6564
6616
6532
6460
6644
6352
6588
6480
6428
6572
6476
6424
6620
6424
6536
6476
6364
6544
6456
6408
6552
6404
6460
6504
6356
6580
6392
6460
6504
6440
6472
6536
6288
6480
6364
6468
6488
6396
6416
6468
6372
6460
6380
6384
6476
6312
6448
6388
6412
6332
6396
6300
6492
6292
6392
6284
6388
6276
6412
6324
6404
6312
6364
6328
6396
6312
6380
6328
6284
6372
6260
6320
6324
6284
6292
6356
6252
6380
6228
6340
6332
6296
6284
6364
6204
6324
6176
6276
6312
6168
6252
6312
6208
6364
6180
6156
6296
6148
6328
6212
6164
6284
6248
6156
6312
6040
6324
6180
6124
6224
6192
6204
6328
6052
6208
6188
6136
6252
6104
6156
6208
6080
6164
6224
6036
6208
6076
6160
6188
6128
6172
6204
6012
6236
6072
6156
6140
6068
6136
6192
6080
6168
6064
6080
6164
6068
6140
6120
6120
6076
6124
6056
6124
6008
6112
6052
6156
6028
6120
6016
6076
6052
6104
6044
6104
6004
6088
6048
6016
6088
5972
6044
6012
5988
5988
6064
5952
6104
5916
6028
6040
6020
6044
6048
5896
6096
5936
6024
6084
5948
6012
6000
5892
6032
5940
5956
6108
5848
6064
5992
5916
6016
5916
5880
6060
5804
6024
5908
5852
5956
5924
5876
6028
5756
5964
5944
5836
5980
5852
5864
5936
5832
5900
5936
5772
5984
5812
5920
5916
5852
5872
5960
5784
5988
5804
5884
5872
5796
5852
5912
5832
5920
5872
5860
5908
5844
5904
5840
5852
5796
5840
5764
5848
5748
5836
5772
5852
5756
5852
5752
5784
5736
5780
5788
5852
5736
5848
5768
5748
5832
5736
5812
5812
5764
5756
5772
5672
5848
5644
5760
5744
5676
5736
5788
5640
5832
5684
5756
5780
5660
5772
5756
5656
5788
5644
5648
5780
5576
5832
5720
5640
5736
5632
5620
5796
5532
5800
5676
5676
5752
5652
5632
5728
5524
5700
5644
5592
5720
5608
5676
5716
5572
5640
5672
5536
5728
5568
5676
5676
5620
5596
5688
5500
5676
5528
5628
5616
5552
5588
5620
5524
5680
5560
5640
5588
5500
5580
5560
5656
5536
5636
5516
5576
5484
5564
5520
5644
5516
5592
5476
5528
5540
5564
5540
5580
5444
5552
5496
5464
5548
5476
5572
5576
5532
5572
5592
5432
5612
5388
5532
5520
5436
5480
5528
5396
5596
5388
5500
5496
5364
5484
5524
5392
5564
5408
5484
5556
5368
5540
5488
5400
5520
5372
5404
5532
5296
5544
5412
5416
5480
5396
5388
5492
5280
5480
5400
5312
5436
5388
5416
5424
5336
5448
5508
5352
5500
5308
5416
5404
5376
5340
5436
5284
5500
5328
5408
5372
5412
5356
5336
5320
5416
5336
5340
5352
5292
5368
5348
5340
5232
5372
5364
5396
5244
5312
5260
5424
5228
5332
5232
5320
5320
5260
5264
5324
5236
5340
5260
5284
5368
5260
5320
5300
5188
5276
5308
5184
5288
5132
5340
5292
5184
5300
5356
5196
5388
5160
5252
5352
5216
5308
5220
5156
5336
5204
5172
5252
5084
5336
5224
5160
5236
5156
5148
5276
5000
5284
5168
5164
5248
5152
5168
5300
5092
5236
5156
5128
5264
5132
5192
5224
5120
5184
5192
5088
5256
5132
5244
5208
5132
5124
5220
5088
5244
5036
5188
5144
5112
5120
5192
5136
5116
5088
5120
5172
5084
5092
5064
5104
5056
5188
5092
5140
5020
5120
5076
5164
5032
5128
5044
5092
5100
5060
5032
5076
4980
5124
5064
4988
5116
5012
5152
5124
5020
5052
5076
4956
5180
4964
5140
5036
4976
5016
5116
4964
5168
4920
5036
5024
4980
5084
5052
4944
5120
4956
5056
5132
4872
5096
5004
5020
5112
4984
4964
5108
4852
5076
4928
4920
4992
4932
4952
5020
4844
5044
4948
4904
5004
4864
4932
4964
4872
4944
4960
4848
5020
4860
4988
4948
4920
4892
4948
4856
4988
4876
4968
4924
4940
4928
4956
4900
4956
4908
4904
4956
4896
4924
4896
4912
4804
4896
4848
4908
4864
4884
4840
4924
4772
4944
4796
4840
4852
4820
4860
4900
4792
4928
4848
4848
4936
4748
4844
4844
4792
4860
4856
4748
4940
4716
4864
4812
4744
4828
4868
4776
4992
4672
4840
4844
4748
4868
4824
4728
4892
4772
4820
4884
4644
4892
4752
4724
4804
4728
4724
4880
4636
4892
4736
4772
4780
4672
4720
4832
4644
4812
4732
4684
4808
4700
4756
4748
4636
4736
4756
4684
4824
4660
4760
4716
4728
4696
4804
4680
4824
4664
4760
4684
4696
4680
4732
4688
4716
4724
4676
4776
4716
4712
4708
4724
4572
4812
4656
4760
4604
4660
4612
4700
4548
4700
4636
4680
4668
4576
4608
4724
4580
4712
4624
4644
4740
4576
4672
4664
4632
4672
4628
4524
4740
4508
4672
4628
4556
4652
4636
4516
4708
4484
4656
4656
4504
4660
4604
4564
4684
4544
4604
4688
4464
4680
4572
4580
4632
4572
4572
4716
4468
4676
4516
4548
4608
4532
4516
4620
4460
4636
4564
4544
4624
4492
4552
4576
4476
4544
4616
4492
4592
4440
4576
4572
4592
4484
4556
4460
4584
4464
4548
4436
4508
4496
4584
4508
4544
4492
4480
4524
4528
4540
4484
4464
4364
4556
4480
4520
4440
4468
4480
4604
4404
4556
4400
4448
4480
4404
4484
4560
4364
4516
4456
4416
4476
4372
4516
4440
4352
4516
4492
4376
4512
4268
4460
4484
4412
4480
4440
4392
4568
4344
4460
4416
4320
4496
4428
4360
4500
4352
4444
4480
4256
4484
4356
4368
4424
4320
4368
4476
4228
4492
4332
4356
4388
4308
4344
4444
4292
4436
4324
4336
4444
4304
4384
4364
4308
4388
4396
4316
4432
4332
4412
4340
4332
4284
4340
4224
4328
4236
4344
4344
4380
4304
4336
4300
4304
4308
4340
4348
4352
4316
4284
4320
4228
4336
4232
4296
4260
4292
4256
4360
4200
4372
4224
4268
4276
4236
4312
4348
4204
4348
4228
4240
4400
4216
4348
4272
4188
4292
4204
4124
4324
4084
4340
4256
4188
4284
4240
4192
4412
4168
4300
4248
4148
4304
4232
4172
4316
4160
4248
4296
4116
4348
4160
4180
4236
4164
4216
4316
4100
4328
4108
4212
4212
4152
4192
4236
4112
4268
4192
4200
4252
4108
4200
4184
4120
4144
4180
4108
4208
4092
4188
4132
4160
4132
4204
4092
4188
4096
4172
4156
4172
4116
4188
4124
4136
4140
4120
4116
4132
4100
4140
4128
4028
4188
4100
4160
4104
4116
4092
4144
3976
4184
4048
4120
4124
4024
4084
4100
3996
4196
4060
4064
4172
4028
4188
4140
4064
4156
4084
4052
4228
3972
4168
4076
4032
4136
4084
3980
4140
3908
4144
4072
3976
4120
4028
3992
4128
3968
4072
4088
3928
4136
3968
4044
4112
4028
4060
4120
3908
4148
3972
4040
4060
3996
4028
4052
3920
4080
3984
3996
4068
3960
4048
4008
4028
4016
4032
3948
4060
3948
4080
3956
4020
3976
4040
3948
3996
3908
4000
3996
4016
3964
4024
4012
3952
4032
3956
3972
3952
3960
3944
4056
3900
4056
3860
3920
3868
3996
3948
4012
3828
4008
3892
3952
3980
3868
3956
3960
3816
4008
3908
3920
4024
3824
3968
3932
3880
3972
3868
3828
4060
3836
4012
3920
3860
3948
3896
3824
4008
3812
3992
3980
3876
3988
3888
3844
3904
3780
3896
3936
3772
3984
3808
3880
3872
3812
3852
3960
3760
4060
3840
3896
3852
3804
3832
3916
3740
3932
3824
3876
3876
3784
3884
3824
3820
3852
3868
3820
3952
3780
3900
3800
3896
3772
3864
3748
3880
3788
3868
3788
3860
3748
3872
3796
3760
3816
3800
3852
3832
3780
3832
3832
3684
3892
3748
3836
3788
3756
3784
3912
3764
3956
3724
3704
3816
3844
3864
3764
3596
3884
3808
3816
3836
3584
3796
3796
3708
3812
3764
3736
3900
3592
3816
3724
3788
3836
3716
3676
3904
3672
3820
3700
3668
3860
3748
3700
3764
3680
3804
3796
3608
3824
3676
3740
3768
3680
3712
3828
3636
3856
3668
3764
3760
3692
3716
3720
3628
3744
3668
3704
3720
3640
3704
3668
3644
3692
3720
3644
3704
3644
3732
3644
3704
3628
3752
3632
3664
3644
3664
3668
3756
3672
3708
3644
3640
3732
3648
3652
3696
3624
3628
3632
3564
3800
3664
3684
3604
3532
3616
3748
3584
3756
3504
3564
3628
3644
3756
3700
3492
3648
3572
3644
3748
3544
3680
3576
3532
3708
3652
3580
3672
3428
3712
3580
3596
3680
3584
3540
3696
3484
3708
3580
3496
3656
3560
3568
3652
3524
3612
3576
3452
3640
3492
3560
3580
3540
3560
3580
3432
3652
3500
3600
3572
3508
3548
3612
3504
3636
3540
3580
3564
3548
3572
3564
3548
3592
3588
3532
3588
3512
3596
3496
3564
3472
3580
3460
3552
3524
3524
3476
3564
3468
3584
3504
3508
3564
3484
3544
3536
3464
3500
3524
3440
3632
3476
3568
3536
3504
3520
3544
3388
3612
3420
3548
3532
3436
3532
3476
3368
3600
3452
3508
3568
3376
3556
3452
3392
3552
3444
3404
3548
3328
3588
3444
3428
3524
3468
3392
3560
3304
3556
3428
3400
3532
3428
3424
3468
3356
3472
3456
3332
3508
3328
3448
3440
3404
3472
3456
3372
3544
3352
3452
3416
3388
3416
3436
3344
3480
3404
3424
3404
3388
3440
3420
3420
3388
3436
3416
3444
3392
3432
3392
3452
3332
3452
3332
3412
3400
3404
3324
3400
3308
3452
3364
3332
3396
3320
3372
3384
3352
3412
3404
3304
3452
3272
3420
3352
3372
3332
3336
3284
3484
3340
3356
3404
3276
3408
3404
3268
3488
3320
3396
3412
3208
3452
3340
3308
3388
3288
3296
3456
3212
3460
3284
3272
3360
3280
3260
3396
3200
3424
3288
3276
3384
3264
3340
3336
3220
3320
3348
3240
3408
3232
3312
3316
3332
3332
3364
3156
3356
3236
3380
3300
3300
3248
3332
3216
3340
3272
3320
3272
3244
3288
3292
3308
3284
3332
3228
3292
3236
3304
3224
3316
3200
3372
3220
3320
3328
3312
3236
3324
3204
3352
3220
3228
3292
3216
3276
3252
3160
3300
3284
3208
3332
3140
3236
3260
3228
3300
3252
3116
3352
3132
3264
3212
3112
3292
3256
3120
3276
3140
3244
3284
3120
3308
3184
3188
3348
3200
3160
3264
3040
3344
3140
3152
3224
3188
3180
3284
3024
3260
3128
3148
3236
3128
3156
3204
3088
3224
3180
3108
3268
3128
3192
3156
3148
3188
3228
3096
3244
3116
3196
3136
3144
3180
3196
3108
3180
3132
3172
3148
3096
3136
3160
3160
3132
3196
3096
3124
3120
3164
3112
3216
3088
3240
3108
3164
3148
3156
3112
3156
3036
3192
3084
3092
3180
3084
3184
3144
3044
3132
3116
3048
3192
3036
3176
3100
3072
3144
3152
3016
3208
2992
3160
3140
3040
3132
3080
3028
3192
3000
3092
3140
2984
3200
3044
3044
3164
3056
3104
3172
2996
3224
3008
3076
3128
3072
3100
3140
2948
3188
3072
3084
3128
3056
3076
3088
2992
3092
3044
2968
3120
3020
3116
3056
3020
3044
3076
2972
3132
3004
3100
3044
3068
3044
3096
2988
3064
2976
3008
2996
3012
3032
3036
3036
3000
3044
2984
3028
3028
3056
3004
3108
2972
3136
2984
3044
3020
3012
3000
3076
2904
3096
2944
2988
3060
2944
3036
3020
2936
3056
2968
2916
3076
2892
3080
2988
2960
3028
2976
2896
3132
2884
3024
2984
2932
3068
2984
2916
3088
2904
3024
3008
2900
3080
2920
2940
3048
2936
2964
3020
2828
3084
2900
2944
2996
2916
2932
3020
2844
3036
2896
2940
3036
2912
2952
2948
2868
2984
2924
2876
3040
2908
2972
2916
2924
2932
3004
2904
3044
2872
2976
2904
2960
2920
2968
2884
2956
2908
2944
2884
2884
2928
2932
2920
2860
2924
2864
2920
2892
2932
2888
2972
2848
2992
2848
2924
2920
2876
2864
2936
2820
2988
2860
2884
2948
2816
2880
2908
2828
2964
2884
2832
2996
2780
2944
2856
2764
2952
2892
2840
3004
2772
2852
2892
2768
2940
2844
2808
3004
2792
2908
2888
2788
2992
2784
2800
2876
2812
2836
2916
2708
2968
2740
2812
2840
2764
2820
