11768
11785
2946

1148
1148
1308
1228
1204
1356
1244
1224
1324
1164
1264
1268
1164
1352
1180
1228
1272
1212
1276
1304
1188
1388
1204
1268
1280
1268
1284
1284
1168
1316
1184
1240
1284
1232
1272
1240
1260
1288
1268
1228
1276
1196
1280
1220
1288
1244
1276
1172
1304
1180
1256
1176
1292
1168
1272
1172
1244
1240
1228
1236
1260
1232
1244
1236
1160
1300
1172
1264
1228
1216
1200
1284
1148
1336
1176
1284
1264
1176
1244
1228
1144
1340
1204
1216
1340
1176
1348
1264
1228
1292
1232
1184
1356
1100
1304
1208
1228
1252
1148
1108
1336
1156
1280
1192
1168
1296
1192
1156
1264
1124
1268
1244
1120
1336
1176
1232
1228
1136
1208
1284
1144
1320
1120
1228
1240
1188
1224
1252
1184
1352
1188
1216
1264
1204
1236
1164
1184
1244
1220
1176
1212
1148
1264
1148
1220
1140
1240
1152
1252
1204
1276
1180
1268
1184
1232
1188
1200
1220
1208
1160
1188
1188
1276
1256
1112
1296
1172
1256
1220
1220
1208
1272
1160
1340
1104
1240
1252
1196
1204
1240
1132
1288
1120
1168
1280
1104
1256
1184
1156
1304
1224
1200
1304
1048
1336
1208
1200
1248
1168
1156
1328
1092
1300
1188
1148
1256
1160
1220
1268
1164
1240
1212
1124
1280
1108
1236
1244
1188
1236
1268
1132
1324
1108
1172
1160
1156
1204
1252
1112
1264
1148
1184
1200
1124
1144
1164
1208
1192
1196
1148
1268
1208
1228
1120
1228
1148
1224
1132
1204
1172
1196
1136
1196
1124
1232
1180
1140
1200
1172
1204
1212
1140
1152
1156
1108
1260
1100
1176
1196
1156
1196
1216
1092
1292
1088
1188
1164
1124
1168
1168
1092
1268
1140
1196
1224
1048
1244
1148
1132
1264
1116
1132
1304
1064
1284
1124
1140
1256
1156
1136
1272
1080
1260
1136
1148
1280
1152
1116
1168
1100
1196
1160
1100
1276
1132
1128
1248
1136
1184
1156
1064
1184
1156
1216
1208
1164
1124
1168
1116
1232
1080
1172
1188
1128
1172
1116
1144
1160
1160
1116
1228
1152
1212
1092
1208
1132
1204
1112
1176
1148
1180
1124
1200
1072
1188
1132
1140
1216
1144
1120
1160
1160
1196
1152
1080
1228
1064
1164
1164
1104
1168
1184
1092
1292
1084
1136
1144
1088
1168
1140
1084
1248
1072
1140
1244
1076
1244
1116
1104
1220
1100
1124
1240
1052
1272
1084
1124
1208
1128
1136
1252
1032
1240
1120
1120
1196
1080
1116
1216
1104
1172
1132
1092
1264
1096
1200
1168
1128
1152
1196
1096
1248
1044
1168
1148
1152
1156
1152
1076
1144
1076
1124
1144
1104
1140
1112
1156
1172
1156
1100
1176
1076
1160
1096
1220
1060
1200
1052
1140
1064
1096
1048
1152
1052
1212
1084
1156
1216
1140
1196
1188
1104
1156
1144
1080
1248
1036
1164
1104
1076
1112
1108
1020
1240
992
1140
1164
1056
1172
1148
1080
1216
1100
1172
1228
1072
1276
1168
1168
1164
984
1036
1224
1056
1228
1024
1124
1220
1084
1052
1160
1036
1272
1164
1128
1232
1124
1188
1176
1076
1176
1124
1060
1204
1028
1160
1124
1104
1076
1148
1080
1256
1088
1164
1104
1128
1124
1152
1060
1188
1076
1148
1128
1104
1128
1032
1092
1096
1132
1092
1108
1064
1100
1068
1200
1104
1188
1048
1156
1148
1132
1072
1156
1048
1124
1048
1092
1164
1088
1140
1152
1088
1156
1128
1032
1168
1012
1208
1136
1044
1084
1116
1064
1204
1012
1124
1128
1076
1192
1100
1004
1172
1012
1080
1148
1000
1156
1024
1064
1188
1060
1032
1128
988
1260
1068
1104
1116
1036
1084
1188
1008
1168
1012
1064
1156
1024
1088
1092
1008
1100
1076
1084
1196
1044
1140
1116
1124
1136
1100
1028
1176
1028
1128
1088
1108
1088
1076
1016
1108
1028
1060
1080
1092
1088
1084
1108
1080
1104
1028
1104
1052
1136
1020
1140
1036
1148
1036
1144
1124
1100
1044
1176
1068
1140
1044
1100
1192
1052
1068
1056
1020
1148
1100
1008
1148
988
1136
1080
1048
1092
1108
1004
1184
940
1140
1088
1032
1084
1036
1012
1188
972
1068
1156
1060
1188
1004
1008
1112
1024
1056
1148
956
1176
996
1068
1116
1036
1032
1100
980
1176
1040
1080
1148
1004
1088
1136
1052
1072
1012
1004
1148
1000
1096
1064
1084
1116
1064
1044
1100
1020
1016
988
1028
1068
1104
1000
1076
976
1084
1080
1056
1044
1044
1132
1060
1088
1024
1068
1056
1064
1012
1140
1028
1136
1004
1080
1092
1036
1016
1084
1000
1144
1016
1036
1100
1004
1072
1072
1008
1096
1044
996
1160
984
1104
1044
1048
1108
1076
988
1196
988
1116
1084
1020
1084
1064
1004
1160
968
1076
1112
1000
1184
1004
1024
1120
1028
1052
1164
944
1136
984
1060
1104
996
1024
1108
956
1128
980
1000
1060
976
1060
1092
1028
1072
1072
1048
1156
972
1092
1032
1092
1044
1080
996
1124
976
1072
1028
1060
1044
1076
1028
1072
1028
1052
1100
1048
1064
1032
1072
1028
1136
1000
1080
1028
1048
980
1080
956
1164
1008
1096
1080
1072
1028
1104
980
1100
992
1036
1104
968
1036
1028
1008
1120
1068
996
1188
956
1092
1044
1000
1084
1044
944
1092
944
1116
1024
960
1092
1028
996
1124
896
1020
1104
1004
1112
936
1008
1124
996
1016
1120
952
1144
924
1016
1048
1008
1036
1084
976
1124
964
1008
1052
980
1056
1084
1012
1052
1016
1020
1136
972
1064
1024
1060
1036
1064
1024
1140
988
1060
972
1024
988
1024
988
1076
1028
1020
1024
1020
988
988
1032
1024
1060
980
1052
1020
1004
972
1020
888
1040
928
1012
1028
984
1012
1092
964
1100
980
992
1100
944
1020
1020
964
1060
996
928
1072
888
1100
1024
1032
1076
1012
1040
1196
900
1008
984
952
1080
1020
940
1076
908
1052
1028
848
1044
900
972
1076
1012
1020
1044
884
1140
948
1032
1020
956
1008
1140
988
1076
904
964
1040
976
1000
1008
968
1016
1016
1004
1084
956
988
956
1028
1000
1008
932
1036
980
1048
988
988
932
1008
1000
1068
1036
1028
1032
1024
976
980
1036
952
1028
948
1012
1028
1036
1004
1068
932
1108
940
1004
1020
968
988
1020
904
1084
960
1016
1068
908
1004
1020
928
1028
964
948
1148
908
1052
968
960
1072
984
928
1116
916
1088
968
932
1092
988
984
1072
932
1008
1000
872
1096
940
1000
1024
892
956
1036
876
1112
900
1036
1036
1000
992
1032
936
1104
932
996
1028
940
1008
996
960
1016
996
972
1048
904
1004
928
992
936
996
944
1040
936
1028
952
972
948
980
908
1064
1040
1108
988
1012
952
980
1020
932
1048
976
1032
1004
948
964
1008
924
1064
912
1024
1044
960
972
1040
916
1064
936
988
1068
900
1020
996
932
1012
916
936
1080
860
1072
960
940
1024
976
992
1116
888
1088
964
944
1052
964
992
1108
916
1080
1036
908
1092
916
996
1036
936
984
1052
904
1080
880
996
1016
948
976
988
900
1036
896
1000
992
920
984
980
976
988
972
952
1020
932
1020
940
1020
960
1020
896
960
924
984
968
972
952
1012
988
1008
988
920
964
1012
952
952
972
920
1060
928
1028
992
972
948
1040
892
1080
880
972
980
924
972
972
880
1056
892
972
1020
900
1004
960
928
1036
944
892
1052
904
1084
912
932
1024
980
960
1056
788
1004
956
956
1016
888
940
1036
852
960
952
916
1056
852
936
988
924
960
960
844
1044
884
1020
988
956
1008
1028
908
1020
892
1000
984
908
956
968
968
988
956
948
1000
880
996
924
1020
948
1004
900
1004
916
996
896
980
876
1004
952
976
964
936
956
1020
972
996
1012
964
1040
892
1008
980
940
932
988
852
1032
852
980
952
908
960
996
876
1048
872
940
1016
844
968
904
872
1020
904
908
1024
788
988
884
944
1020
920
916
1044
836
984
876
900
1032
916
888
1020
880
976
940
888
1048
860
988
980
884
940
968
892
1068
844
972
940
892
912
992
884
988
832
936
988
940
932
892
908
956
956
944
972
924
1008
944
996
888
960
892
980
924
972
948
1000
880
980
924
944
936
908
940
932
888
976
960
912
1020
880
992
944
896
912
956
876
1072
848
972
960
888
964
972
856
1052
840
948
988
844
988
888
844
972
856
916
1020
796
996
868
940
988
876
912
1028
780
1028
900
940
996
844
888
996
872
1004
904
864
1024
852
944
948
876
952
996
876
972
828
964
936
884
892
952
844
936
844
956
960
912
936
892
928
928
896
892
952
908
952
880
960
900
984
920
992
916
924
860
1008
852
1028
892
940
944
916
872
1068
920
1016
904
872
1008
852
924
884
904
936
988
868
1032
828
960
952
860
956
948
824
992
844
916
988
808
952
876
896
1004
856
876
1024
828
1040
880
892
940
840
868
1004
784
988
860
900
1000
896
896
976
820
944
916
868
968
824
936
936
856
900
924
832
1020
840
984
956
912
908
936
832
940
828
912
940
880
880
880
924
928
908
876
932
868
952
904
940
852
924
844
932
880
888
864
972
860
956
884
916
940
860
944
948
840
884
924
844
1004
840
976
944
876
908
920
820
1004
796
964
928
840
928
944
812
996
824
880
924
848
1016
888
900
1032
912
944
976
712
976
904
996
936
868
908
1060
796
960
832
896
964
812
876
952
844
948
860
816
952
840
956
900
880
912
968
836
976
816
932
900
900
904
932
872
944
844
916
896
872
880
892
936
900
892
880
896
896
928
888
936
836
956
876
924
876
872
860
932
816
932
856
904
960
852
912
924
840
916
920
880
972
804
952
916
848
924
924
824
1028
772
956
900
852
880
868
816
984
796
932
956
812
968
836
892
960
844
896
1008
784
1012
828
892
980
888
896
988
764
944
808
864
956
884
920
940
832
988
892
780
916
800
928
888
872
844
884
816
976
788
880
864
884
836
892
848
896
796
896
944
916
876
832
852
868
928
860
892
844
892
868
980
828
920
816
868
904
896
880
936
764
916
872
904
896
768
852
900
820
944
896
840
968
812
924
884
800
884
896
812
1000
772
900
888
832
924
856
812
984
812
928
916
776
940
836
852
972
804
844
964
780
972
796
884
924
852
884
964
772
956
788
848
892
844
924
944
812
900
872
840
908
756
884
900
920
872
912
852
984
788
852
836
908
820
892
824
880
844
920
888
880
896
892
896
816
844
832
908
880
864
840
972
844
956
820
888
864
836
840
916
772
940
816
876
876
888
860
928
752
924
820
888
964
808
916
860
832
880
864
788
996
788
912
844
784
924
852
796
956
764
900
908
812
968
824
832
936
836
928
1004
808
984
828
920
908
832
836
944
760
980
812
1020
1316
1576
1984
2404
2852
3392
3576
3684
3756
3664
3776
3708
3752
3800
3876
3816
3908
3756
3880
3828
3828
3768
3828
3828
3924
3832
3864
3824
3844
3836
3812
3808
3756
3836
3748
3820
3812
3812
3724
3804
3668
3836
3708
3796
3788
3732
3716
3788
3700
3840
3692
3708
3780
3672
3716
3716
3644
3748
3672
3676
3828
3628
3764
3700
3680
3784
3668
3636
3828
3616
3724
3712
3652
3760
3644
3620
3804
3592
3708
3676
3596
3792
3684
3676
3716
3604
3716
3776
3592
3764
3572
3708
3732
3636
3680
3740
3596
3788
3580
3652
3688
3608
3676
3704
3636
3708
3588
3580
3700
3588
3676
3604
3628
3632
3660
3612
3732
3568
3676
3628
3708
3628
3652
3624
3676
3600
3640
3612
3668
3608
3596
3620
3584
3632
3584
3632
3604
3596
3568
3660
3540
3688
3544
3624
3592
3564
3572
3636
3504
3660
3512
3576
3628
3476
3604
3608
3500
3608
3520
3504
3644
3460
3632
3524
3516
3596
3580
3488
3640
3388
3604
3552
3524
3592
3532
3484
3652
3452
3576
3540
3444
3620
3492
3532
3588
3480
3572
3612
3440
3640
3448
3556
3544
3496
3508
3580
3432
3596
3428
3524
3532
3452
3500
3520
3452
3504
3476
3472
3520
3400
3584
3540
3488
3468
3528
3524
3568
3448
3504
3456
3524
3508
3512
3460
3524
3476
3488
3468
3512
3420
3444
3460
3424
3508
3428
3448
3484
3476
3508
3528
3344
3476
3360
3488
3500
3420
3468
3524
3352
3544
3368
3436
3452
3336
3488
3468
3416
3504
3376
3396
3480
3280
3492
3392
3388
3448
3416
3380
3540
3284
3480
3380
3340
3468
3380
3368
3484
3304
3472
3444
3316
3456
3268
3372
3436
3348
3404
3416
3268
3468
3280
3380
3380
3316
3364
3412
3316
3472
3300
3372
3388
3324
3380
3340
3304
3360
3316
3344
3388
3284
3372
3304
3336
3348
3380
3324
3392
3244
3356
3352
3380
3292
3312
3332
3388
3340
3300
3328
3356
3324
3340
3340
3276
3360
3268
3292
3284
3308
3324
3356
3228
3420
3272
3328
3284
3256
3320
3380
3228
3380
3212
3308
3400
3240
3356
3292
3248
3344
3228
3284
3384
3096
3388
3244
3312
3300
3260
3184
3340
3120
3324
3244
3236
3304
3208
3184
3340
3124
3328
3272
3196
3340
3196
3276
3308
3216
3288
3316
3196
3376
3180
3284
3272
3240
3252
3276
3164
3340
3196
3292
3236
3172
3224
3260
3196
3252
3212
3228
3304
3156
3276
3188
3256
3204
3284
3184
3284
3188
3280
3200
3236
3180
3232
3164
3216
3244
3228
3248
3244
3184
3208
3188
3132
3232
3144
3180
3188
3120
3176
3212
3088
3288
3116
3208
3204
3120
3208
3212
3100
3252
3084
3176
3184
3056
3208
3140
3068
3208
3124
3172
3252
3048
3188
3148
3168
3248
3140
3148
3280
3028
3220
3068
3060
3192
3136
3100
3152
2988
3204
3140
3012
3128
3032
3164
3160
3056
3124
3176
3076
3224
3024
3164
3100
3072
3128
3144
3068
3192
3060
3128
3084
3056
3120
3116
3040
3068
3076
3112
3116
3064
3136
3068
3108
3036
3120
3068
3124
3004
3092
3044
3112
3028
3100
3044
3104
3076
3036
3060
3100
3060
3092
3072
2996
3140
3036
3100
3060
3004
3032
3060
2948
3132
2980
3096
3056
2988
3060
3068
2956
3152
2960
3076
3084
2932
3092
3036
2960
3052
2972
3028
3112
2892
3136
3036
3040
3108
3056
3036
3140
2912
3132
3012
2992
3084
2976
2972
3076
2912
3076
3012
2936
3068
2908
2996
2972
2924
2984
3040
2900
3092
2920
3052
3000
2952
2956
2980
2912
3036
2904
2996
2952
2928
2980
2976
2972
2972
2964
2968
3036
2996
3040
2964
3028
2896
2980
2956
3016
2900
2948
2924
3032
2908
3000
2904
2944
2940
2928
2924
2956
2900
2984
2948
2880
2988
2884
2932
2920
2908
2984
2996
2824
2984
2820
3032
2980
2844
2904
2940
2884
3092
2892
2940
2940
2816
2940
2928
2876
2980
2816
2892
2976
2788
3028
2876
2868
2952
2872
2888
2976
2800
3020
2880
2880
2932
2868
2884
2988
2776
2940
2844
2828
2980
2808
2900
2848
2808
2892
2896
2796
2960
2784
2956
2896
2864
2868
2876
2792
2932
2804
2920
2860
2852
2860
2844
2844
2872
2828
2820
2860
2812
2860
2816
2892
2804
2884
2788
2896
2808
2852
2828
2936
2816
2900
2792
2852
2836
2812
2844
2896
2760
2840
2860
2812
2844
2708
2832
2868
2816
2780
2844
2804
2956
2708
2844
2828
2768
2840
2856
2704
2936
2752
2868
2820
2680
2860
2808
2800
2856
2732
2776
2908
2672
2900
2736
2800
2788
2820
2800
2916
2636
2840
2716
2772
2812
2720
2796
2908
2756
2884
2732
2708
2832
2716
2804
2824
2756
2820
2804
2724
2844
2676
2832
2764
2732
2768
2808
2716
2820
2696
2788
2732
2756
2732
2736
2732
2732
2724
2740
2744
2688
2724
2728
2792
2716
2796
2672
2748
2724
2748
2752
2796
2684
2788
2700
2764
2748
2700
2780
2776
2660
2812
2704
2656
2760
2676
2772
2752
2652
2724
2728
2684
2832
2564
2756
2696
2664
2732
2700
2600
2824
2612
2772
2744
2600
2680
2644
2684
2812
2608
2680
2756
2620
2832
2636
2652
2700
2692
2716
2760
2556
2796
2648
2660
2684
2620
2668
2700
2548
2708
2680
2676
2728
2568
2692
2716
2652
2684
2648
2636
2792
2600
2712
2628
2632
2668
2684
2612
2712
2568
2692
2604
2624
2640
2680
2660
2628
2652
2660
2676
2620
2636
2628
2712
2612
2716
2592
2636
2600
2640
2632
2696
2548
2716
2612
2660
2644
2592
2636
2668
2560
2688
2636
2620
2700
2576
2668
2604
2548
2632
2624
2556
2732
2496
2684
2620
2560
2636
2636
2560
2704
2516
2692
2672
2572
2692
2600
2572
2648
2528
2612
2636
2504
2716
2536
2592
2620
2552
2580
2640
2484
2720
2556
2596
2604
2556
2628
2648
2500
2628
2556
2560
2644
2540
2636
2588
2536
2600
2604
2512
2644
2492
2612
2536
2564
2532
2588
2500
2636
2536
2604
2544
2564
2576
2564
2572
2536
2580
2548
2572
2516
2544
2524
2596
2504
2600
2516
2580
2564
2492
2500
2564
2496
2628
2452
2516
2524
2516
2584
2572
2424
2556
2508
2500
2576
2400
2568
2524
2464
2556
2512
2428
2596
2392
2612
2520
2440
2532
2524
2500
2680
2428
2560
2480
2404
2584
2428
2444
2532
2412
2552
2588
2436
2616
2408
2456
2516
2460
2492
2540
2324
2556
2428
2556
2516
2408
2456
2512
2400
2556
2440
2416
2476
2428
2528
2504
2452
2492
2512
2456
2556
2392
2540
2412
2456
2444
2504
2416
2500
2404
2532
2476
2496
2444
2476
2452
2436
2452
2444
2440
2452
2468
2436
2472
2368
2516
2432
2496
2460
2436
2444
2488
2364
2528
2408
2452
2468
2432
2464
2452
2384
2520
2412
2384
2492
2348
2544
2428
2380
2460
2456
2396
2556
2296
2512
2372
2352
2436
2448
2356
2520
2300
2476
2468
2348
2524
2356
2444
2532
2400
2420
2420
2280
2572
2312
2444
2380
2400
2384
2444
2256
2520
2376
2428
2436
2320
2432
2428
2296
2416
2408
2440
2440
2320
2416
2388
2388
2388
2364
2308
2440
2332
2488
2360
2392
2324
2396
2332
2428
2356
2444
2360
2404
2368
2412
2392
2348
2392
2304
2356
2340
2336
2356
2376
2292
2420
2312
2356
2320
2312
2336
2428
2260
2432
2312
2352
2364
2304
2364
2376
2284
2424
2340
2340
2428
2256
2404
2324
2260
2372
2324
2268
2416
2244
2400
2296
2280
2356
2300
2300
2456
2252
2412
2320
2256
2404
2240
2240
2332
2292
2440
2340
2156
2424
2264
2368
2328
2224
2308
2364
2236
2396
2248
2348
2332
2280
2336
2364
2256
2368
2264
2288
2356
2260
2332
2280
2284
2324
2316
2244
2304
2220
2356
2300
2324
2292
2344
2244
2280
2244
2336
2272
2272
2228
2324
2300
2288
2300
2288
2300
2280
2256
2276
2308
2188
2392
2228
2312
2260
2260
2308
2328
2168
2344
2160
2268
2280
2212
2288
2244
2196
2324
2228
2252
2352
2196
2360
2272
2200
2296
2216
2208
2372
2156
2396
2232
2228
2308
2276
2256
2348
2112
2304
2228
2148
2288
2204
2248
2288
2176
2296
2308
2164
2344
2196
2236
2204
2204
2240
2240
2092
2308
2168
2300
2256
2212
2256
2272
2172
2288
2204
2212
2280
2204
2328
2204
2244
2180
2220
2152
2244
2136
2296
2212
2280
2232
2296
2180
2204
2188
2236
2204
2268
2196
2240
2228
2188
2220
2144
2184
2196
2180
2252
2268
2156
2304
2144
2196
2176
2112
2176
2228
2088
2280
2120
2188
2208
2180
2268
2208
2112
2280
2168
2176
2276
2108
2260
2156
2148
2244
2156
2124
2288
2068
2320
2172
2160
2216
2148
2172
2292
2056
2204
2112
2104
2288
2116
2148
2172
2096
2256
2204
2052
2264
2092
2200
2176
2120
2176
2188
2084
2232
2064
2204
2132
2108
2156
2156
2136
2240
2108
2128
2124
2080
2192
2152
2168
2124
2120
2088
2200
2096
2192
2092
2132
2088
2208
2140
2184
2152
2136
2108
2156
2080
2120
2092
2092
2196
2156
2172
2124
2088
2124
2140
2084
2220
2084
2172
2100
2072
2148
2172
2056
2196
2004
2104
2128
2072
2168
2124
2076
2220
2076
2092
2160
1984
2164
2040
2052
2136
2040
2088
2196
1940
2212
2060
2044
2128
2080
2076
2164
1960
2208
2100
2040
2152
2068
2084
2108
1992
2140
2144
2028
2148
1980
2068
2080
2000
2064
2108
2036
2220
2012
2036
2124
2060
2156
2072
2028
2100
2052
2060
2028
2008
2116
2060
2072
2036
2092
2044
2132
2016
2096
2044
2116
2008
2092
2012
2112
2060
2072
2024
2120
2024
2112
2020
2024
2112
2036
2044
2040
2036
2092
2084
1960
2172
1972
2060
2012
2028
2072
2048
1956
2148
1984
2076
2068
1988
2116
2060
1984
2128
2012
2060
2120
1956
2140
2020
2008
2052
1972
2036
2176
1920
2108
1964
2008
2096
1992
1968
2056
1924
2136
1980
1944
2116
2016
2044
2036
1916
2104
2084
1952
2088
1940
2084
2044
2012
2012
2024
1924
2100
1932
2064
2016
1988
2016
2028
1964
2080
1980
1984
2020
2004
2044
1980
2008
2000
2048
1996
2036
1976
2044
1960
2048
1976
2056
1972
2012
2000
2044
1984
2012
1956
2016
1980
1944
2052
1956
2000
1988
1940
1996
2008
1912
2068
1892
2028
1988
1968
2036
2032
1920
2092
1900
2048
2012
1956
2056
1988
1944
2072
1900
1976
1984
1876
2100
1940
1940
2020
1936
1924
2040
1848
2092
1916
1920
1996
1940
1924
2000
1852
2060
1956
1892
2020
1892
1980
1984
1904
1996
1924
1876
2052
1884
2016
1940
1948
1972
1980
1876
1992
1844
1976
1924
1944
1980
1968
1912
1996
1936
1916
1924
1932
1984
1924
1940
1940
1992
1916
1980
1908
1948
1880
1972
1880
2016
1936
1940
1900
1928
1908
1928
1868
1948
1880
1864
1948
1892
1948
1948
1876
1928
1916
1868
2040
1808
1936
1892
1868
1944
1932
1820
2008
1812
1952
1920
1864
1940
1912
1824
2004
1864
1948
1924
1760
2012
1892
1908
1936
1908
1864
1988
1820
2032
1808
1852
1964
1888
1888
1940
1764
1948
1832
1876
2020
1852
1868
1900
1844
1968
1912
1792
1928
1812
1972
1912
1868
1852
1852
1828
1984
1844
1924
1864
1860
1876
1900
1876
1896
1856
1852
1884
1916
1948
1880
1908
1856
1940
1868
1900
1852
1884
1860
1940
1844
1964
1812
1876
1884
1904
1904
1948
1860
1928
1856
1872
1956
1808
1864
1852
1812
1892
1856
1780
1972
1760
1940
1860
1812
1908
1884
1776
1976
1772
1864
1864
1792
1908
1820
1816
1932
1792
1884
1904
1728
1948
1788
1796
1860
1800
1828
1920
1728
1960
1760
1844
1888
1812
1840
1936
1740
1876
1792
1820
1944
1828
1876
1864
1792
1868
1828
1752
1916
1784
1900
1812
1804
1884
1880
1784
1824
1784
1924
1836
1816
1800
1756
1896
1828
1812
1764
1792
1808
1836
1852
1828
1832
1912
1792
1868
1768
1856
1772
1868
1704
1916
1744
1816
1764
1764
1756
1828
1708
1844
1772
1800
1892
1748
1816
1820
1764
1828
1804
1728
1900
1708
1836
1812
1784
1860
1812
1708
