21259
21282
5321

2868
2868
2940
2932
2932
2852
2984
2864
3008
2884
2916
2956
2916
2896
2964
2896
2944
2896
2840
2980
2844
2920
2924
2836
2908
2952
2828
2980
2768
2916
2940
2896
2956
2904
2800
2976
2808
2868
2852
2768
2900
2860
2832
2952
2816
2824
2928
2808
2976
2816
2828
2884
2880
2888
2976
2784
2932
2820
2920
2952
2844
2816
2876
2812
2924
2852
2800
2872
2788
2892
2908
2860
2824
2832
2760
2928
2784
2888
2744
2852
2824
2908
2796
2868
2796
2872
2840
2888
2808
2824
2816
2828
2856
2824
2828
2836
2820
2796
2860
2716
2844
2716
2832
2824
2860
2772
2860
2704
2872
2744
2792
2836
2772
2804
2832
2740
2828
2788
2716
2868
2704
2808
2800
2752
2820
2792
2708
2896
2676
2812
2784
2752
2820
2812
2688
2884
2636
2812
2792
2696
2796
2764
2748
2836
2748
2760
2816
2692
2904
2736
2756
2768
2752
2732
2852
2696
2876
2712
2748
2764
2704
2696
2764
2668
2776
2712
2744
2820
2680
2724
2736
2740
2728
2712
2672
2812
2668
2748
2676
2788
2740
2760
2752
2704
2748
2768
2744
2752
2716
2664
2808
2708
2776
2700
2696
2684
2700
2672
2768
2704
2784
2624
2700
2700
2708
2656
2752
2608
2788
2636
2724
2776
2684
2692
2740
2660
2764
2688
2672
2788
2604
2708
2696
2648
2692
2676
2596
2808
2588
2720
2676
2632
2708
2700
2596
2760
2580
2676
2656
2596
2728
2616
2652
2700
2628
2652
2684
2560
2744
2576
2668
2688
2604
2604
2712
2584
2732
2584
2656
2676
2616
2620
2700
2612
2688
2632
2628
2688
2588
2652
2616
2620
2624
2628
2580
2680
2552
2652
2572
2676
2600
2640
2588
2672
2584
2624
2584
2636
2560
2636
2600
2588
2612
2600
2576
2664
2576
2588
2644
2572
2660
2564
2628
2652
2580
2568
2676
2532
2668
2540
2596
2656
2548
2568
2608
2532
2676
2556
2548
2692
2468
2588
2552
2520
2616
2560
2492
2708
2428
2608
2608
2592
2596
2556
2528
2724
2476
2572
2540
2480
2652
2564
2536
2632
2556
2576
2616
2444
2592
2444
2564
2572
2528
2548
2632
2476
2612
2496
2552
2584
2524
2504
2540
2500
2592
2520
2508
2580
2500
2552
2520
2540
2516
2528
2472
2580
2460
2568
2484
2552
2444
2520
2492
2552
2472
2540
2508
2564
2492
2500
2520
2536
2540
2480
2488
2504
2500
2500
2580
2448
2584
2456
2516
2488
2444
2460
2544
2416
2612
2476
2516
2572
2452
2512
2524
2460
2552
2480
2456
2592
2428
2560
2476
2424
2500
2460
2420
2620
2344
2528
2464
2500
2528
2416
2400
2588
2416
2544
2496
2408
2548
2420
2452
2516
2428
2504
2544
2408
2564
2344
2464
2468
2452
2452
2512
2356
2508
2404
2516
2484
2428
2404
2456
2424
2492
2428
2436
2444
2396
2476
2460
2468
2428
2436
2388
2512
2404
2472
2364
2484
2416
2460
2388
2444
2392
2436
2412
2508
2376
2416
2384
2392
2416
2368
2408
2452
2372
2368
2440
2316
2476
2328
2420
2428
2388
2372
2412
2312
2468
2320
2420
2452
2360
2384
2420
2348
2476
2352
2380
2500
2304
2412
2372
2320
2424
2352
2336
2496
2296
2448
2352
2360
2428
2380
2356
2496
2276
2396
2384
2328
2460
2320
2352
2444
2332
2360
2392
2284
2448
2284
2364
2376
2320
2356
2424
2316
2460
2268
2348
2356
2360
2352
2360
2300
2416
2336
2352
2376
2296
2368
2336
2340
2316
2368
2332
2392
2276
2388
2328
2396
2296
2340
2280
2356
2300
2312
2304
2348
2348
2320
2364
2300
2396
2280
2380
2388
2348
2348
2332
2236
2356
2224
2336
2344
2300
2260
2328
2196
2396
2232
2308
2348
2260
2348
2356
2276
2384
2268
2272
2396
2204
2332
2288
2292
2356
2316
2236
2408
2160
2360
2264
2236
2324
2284
2260
2376
2204
2364
2312
2232
2356
2220
2280
2332
2256
2284
2344
2228
2380
2192
2312
2300
2272
2252
2316
2248
2380
2204
2292
2264
2288
2264
2284
2256
2300
2256
2284
2276
2228
2300
2256
2304
2244
2264
2208
2284
2220
2300
2168
2272
2172
2252
2192
2268
2252
2272
2232
2308
2180
2264
2288
2240
2248
2160
2204
2268
2196
2236
2252
2120
2300
2156
2260
2244
2200
2228
2300
2124
2340
2184
2260
2288
2172
2240
2232
2168
2280
2180
2220
2336
2068
2272
2228
2200
2220
2176
2180
2360
2124
2260
2152
2192
2300
2216
2124
2280
2124
2276
2200
2124
2260
2164
2228
2240
2144
2228
2220
2132
2264
2140
2240
2204
2164
2180
2260
2168
2252
2096
2196
2208
2224
2196
2196
2148
2244
2204
2172
2192
2160
2216
2168
2224
2156
2228
2168
2228
2136
2216
2160
2264
2096
2200
2124
2204
2172
2180
2112
2196
2092
2168
2152
2104
2212
2120
2172
2200
2096
2132
2188
2072
2244
2048
2184
2156
2104
2156
2188
2072
2240
2084
2196
2232
2124
2208
2188
2088
2208
2104
2120
2244
2056
2200
2132
2132
2160
2132
2084
2228
2036
2220
2116
2140
2204
2132
2068
2196
2116
2220
2132
2108
2168
2076
2140
2164
2056
2132
2176
2140
2204
2052
2144
2124
2120
2088
2144
2028
2188
2044
2188
2124
2120
2048
2120
2108
2148
2088
2092
2128
2084
2136
2092
2136
2028
2132
2080
2140
2076
2124
2016
2136
2036
2164
2076
2120
2072
2072
2060
2160
2028
2104
2068
2052
2108
1984
2076
2144
2080
2096
2120
2060
2252
2020
2128
2104
2040
2072
2112
2004
2188
2004
2092
2096
1972
2040
2048
1996
2140
2032
2096
2172
1984
2124
2028
2036
2100
2036
2032
2176
1964
2164
2012
2020
2068
2028
2024
2124
1924
2104
2020
2036
2116
2012
2084
2140
2056
2112
2108
1996
2132
1984
2124
2060
2028
2060
2108
1988
2060
1980
2096
2040
2076
2068
2056
2020
2044
2040
2020
2028
2012
2024
1996
2092
2028
2092
1948
1960
1948
2036
1984
2060
1936
2092
2016
2024
2012
2000
2028
2116
1976
2060
2012
2032
2116
1884
2020
2012
1916
2024
2012
2028
2108
1876
1984
1968
1952
2008
2036
1936
2164
1924
2040
2048
1944
2052
1984
1984
2084
1960
1992
2088
1924
2052
1944
1988
2020
1956
1924
2080
1876
2068
1916
2004
2016
1972
1996
2080
1884
2064
1988
1996
2060
1940
1968
1988
1932
2004
2008
1944
2020
1896
2044
1984
2004
1956
2004
1916
2032
1904
1996
1936
2020
1976
1988
1964
1968
1968
1964
1996
1940
1960
1948
2008
1932
2008
1908
1968
1996
1960
1920
1964
1868
1996
1932
1956
1980
1936
1976
1996
1852
1996
1948
1900
2028
1904
1980
1964
1912
1944
1976
1856
2028
1840
2012
1968
1884
1956
1960
1892
2052
1816
1976
1940
1848
1980
1960
1884
1976
1856
1972
2020
1836
1996
1864
1972
2004
1872
1832
2004
1820
1980
1788
1888
1968
1916
1908
1988
1808
1988
1896
1876
1924
1848
1964
1972
1836
1900
1916
1928
1956
1836
1952
1892
1904
1872
1928
1904
1972
1876
1928
1864
1884
1800
1860
1860
1880
1860
1892
1896
1876
1872
1880
1900
1840
1980
1888
1976
1924
1940
1876
1984
1812
1948
1836
1896
1896
1852
1864
1908
1828
1904
1884
1852
1960
1780
1892
1884
1788
1832
1848
1796
1984
1780
1932
1864
1804
1884
1884
1788
1964
1788
1940
1908
1836
1936
1848
1804
1912
1804
1868
1908
1788
1964
1832
1848
1888
1816
1796
1924
1788
1996
1828
1868
1896
1864
1844
1916
1764
1892
1828
1800
1884
1816
1852
1780
1732
1824
1888
1824
1912
1764
1876
1800
1848
1796
1844
1816
1912
1840
1892
1844
1872
1788
1848
1880
1840
1816
1780
1796
1836
1856
1800
1820
1700
1844
1784
1864
1820
1816
1764
1896
1756
1904
1776
1800
1828
1824
1852
1916
1716
1844
1764
1772
1900
1760
1844
1832
1784
1868
1844
1740
1936
1732
1868
1844
1792
1808
1792
1740
1928
1696
1860
1836
1740
1848
1796
1772
1828
1724
1788
1828
1664
1856
1760
1840
1872
1776
1768
1860
1680
1888
1728
1812
1856
1808
1792
1844
1716
1864
1756
1740
1800
1708
1812
1788
1772
1784
1844
1788
1880
1728
1852
1792
1808
1728
1788
1732
1792
1740
1788
1764
1796
1764
1820
1804
1776
1792
1752
1760
1756
1760
1740
1820
1756
1852
1720
1796
1756
1752
1716
1836
1668
1820
1700
1800
1792
1756
1760
1808
1708
1828
1752
1756
1812
1720
1788
1820
1720
1748
1744
1668
1744
1692
1784
1792
1700
1752
1752
1716
1864
1596
1804
1792
1724
1780
1700
1732
1816
1732
1736
1788
1640
1812
1668
1708
1720
1684
1724
1844
1632
1824
1676
1748
1720
1720
1732
1796
1676
1784
1716
1768
1760
1656
1716
1716
1712
1768
1740
1696
1740
1620
1764
1668
1720
1696
1764
1708
1740
1668
1712
1684
1776
1688
1740
1728
1724
1708
1712
1688
1752
1692
1756
1760
1644
1740
1692
1736
1740
1684
1716
1776
1636
1768
1636
1700
1708
1664
1720
1780
1644
1760
1676
1648
1764
1612
1744
1736
1676
1760
1736
1660
1788
1556
1768
1648
1644
1732
1704
1628
1776
1604
1748
1668
1572
1676
1676
1732
1788
1580
1648
1684
1628
1740
1576
1668
1764
1708
1692
1740
1624
1824
1632
1700
1664
1628
1656
1696
1612
1708
1676
1700
1704
1628
1736
1716
1664
1632
1644
1632
1688
1612
1728
1620
1708
1628
1732
1652
1676
1596
1668
1628
1720
1640
1724
1672
1632
1672
1600
1628
1652
1636
1704
1720
1572
1708
1604
1672
1656
1624
1636
1688
1560
1716
1604
1688
1664
1588
1648
1720
1588
1676
1548
1628
1704
1540
1664
1624
1588
1716
1636
1616
1736
1532
1756
1656
1616
1688
1648
1572
1704
1476
1696
1612
1596
1684
1620
1620
1676
1536
1628
1636
1532
1696
1540
1648
1644
1620
1668
1736
1572
1720
1572
1712
1660
1632
1628
1660
1548
1660
1552
1616
1612
1592
1620
1652
1616
1604
1620
1660
1656
1532
1624
1564
1636
1528
1624
1564
1624
1624
1656
1520
1596
1516
1632
1616
1604
1632
1572
1576
1592
1588
1612
1628
1480
1632
1560
1684
1604
1524
1564
1712
1556
1704
1476
1576
1572
1544
1608
1660
1484
1636
1512
1588
1676
1512
1644
1588
1540
1616
1560
1508
1644
1420
1640
1552
1544
1624
1560
1520
1676
1468
1664
1568
1508
1596
1528
1580
1612
1520
1640
1612
1524
1644
1504
1620
1592
1564
1572
1596
1464
1616
1508
1596
1568
1552
1588
1624
1536
1632
1532
1560
1572
1524
1540
1564
1564
1540
1560
1524
1556
1500
1556
1504
1628
1520
1636
1544
1564
1524
1548
1516
1652
1528
1600
1556
1556
1584
1548
1576
1576
1508
1568
1592
1504
1632
1464
1572
1560
1520
1556
1612
1448
1616
1456
1600
1564
1520
1588
1584
1460
1604
1492
1520
1596
1432
1584
1488
1484
1620
1496
1540
1600
1496
1580
1480
1428
1652
1568
1532
1592
1356
1600
1532
1468
1536
1504
1572
1580
1440
1516
1588
1484
1592
1448
1596
1572
1528
1512
1532
1452
1600
1468
1588
1516
1528
1532
1548
1472
1536
1492
1544
1532
1492
1548
1524
1556
1532
1556
1504
1532
1452
1540
1500
1544
1464
1560
1524
1544
1516
1520
1496
1552
1452
1488
1516
1496
1564
1476
1488
1516
1448
1536
1532
1448
1572
1452
1572
1524
1484
1500
1532
1412
1580
1420
1540
1524
1428
1492
1532
1432
1548
1468
1512
1596
1400
1516
1372
1424
1580
1472
1432
1556
1384
1608
1476
1480
1500
1500
1524
1596
1352
1548
1468
1464
1532
1448
1532
1572
1412
1472
1504
1460
1572
1372
1456
1444
1476
1512
1528
1380
1516
1404
1524
1464
1452
1456
1516
1428
1488
1444
1484
1448
1376
1424
1460
1484
1444
1460
1456
1508
1456
1504
1420
1508
1376
1512
1448
1468
1444
1488
1432
1508
1372
1512
1428
1424
1484
1408
1468
1460
1376
1448
1492
1396
1544
1388
1520
1468
1420
1564
1980
2344
3156
3528
4260
4904
5644
6236
6444
6464
6676
6568
6668
6744
6612
6840
6764
6752
6816
6796
6824
6920
6720
6924
6800
6820
6860
6792
6796
6888
6676
6868
6744
6748
6772
6684
6724
6736
6672
6732
6716
6636
6756
6592
6760
6680
6640
6624
6692
6608
6752
6620
6676
6572
6616
6568
6620
6532
6596
6556
6608
6592
6588
6620
6556
6592
6556
6632
6536
6568
6568
6588
6548
6712
6564
6620
6512
6572
6592
6584
6568
6588
6484
6652
6576
6508
6572
6484
6564
6524
6476
6564
6524
6388
6596
6452
6584
6476
6412
6488
6508
6388
6568
6328
6464
6444
6452
6524
6476
6348
6500
6400
6504
6524
6388
6512
6432
6420
6520
6400
6384
6472
6284
6512
6372
6392
6424
6372
6384
6460
6236
6440
6336
6380
6432
6372
6408
6408
6312
6420
6372
6336
6428
6348
6408
6352
6332
6336
6360
6248
6364
6244
6376
6284
6340
6324
6372
6284
6328
6260
6316
6296
6332
6320
6300
6296
6272
6356
6272
6272
6236
6280
6228
6292
6172
6324
6228
6268
6288
6276
6252
6268
6164
6308
6180
6168
6284
6184
6236
6220
6148
6256
6236
6148
6280
6104
6244
6184
6180
6256
6252
6144
6292
6076
6236
6160
6092
6236
6168
6064
6212
6092
6184
6208
6068
6216
6100
6136
6236
6140
6160
6256
6044
6240
6100
6096
6140
6044
6036
6172
6012
6284
6012
6100
6116
6076
6100
6056
6056
6196
6152
6016
6072
5980
6116
6064
6056
6064
6112
6032
6080
5944
6100
6012
6056
5964
6024
6012
6044
6000
6024
6028
6032
6028
5984
5972
5964
6076
6036
5956
5916
5972
5988
6036
5924
6044
5960
5940
6000
5956
5992
6076
5916
6044
5984
5964
6024
5884
5964
5980
5908
5992
5952
5876
6028
5840
6000
5932
5888
5964
5968
5852
5996
5828
5980
5924
5868
5912
5880
5860
5976
5772
5860
5908
5828
5972
5812
5780
5868
5896
5908
5912
5692
5972
5808
5852
5804
5764
5816
5880
5724
5892
5760
5836
5896
5816
5860
5852
5792
5844
5804
5804
5876
5720
5820
5784
5812
5788
5832
5720
5804
5740
5848
5728
5768
5740
5840
5788
5768
5712
5764
5764
5768
5704
5756
5744
5684
5748
5684
5744
5720
5716
5692
5764
5660
5836
5692
5736
5744
5700
5688
5732
5616
5788
5656
5668
5724
5620
5704
5684
5616
5696
5648
5596
5760
5596
5768
5668
5636
5704
5696
5612
5788
5564
5732
5640
5604
5672
5628
5596
5696
5528
5676
5664
5532
5724
5584
5640
5652
5568
5616
5676
5488
5676
5512
5600
5604
5580
5588
5640
5492
5656
5544
5564
5572
5504
5584
5568
5540
5588
5564
5528
5584
5488
5608
5492
5528
5520
5576
5500
5592
5484
5584
5476
5568
5508
5556
5464
5512
5492
5524
5472
5524
5500
5524
5552
5456
5556
5476
5524
5496
5500
5492
5576
5380
5604
5420
5492
5488
5472
5464
5468
5364
5532
5424
5404
5516
5376
5464
5484
5380
5472
5428
5388
5520
5300
5492
5384
5320
5404
5424
5364
5488
5260
5436
5368
5404
5472
5384
5264
5404
5316
5488
5420
5284
5384
5288
5348
5388
5332
5352
5392
5260
5512
5336
5352
5348
5300
5348
5416
5260
5396
5232
5324
5336
5292
5316
5304
5248
5332
5324
5308
5404
5312
5392
5308
5352
5292
5332
5244
5292
5252
5344
5240
5332
5236
5328
5252
5284
5280
5308
5260
5276
5272
5288
5292
5220
5296
5180
5248
5240
5244
5240
5260
5144
5324
5140
5216
5208
5188
5228
5276
5116
5284
5152
5176
5268
5140
5244
5200
5116
5240
5176
5136
5296
5048
5296
5120
5176
5188
5184
5092
5256
5076
5268
5160
5116
5180
5116
5120
5220
5072
5156
5176
5060
5224
5096
5156
5156
5096
5132
5168
5016
5196
5060
5168
5056
5128
5128
5164
5032
5184
4980
5184
5112
5132
5100
5104
5064
5088
5084
5052
5168
5056
5104
5000
5100
5084
5108
5044
5060
5056
5128
5004
5056
4976
5108
5028
5016
5068
5120
5076
5036
4948
5056
5052
4948
5056
4988
5052
5068
5000
4968
5032
4916
5072
4924
4992
4972
4956
5012
5036
4900
5100
4932
4972
5032
4924
5020
4984
4912
5028
4960
4940
5052
4860
5040
4936
4952
4972
4972
4940
5084
4836
5032
4932
4904
4944
4876
4876
5004
4892
4988
4924
4848
4988
4868
4924
4900
4852
4884
4960
4788
4944
4816
4916
4860
4820
4864
4956
4856
4964
4856
4856
4884
4792
4864
4828
4840
4884
4828
4828
4884
4824
4900
4784
4820
4776
4892
4828
4860
4812
4880
4792
4892
4744
4884
4828
4816
4844
4820
4828
4864
4784
4828
4812
4748
4872
4692
4784
4740
4744
4804
4848
4740
4956
4776
4828
4776
4700
4780
4820
4656
4836
4692
4724
4772
4652
4784
4724
4660
4780
4700
4696
4856
4636
4860
4728
4752
4816
4756
4688
4828
4620
4812
4700
4664
4712
4636
4692
4776
4668
4792
4776
4668
4800
4680
4732
4728
4660
4720
4736
4596
4736
4588
4708
4684
4648
4652
4696
4616
4720
4616
4676
4640
4620
4628
4640
4624
4656
4668
4624
4664
4584
4684
4596
4688
4596
4704
4628
4664
4604
4664
4572
4684
4604
4732
4652
4664
4672
4628
4616
4632
4592
4652
4652
4540
4672
4536
4604
4600
4596
4572
4624
4508
4708
4540
4608
4588
4500
4568
4596
4440
4640
4548
4528
4532
4380
4588
4568
4520
4604
4512
4472
4632
4424
4612
4468
4508
4568
4572
4496
4636
4404
4600
4492
4532
4608
4512
4508
4572
4464
4592
4564
4388
4520
4440
4540
4536
4476
4468
4504
4412
4592
4440
4556
4472
4448
4492
4556
4468
4500
4344
4408
4452
4440
4468
4420
4420
4476
4484
4476
4476
4400
4460
4396
4472
4388
4500
4420
4464
4420
4456
4424
4504
4380
4468
4412
4372
4432
4436
4452
4464
4376
4420
4452
4360
4500
4364
4456
4404
4356
4400
4428
4284
4500
4292
4380
4348
4304
4360
4372
4224
4408
4300
4352
4424
4284
4460
4356
4300
4420
4388
4376
4460
4220
4436
4288
4348
4368
4324
4280
4424
4228
4420
4300
4320
4396
4296
4316
4408
4284
4396
4332
4244
4364
4256
4344
4312
4296
4340
4368
4232
4372
4248
4320
4276
4292
4272
4344
4200
4384
4264
4328
4284
4280
4232
4340
4288
4288
4256
4248
4284
4264
4324
4176
4320
4236
4340
4212
4220
4244
4268
4176
4252
4212
4252
4200
4164
4264
4216
4212
4244
4192
4288
4248
4148
4252
4164
4252
4228
4156
4220
4260
4104
4276
4096
4224
4196
4124
4196
4288
4136
4284
4084
4148
4272
4160
4292
4188
4092
4168
4144
4144
4256
4056
4288
4148
4140
4164
4132
4092
4232
4032
4208
4052
4124
4240
4184
4156
4168
4072
4228
4168
4092
4164
4100
4188
4100
4116
4096
4168
4052
4232
4100
4208
4136
4152
4120
4136
4064
4140
4092
4092
4092
4108
4108
4084
4040
4056
4112
4056
4092
4044
4148
4048
4136
4032
4148
4056
4092
4060
4080
4048
4124
3996
4152
4060
4076
4112
4016
4056
4056
4020
4088
4092
3948
4096
3956
4084
4016
3984
4044
4088
3948
4132
3956
4048
4020
3972
4044
4028
3980
4124
3944
3976
4036
3928
4092
3972
3964
4052
3952
3996
4100
3892
4104
3940
4028
4044
3956
3948
4068
3908
4116
3952
3984
4056
3968
3980
4012
3944
4032
3988
3892
4012
3884
3988
3948
3972
3980
4008
3884
4020
3900
3996
3932
3956
3928
3968
3876
3964
3888
3964
3912
3920
3948
3876
3924
3916
3956
3904
3880
3844
3924
3820
3928
3804
3984
3872
3908
3896
3908
3856
3944
3796
3968
3872
3868
3960
3860
3900
3896
3828
3876
3884
3784
3944
3828
3900
3864
3820
3848
3892
3736
3936
3740
3852
3856
3816
3900
3876
3760
3900
3820
3816
3896
3700
3844
3804
3832
3896
3760
3784
3952
3748
3968
3800
3792
3856
3840
3816
3892
3684
3900
3816
3820
3876
3736
3792
3792
3792
3876
3844
3732
3832
3724
3832
3780
3780
3752
3800
3752
3908
3788
3808
3716
3780
3788
3812
3704
3788
3748
3780
3780
3784
3780
3740
3784
3748
3848
3752
3768
3732
3760
3724
3796
3652
3804
3672
3740
3752
3732
3696
3772
3676
3820
3684
3696
3792
3724
3740
3736
3644
3772
3704
3660
3828
3648
3720
3692
3676
3724
3700
3600
3820
3652
3780
3708
3616
3692
3660
3608
3768
3604
3708
3708
3592
3776
3664
3640
3712
3648
3688
3748
3576
3792
3604
3664
3708
3660
3668
3684
3524
3740
3620
3644
3676
3628
3668
3676
3604
3696
3668
3600
3704
3580
3692
3624
3664
3636
3688
3628
3676
3592
3648
3572
3632
3588
3616
3608
3684
3628
3664
3552
3680
3596
3628
3592
3580
3616
3652
3608
3588
3608
3524
3636
3504
3612
3548
3612
3624
3576
3556
3612
3444
3604
3536
3556
3628
3536
3580
3576
3480
3608
3572
3508
3696
3500
3596
3556
3532
3572
3560
3496
3720
3508
3596
3516
3452
3604
3576
3504
3544
3488
3636
3616
3428
3556
3516
3564
3564
3444
3456
3588
3480
3620
3416
3512
3604
3548
3444
3524
3404
3608
3444
3420
3524
3512
3540
3532
3420
3540
3532
3460
3540
3436
3552
3508
3508
3432
3532
3472
3572
3440
3508
3428
3524
3448
3456
3428
3520
3476
3468
3420
3448
3476
3440
3460
3424
3524
3472
3448
3416
3444
3384
3504
3380
3532
3420
3444
3448
3428
3436
3500
3376
3524
3408
3400
3488
3396
3456
3456
3380
3452
3460
3364
3532
3336
3468
3400
3368
3476
3460
3336
3548
3364
3492
3420
3320
3420
3388
3324
3468
3312
3424
3432
3284
3488
3356
3396
3448
3352
3368
3456
3280
3524
3372
3444
3448
3368
3352
3428
3292
3452
3340
3368
3420
3356
3380
3376
3312
3348
3312
3308
3432
3328
3384
3292
3348
3336
3376
3292
3372
3308
3400
3292
3344
3284
3308
3272
3312
3276
3292
3296
3340
3324
3292
3324
3276
3340
3260
3304
3300
3308
3256
3388
3236
3388
3244
3312
3324
3328
3316
3368
3224
3388
3280
3272
3336
3240
3308
3292
3220
3348
3280
3224
3372
3172
3336
3256
3236
3316
3292
3192
3380
3160
3284
3244
3200
3296
3284
3192
3360
3224
3316
3312
3188
3356
3240
3268
3320
3252
3240
3320
3204
3384
3120
3248
3272
3268
3200
3268
3132
3316
3184
3252
3248
3208
3272
3284
3228
3292
3232
3196
3248
3160
3276
3196
3192
3136
3160
3160
3252
3144
3160
3076
3212
3172
3232
3160
3180
3208
3236
3184
3180
3160
3156
3176
3120
3276
3164
3196
3196
3204
3196
3224
3068
3244
3112
3212
3252
3200
3176
3216
3072
3288
3116
3104
3180
3076
3176
3140
3072
3184
3136
3124
3264
3084
3200
3116
3092
3172
3140
3076
3240
3036
3192
3088
3076
3164
3072
3048
3188
3076
3172
3144
3040
3220
3088
3076
3132
3076
3112
3144
2996
3204
3036
3148
3108
3100
3132
3184
3068
3228
3060
3112
3124
3116
3132
3108
3080
3132
3104
3024
3080
3064
3116
3036
3096
3060
3116
3044
3088
3040
3068
3004
3088
3012
3096
3024
3092
3088
3084
3064
3132
3048
3036
3020
3060
3064
3088
3004
3044
3060
3080
3148
2912
3128
2944
3012
3088
3032
3028
3068
2948
3120
2984
2996
3092
2980
3068
3036
3000
3108
3004
2960
3096
2876
3052
3032
3008
3060
3032
2900
3076
2924
3116
2980
2956
3084
3008
2952
3068
2884
3004
2996
2940
3100
2980
3012
3088
2972
3004
3020
2908
3092
2948
2972
2968
2916
2968
2992
2932
3048
2972
3024
3020
2940
2956
2948
2956
2968
2956
2952
3016
2964
3048
2948
3016
2940
3020
2948
3004
2948
3004
2920
2968
2856
2956
2864
2912
2948
2920
2880
2936
2892
2952
2980
2912
3016
2892
2964
2956
2932
2928
2956
2832
3028
2828
2948
2928
2864
2892
2932
2816
3024
2868
2940
2960
2840
2956
2904
2824
2968
2848
2820
2988
2812
2972
2864
2880
2968
2904
2844
2972
2780
3000
2868
2856
2920
2868
2896
2996
2824
2900
2860
2816
2948
2808
2868
2880
2852
2872
2916
2780
2972
2800
2892
2884
2852
2856
2892
2792
2888
2800
2868
2860
2860
2868
2856
2852
2880
2864
2852
2892
2840
2884
2792
2872
2804
