16815
16847
4212

700
700
724
676
736
684
728
680
784
696
760
696
764
620
748
604
676
640
640
692
728
636
764
664
712
716
612
760
684
668
716
652
664
788
568
768
644
676
752
668
660
788
556
776
704
644
772
672
692
780
592
748
764
624
748
676
732
776
596
688
660
604
836
632
712
668
596
700
736
580
796
632
684
732
572
724
672
624
692
640
652
796
596
736
688
680
692
704
628
772
624
748
716
732
724
732
648
716
660
700
704
652
692
680
744
692
692
656
724
668
668
636
704
704
772
584
696
716
724
716
708
604
776
656
716
748
572
764
676
664
728
668
660
780
568
792
700
632
720
616
668
800
612
736
668
588
756
648
664
744
544
700
708
596
804
596
696
704
616
736
744
568
836
640
760
724
636
680
720
580
776
628
704
760
608
764
728
612
684
668
656
776
616
780
712
732
672
664
632
804
628
696
664
716
732
668
600
652
664
704
684
624
660
680
724
660
680
620
728
644
652
616
712
596
740
592
712
680
644
664
680
600
748
608
688
724
644
772
664
656
732
676
648
776
540
804
676
704
716
688
620
756
548
816
704
636
740
648
704
792
636
764
720
580
800
596
716
712
588
680
744
568
804
556
732
732
664
724
696
596
784
628
692
684
596
724
704
672
704
676
660
764
596
728
616
676
648
684
652
760
588
700
640
680
668
696
648
708
668
716
704
692
676
676
712
644
716
584
732
656
684
652
684
568
732
636
744
684
636
692
664
600
744
628
712
732
592
736
660
656
684
604
680
820
596
780
612
652
732
652
640
748
508
752
628
612
744
636
664
728
556
764
740
608
764
564
728
724
600
700
748
596
808
572
736
696
612
692
688
608
784
636
692
732
640
736
668
644
680
640
668
748
660
780
676
680
604
656
636
788
628
716
624
676
668
772
748
736
620
632
680
708
716
668
676
624
760
664
748
652
644
676
732
620
784
584
720
704
664
716
720
612
760
628
732
736
596
772
668
652
696
604
656
760
560
812
672
688
708
648
684
812
560
788
668
628
744
632
664
752
612
772
732
632
792
600
768
748
596
752
724
628
780
544
752
716
716
700
728
580
792
632
704
716
628
764
640
640
648
668
668
704
588
724
636
716
660
740
640
712
612
732
732
724
664
700
684
744
704
700
700
680
632
664
708
636
728
604
764
712
668
660
684
604
780
636
716
668
684
744
664
600
732
596
692
716
576
776
664
688
752
592
648
732
568
788
660
664
732
644
724
752
532
744
660
656
812
644
712
724
588
760
684
604
760
564
732
708
636
712
684
576
760
528
796
692
664
732
732
584
764
616
704
652
596
724
692
664
668
632
700
820
660
740
660
700
644
704
616
732
628
700
632
700
688
716
608
636
676
684
716
676
628
700
708
616
680
568
728
632
636
668
724
632
764
572
744
704
652
684
672
636
760
588
716
712
564
788
648
692
752
644
704
764
508
800
632
692
732
628
684
752
532
796
672
668
748
604
692
760
640
784
740
624
756
552
740
692
648
748
752
612
776
572
724
684
644
724
700
636
784
632
756
716
660
748
712
692
700
684
692
716
600
720
676
704
640
736
664
704
628
684
660
688
628
748
660
688
700
648
728
676
644
688
700
660
784
640
724
648
640
704
692
636
780
596
776
704
640
716
660
636
792
612
764
764
604
804
636
652
708
612
644
712
560
856
668
756
728
600
664
776
564
764
584
668
748
580
672
684
572
748
644
588
788
596
740
656
624
732
700
576
768
572
768
672
668
736
740
628
744
612
732
700
632
736
704
716
724
676
660
728
644
712
632
708
616
704
624
716
640
716
668
712
640
712
644
672
680
636
716
692
628
720
708
672
768
620
732
640
648
680
700
576
756
524
744
692
660
712
668
632
760
588
736
700
580
788
628
672
764
616
660
740
564
812
588
672
704
632
672
740
548
800
644
680
744
572
680
704
604
780
676
624
772
592
736
676
612
668
700
552
780
572
720
668
644
604
764
604
780
580
716
680
620
688
616
688
680
688
644
688
660
732
684
668
620
736
628
700
580
672
680
744
640
728
608
652
684
652
704
660
616
680
696
656
736
580
740
636
664
716
732
628
764
548
772
692
624
716
696
652
756
576
748
692
516
776
604
700
708
600
668
736
588
852
580
716
780
684
728
748
564
768
592
664
716
580
668
620
552
748
664
632
736
552
728
692
648
700
600
572
800
612
776
604
668
720
696
580
684
572
764
644
628
724
728
736
644
660
684
772
672
716
636
736
680
756
624
708
672
688
644
680
624
696
636
696
692
632
708
664
648
708
676
644
752
584
768
676
656
680
660
624
748
544
780
680
628
748
668
628
764
572
780
716
580
764
596
688
740
620
716
716
564
820
592
700
728
656
716
732
556
772
596
644
680
568
696
712
612
740
660
636
764
596
756
676
648
692
688
596
700
524
744
684
684
688
704
624
740
624
756
672
680
676
672
700
676
684
668
712
624
684
644
708
612
700
568
680
636
680
692
684
612
720
636
696
680
620
728
704
636
724
660
656
744
568
772
628
648
704
680
652
812
572
748
660
660
768
652
624
744
552
712
648
564
772
584
668
712
652
768
760
532
792
544
708
700
628
732
732
524
812
616
648
668
580
760
736
604
728
660
652
760
552
720
644
680
720
732
640
780
588
756
628
696
748
720
612
696
596
712
660
628
716
680
744
668
684
648
692
620
668
648
700
604
768
636
680
604
628
648
688
592
728
604
672
700
672
732
640
612
688
664
648
772
600
772
628
632
704
664
612
772
556
768
668
628
748
648
644
764
552
752
692
596
776
592
660
708
596
748
736
560
764
552
708
676
616
728
720
560
748
600
700
700
596
684
616
608
756
684
712
772
608
756
668
692
704
700
620
736
592
792
596
728
656
736
636
696
532
712
640
644
636
652
688
668
716
628
716
672
692
652
700
636
768
628
716
668
668
684
708
596
724
592
664
700
604
796
668
620
692
644
628
724
524
756
644
640
712
652
660
756
552
772
652
636
784
656
672
744
532
728
668
540
764
568
752
728
568
716
696
628
828
580
672
684
604
716
696
556
800
624
704
688
652
736
716
636
752
664
660
732
564
728
640
688
716
668
596
772
640
816
628
644
680
744
684
672
560
712
704
716
684
664
664
636
692
612
700
636
664
664
740
648
756
580
708
652
688
724
704
584
736
616
700
680
584
736
680
640
692
612
668
748
540
780
636
676
716
652
612
736
520
788
636
628
732
608
628
736
608
760
644
576
760
568
704
716
588
708
716
552
800
560
724
652
600
680
692
600
768
580
680
700
620
696
644
608
700
676
660
732
628
744
608
648
668
700
644
744
612
748
652
664
668
676
612
692
604
696
668
680
680
700
680
652
716
640
756
684
692
676
712
588
748
548
696
592
644
712
680
584
748
572
668
652
600
744
636
628
736
664
644
708
544
768
608
656
732
644
620
764
552
796
636
636
696
592
672
760
568
752
660
584
768
596
704
712
640
732
700
552
804
564
740
672
616
724
728
600
788
632
740
728
620
732
676
652
784
692
668
684
600
760
632
652
660
716
680
760
604
732
652
704
676
712
668
724
692
708
684
652
668
664
692
648
732
628
668
644
680
664
676
540
720
604
764
700
676
708
724
604
764
620
712
716
592
732
624
628
712
616
648
744
540
776
620
648
724
648
656
764
520
768
596
608
704
624
644
724
564
780
652
608
760
600
724
716
628
728
704
576
800
568
700
644
632
708
712
620
760
612
744
680
632
688
640
616
700
656
660
752
652
748
640
684
664
704
636
708
604
712
652
652
616
740
592
732
616
716
644
668
612
720
716
656
780
612
724
664
632
664
684
620
788
572
720
668
688
736
668
584
744
584
692
712
608
764
632
612
708
604
692
692
560
780
640
668
756
632
692
740
540
752
576
600
764
632
672
724
560
764
668
620
756
588
708
704
564
668
628
620
808
532
660
640
668
696
720
600
732
612
776
684
608
680
656
668
728
632
612
700
652
780
624
644
648
708
656
728
632
732
656
700
648
716
692
716
652
676
696
676
636
676
636
664
772
648
732
636
632
680
648
608
772
612
740
604
596
700
664
592
764
564
744
696
592
744
588
632
720
608
688
716
528
764
568
668
732
644
636
720
540
796
588
644
748
624
708
724
560
780
648
644
764
620
720
676
616
744
680
608
768
556
744
612
652
708
676
608
752
596
712
652
628
688
680
652
692
676
648
692
628
696
640
716
636
708
604
708
632
748
676
700
600
712
640
652
652
636
668
652
656
716
660
640
716
580
724
640
636
708
656
588
776
580
740
660
636
760
712
632
760
540
692
672
592
764
624
652
736
604
672
688
548
796
588
684
736
652
680
728
572
812
600
640
752
612
692
716
584
760
624
620
780
600
740
676
632
728
688
608
780
552
732
632
652
736
712
612
732
588
724
660
672
720
676
652
700
660
684
712
664
708
644
704
644
700
580
692
640
764
656
656
620
752
620
644
620
680
704
704
604
668
652
884
1380
1732
2468
3228
4152
4564
4720
4704
4904
4692
4864
4808
4856
4940
4860
4816
4984
4824
4988
4964
4848
5008
4868
4916
4976
4848
4932
4956
4792
5044
4788
4872
4888
4800
4860
4948
4760
5004
4768
4852
4880
4728
4828
4860
4768
4912
4780
4788
4912
4692
4840
4760
4728
4804
4768
4716
4836
4644
4852
4764
4756
4748
4744
4696
4828
4664
4792
4756
4748
4764
4708
4728
4780
4716
4680
4724
4696
4700
4672
4740
4696
4772
4708
4800
4692
4756
4684
4768
4644
4792
4676
4764
4732
4628
4708
4716
4636
4744
4648
4584
4768
4564
4804
4656
4652
4632
4636
4612
4764
4564
4768
4656
4608
4684
4664
4640
4764
4512
4756
4644
4560
4704
4536
4616
4700
4532
4652
4620
4452
4724
4516
4652
4680
4536
4628
4660
4504
4728
4516
4608
4664
4540
4616
4620
4504
4652
4544
4596
4692
4484
4616
4580
4548
4628
4588
4508
4608
4476
4652
4552
4544
4588
4552
4516
4632
4476
4540
4564
4556
4524
4504
4552
4584
4508
4468
4508
4500
4572
4524
4564
4492
4584
4512
4612
4492
4540
4516
4580
4508
4604
4436
4492
4460
4428
4480
4472
4412
4508
4456
4488
4568
4360
4516
4448
4468
4524
4476
4428
4576
4340
4576
4432
4440
4476
4416
4384
4568
4332
4508
4460
4380
4520
4352
4464
4492
4336
4472
4476
4336
4560
4312
4432
4436
4336
4408
4484
4340
4556
4324
4424
4424
4328
4428
4444
4332
4464
4344
4356
4436
4240
4388
4356
4340
4396
4364
4368
4484
4288
4420
4324
4372
4384
4376
4324
4412
4292
4392
4340
4340
4344
4344
4372
4364
4356
4324
4356
4264
4368
4312
4376
4308
4392
4296
4360
4276
4324
4308
4328
4232
4368
4236
4356
4336
4256
4340
4324
4280
4340
4224
4280
4400
4216
4336
4216
4252
4328
4276
4204
4368
4152
4368
4232
4244
4332
4236
4252
4412
4128
4340
4224
4160
4332
4152
4248
4332
4156
4276
4276
4152
4364
4136
4272
4268
4172
4244
4272
4096
4328
4112
4236
4252
4152
4204
4216
4096
4288
4124
4216
4300
4136
4280
4192
4172
4212
4172
4140
4300
4112
4232
4132
4188
4200
4184
4144
4236
4124
4220
4156
4172
4196
4200
4192
4172
4168
4144
4188
4164
4164
4092
4152
4112
4220
4060
4168
4084
4124
4100
4104
4044
4188
4076
4188
4156
4092
4144
4104
4088
4212
4084
4080
4128
4048
4252
4084
4056
4112
4096
4120
4228
3964
4164
4032
4068
4164
4020
4040
4156
3948
4128
4024
4024
4156
3952
4044
4112
4040
4120
4068
3972
4220
3968
4092
4036
3988
4076
4072
3940
4148
3948
4068
4096
4044
4112
4076
3992
4108
3984
4012
4068
3948
4080
4004
4032
4080
4024
3972
4092
3912
4072
3956
3992
3988
3952
3936
4044
3952
4020
3944
3988
3992
3976
4008
4012
4024
3964
3972
3948
3992
3964
4004
3928
4072
3900
4036
3944
3976
3972
3996
3900
4056
3924
4036
3996
3932
4008
3912
3948
3964
3908
3920
4016
3828
4004
3804
4012
3988
3936
3880
3996
3852
4060
3912
3852
4064
3908
3912
3996
3776
3996
3896
3848
4036
3828
3932
3912
3780
3948
3900
3816
4008
3760
3928
3912
3840
3896
3860
3792
3996
3804
3916
3932
3836
3896
3900
3824
3996
3852
3840
3924
3876
4004
3844
3836
3920
3916
3836
3936
3744
3908
3816
3868
3804
3840
3784
3924
3844
3944
3804
3796
3824
3852
3828
3804
3884
3788
3824
3784
3812
3780
3816
3760
3932
3752
3864
3748
3756
3784
3812
3756
3860
3688
3804
3816
3800
3916
3808
3776
3840
3740
3820
3872
3736
3888
3724
3796
3876
3780
3748
3816
3572
3852
3708
3760
3824
3716
3744
3836
3640
3828
3712
3680
3816
3632
3768
3756
3656
3788
3724
3652
3856
3648
3824
3780
3740
3808
3776
3660
3856
3652
3792
3768
3712
3768
3684
3676
3816
3712
3708
3756
3600
3736
3680
3720
3756
3708
3668
3784
3652
3780
3644
3712
3704
3736
3692
3736
3628
3708
3648
3668
3652
3684
3648
3628
3688
3624
3696
3636
3660
3648
3684
3584
3716
3540
3676
3628
3668
3664
3636
3524
3708
3596
3724
3656
3572
3676
3632
3608
3708
3572
3604
3672
3564
3752
3576
3592
3684
3616
3652
3732
3468
3720
3540
3600
3692
3588
3608
3632
3452
3716
3584
3536
3652
3492
3636
3660
3564
3684
3600
3532
3728
3500
3668
3548
3504
3592
3608
3500
3712
3504
3624
3592
3544
3612
3556
3496
3660
3528
3544
3592
3496
3592
3484
3532
3540
3544
3476
3588
3480
3640
3492
3528
3488
3540
3460
3556
3500
3576
3500
3556
3512
3544
3496
3504
3540
3472
3548
3484
3504
3520
3508
3432
3628
3432
3548
3440
3504
3568
3544
3452
3584
3400
3564
3540
3488
3584
3488
3492
3580
3436
3512
3568
3388
3636
3440
3500
3584
3472
3452
3548
3392
3660
3460
3460
3540
3412
3412
3492
3320
3584
3464
3484
3572
3388
3508
3488
3372
3484
3468
3388
3592
3328
3492
3456
3444
3468
3432
3364
3580
3384
3488
3452
3440
3516
3440
3392
3476
3368
3380
3388
3324
3440
3388
3432
3444
3452
3392
3460
3364
3460
3368
3448
3400
3432
3356
3404
3380
3400
3364
3376
3364
3444
3384
3384
3464
3376
3420
3384
3380
3428
3400
3316
3472
3296
3472
3388
3372
3404
3344
3304
3492
3288
3416
3344
3268
3396
3296
3308
3404
3280
3392
3468
3284
3504
3272
3360
3424
3304
3288
3452
3208
3428
3256
3296
3356
3212
3320
3388
3272
3480
3284
3276
3408
3256
3360
3336
3240
3352
3268
3244
3452
3216
3344
3256
3260
3332
3356
3240
3408
3180
3284
3240
3324
3364
3312
3240
3352
3296
3324
3324
3204
3300
3296
3348
3240
3268
3228
3364
3212
3348
3224
3372
3320
3364
3200
3328
3304
3288
3196
3256
3244
3316
3288
3228
3268
3164
3292
3220
3220
3308
3264
3200
3348
3132
3296
3196
3228
3292
3240
3204
3332
3124
3252
3188
3196
3332
3204
3208
3304
3136
3264
3276
3112
3324
3132
3212
3260
3184
3208
3272
3076
3320
3132
3220
3248
3116
3192
3232
3112
3296
3120
3136
3300
3124
3228
3196
3128
3244
3152
3132
3336
3064
3196
3132
3136
3200
3188
3124
3280
3080
3224
3172
3184
3212
3152
3172
3236
3176
3160
3180
3100
3164
3132
3144
3148
3160
3064
3200
3128
3192
3092
3196
3136
3196
3104
3196
3132
3136
3136
3140
3084
3148
3068
3068
3148
3060
3172
3120
3100
3160
3096
3040
3196
3000
3156
3064
3076
3136
3076
3040
3248
3024
3164
3112
3048
3152
3008
3072
3204
3056
3112
3108
2976
3200
3024
3112
3176
3056
3100
3168
2972
3212
2996
3076
3100
2992
3068
3100
2968
3176
3028
3060
3136
2956
3096
3076
3012
3092
3016
3024
3172
2972
3112
3036
3072
3068
3068
2956
3124
2928
3068
3012
3016
3052
3056
3028
3120
3024
3008
3056
2992
3068
2996
3060
3048
3064
2972
3072
2996
3060
2984
3036
2984
3064
2956
3024
2996
2984
3004
3036
2980
3068
2980
2992
3080
2912
3052
2992
2988
3024
2940
2932
3104
2884
3068
2936
2984
3044
3012
2956
3072
2844
3028
2936
2940
3060
2916
2948
3020
2928
3016
3028
2884
3092
2880
2956
2996
2900
2960
2992
2820
3040
2864
2976
3028
2916
2984
3024
2884
3044
2872
2940
3036
2896
3032
2968
2908
3012
2908
2872
3016
2860
3072
2952
2948
2952
2940
2888
3016
2840
3012
2944
2940
2896
2888
2892
2956
2884
2876
2916
2884
2948
2892
2944
2924
2992
2876
2952
2876
2936
2852
2920
2868
2968
2848
2932
2920
2904
2904
2900
2856
2920
2852
2884
2972
2788
2908
2840
2828
2888
2840
2824
2996
2796
2972
2844
2848
2936
2840
2828
3008
2780
2932
2856
2836
2932
2796
2872
2948
2784
2860
2844
2748
2980
2764
2888
2876
2824
2856
2940
2760
2956
2780
2860
2964
2792
2900
2824
2788
2944
2764
2824
2936
2780
2864
2836
2780
2908
2844
2780
2924
2760
2864
2784
2828
2840
2808
2776
2900
2764
2844
2788
2820
2792
2828
2792
2788
2792
2824
2860
2804
2812
2800
2852
2796
2784
2676
2828
2768
2824
2740
2816
2752
2876
2716
2800
2760
2776
2804
2812
2760
2872
2780
2796
2852
2720
2852
2788
2780
2812
2692
2704
2888
2692
2904
2756
2760
2828
2772
2744
2860
2652
2876
2788
2744
2884
2720
2752
2812
2700
2816
2780
2628
2856
2664
2788
2788
2696
2732
2776
2664
2884
2624
2728
2796
2692
2780
2768
2652
2820
2624
2684
2784
2640
2784
2748
2692
2740
2688
2680
2784
2584
2796
2692
2748
2736
2688
2656
2756
2640
2768
2676
2740
2704
2680
2648
2724
2708
2684
2712
2696
2732
2700
2756
2676
2756
2648
2772
2684
2704
2664
2716
2652
2736
2604
2732
2708
2656
2716
2692
2624
2712
2604
2644
2704
2604
2748
2660
2636
2716
2636
2636
2776
2548
2768
2640
2652
2728
2620
2620
2772
2564
2744
2624
2644
2764
2572
2632
2720
2576
2712
2684
2596
2740
2520
2648
2660
2588
2648
2684
2524
2752
2516
2636
2656
2528
2624
2664
2552
2728
2552
2604
2684
2548
2688
2628
2616
2672
2628
2600
2712
2556
2700
2596
2676
2644
2648
2588
2692
2580
2672
2600
2616
2612
2612
2588
2632
2588
2576
2620
2612
2620
2628
2636
2564
2648
2516
2636
2556
2588
2560
2616
2552
2696
2488
2636
2584
2520
2588
2556
2532
2636
2548
2596
2656
2476
2612
2516
2560
2620
2548
2528
2636
2432
2648
2504
2540
2636
2516
2560
2692
2436
2652
2556
2548
2656
2504
2588
2644
2500
2636
2552
2492
2708
2460
2588
2612
2516
2564
2560
2448
2636
2424
2572
2584
2488
2552
2516
2444
2628
2472
2528
2584
2460
2576
2524
2512
2572
2496
2492
2592
2448
2592
2476
2552
2544
2572
2504
2556
2444
2560
2448
2500
2460
2532
2512
2532
2552
2516
2556
2500
2452
2468
2540
2488
2548
2440
2564
2520
2512
2488
2512
2464
2608
2396
2524
2488
2484
2568
2516
2448
2560
2444
2460
2544
2348
2524
2432
2428
2532
2432
2460
2588
2356
2556
2456
2488
2524
2424
2452
2564
2356
2564
2436
2396
2540
2352
2460
2520
2388
2508
2448
2372
2560
2340
2500
2484
2396
2520
2504
2364
2596
2344
2496
2428
2360
2492
2480
2432
2508
2412
2440
2528
2372
2404
2428
2492
2516
2400
2360
2500
2372
2508
2340
2400
2392
2492
2396
2428
2380
2492
2436
2428
2360
2392
2388
2436
2416
2364
2400
2432
2416
2376
2416
2380
2532
2320
2452
2416
2444
2436
2432
2348
2504
2316
2444
2384
2360
2428
2400
2356
2492
2372
2412
2448
2276
2492
2396
2436
2484
2320
2340
2492
2340
2536
2304
2340
2460
2384
2372
2512
2244
2484
2384
2340
2444
2256
2420
2464
2360
2468
2400
2288
2484
2260
2476
2428
2348
2364
2376
2288
2520
2300
2408
2348
2300
2384
2404
2304
2432
2320
2356
2404
2308
2380
2316
2308
2332
2332
2332
2428
2276
2388
2320
2400
2364
2348
2320
2364
2296
2392
2304
2380
2300
2352
2348
2364
2360
2284
2352
2344
2352
2368
2392
2292
2408
2232
2404
2316
2308
2300
2324
2300
2428
2236
2344
2312
2288
2344
2308
2224
2340
2220
2292
2364
2200
2412
2284
2336
2372
2264
2268
2396
2168
2428
2248
2292
2380
2244
2284
2388
2172
2372
2236
2220
2372
2236
2312
2324
2212
2340
2300
2212
2364
2148
2372
2348
2272
2304
2272
2172
2344
2148
2292
2292
2224
2304
2300
2252
2312
2180
2252
2296
2224
2332
2260
2272
2276
2264
2228
2312
2192
2312
2220
2292
2232
2264
2232
2308
2196
2284
2260
2308
2276
2300
2252
2268
2308
2228
2292
2268
2236
2244
2244
2156
2320
2156
2300
2244
2264
2252
2212
2148
2324
2136
2268
2224
2184
2328
2264
2236
2272
2168
2196
2288
2140
2316
2136
2188
2300
2212
2236
2348
2096
2324
2152
2216
2296
2204
2240
2336
2112
2336
2180
2164
2308
2092
2212
2236
2148
2244
2172
2096
2308
2124
2300
2220
2204
2252
2256
2160
2320
2096
2248
2196
2160
2196
2196
2132
2252
2124
2220
