13334
13351
3338

764
764
792
724
760
732
596
856
656
708
740
640
764
724
608
796
684
688
764
608
812
696
708
696
720
732
824
616
780
676
748
748
748
676
764
664
756
692
676
760
752
748
732
780
764
816
712
752
692
752
668
764
684
764
692
732
700
724
644
772
668
716
712
656
780
680
664
760
704
668
808
636
856
680
708
748
736
684
808
592
832
648
684
764
680
672
756
596
764
716
648
868
640
712
724
708
764
728
572
844
652
756
744
664
768
780
648
840
632
764
780
688
812
744
628
748
672
748
836
636
796
668
712
740
700
624
768
616
812
676
704
660
716
660
780
700
732
696
668
732
732
752
704
736
704
788
704
728
684
720
640
796
672
768
680
732
748
740
676
796
660
740
736
664
768
692
684
764
700
728
796
608
852
684
720
748
692
688
792
608
868
648
648
768
676
724
764
572
796
716
648
820
604
724
720
652
772
756
600
812
596
748
700
624
728
772
624
836
604
732
720
616
788
728
664
772
680
700
748
632
800
692
668
768
780
692
804
644
692
704
700
760
736
672
744
660
764
692
716
736
732
712
684
728
676
780
692
748
732
764
652
748
652
772
676
700
716
708
636
780
636
744
728
640
744
692
684
776
676
668
768
580
788
628
696
740
732
692
820
552
836
684
760
788
660
680
780
624
808
704
640
808
644
764
728
608
732
732
632
848
632
784
728
684
788
776
656
816
640
740
712
620
764
672
652
784
700
724
764
616
772
660
732
732
736
680
776
652
796
720
756
744
768
696
740
656
708
704
696
696
704
696
748
760
684
752
700
684
732
752
668
764
624
704
668
676
732
700
664
820
644
748
664
652
780
684
640
756
692
748
776
560
812
648
708
724
660
728
820
580
828
604
656
776
736
724
780
632
860
704
636
776
584
768
764
612
768
736
592
804
572
720
724
668
732
724
604
868
652
764
716
676
780
716
668
764
704
716
740
568
760
652
708
712
712
660
792
660
804
660
732
688
740
664
756
700
704
680
672
708
700
728
676
784
700
796
656
728
728
752
632
796
632
768
668
708
716
732
652
808
668
752
724
636
784
668
684
796
680
692
760
584
856
648
700
748
684
696
784
568
880
664
696
760
664
704
764
600
780
676
692
828
620
724
692
660
756
748
576
792
632
800
672
620
676
680
588
836
616
720
688
652
756
664
636
740
684
732
784
656
744
668
740
744
740
644
744
644
792
692
720
624
716
648
732
704
708
704
692
692
776
728
684
748
644
744
680
752
728
732
652
820
648
784
656
704
764
760
660
780
620
736
708
624
768
664
692
768
680
732
764
572
852
656
708
772
636
716
756
564
856
636
700
772
636
724
756
608
824
704
692
828
620
752
684
648
764
724
612
828
596
784
684
664
732
732
644
816
620
760
684
660
748
716
692
728
628
700
732
632
756
636
728
688
708
680
708
692
748
684
684
672
704
740
736
704
724
684
700
640
708
680
704
764
652
732
648
684
708
724
664
828
656
796
636
648
712
704
644
812
628
748
700
616
792
676
684
772
624
696
752
600
832
648
728
764
660
736
768
564
840
616
712
768
656
744
776
628
840
660
676
780
600
764
704
672
768
716
648
832
624
804
700
688
736
748
620
780
612
740
724
680
744
688
664
732
668
700
756
668
764
616
712
692
732
652
756
648
792
676
712
680
760
692
736
664
680
748
700
660
740
684
660
744
628
744
700
724
764
732
660
732
556
780
712
728
732
700
652
820
652
780
688
620
788
680
692
764
648
716
744
588
860
560
648
752
684
700
756
588
928
656
676
692
636
788
768
600
776
680
712
804
552
736
732
700
764
704
644
828
572
740
676
744
800
752
584
768
688
780
648
612
764
756
684
700
664
712
764
660
760
636
728
664
712
628
748
636
740
652
748
708
764
644
672
696
692
716
684
652
716
700
676
756
616
764
648
716
732
692
632
808
604
796
660
700
764
708
684
772
612
752
728
632
784
644
704
760
636
728
732
604
856
596
692
748
700
708
736
560
852
636
736
748
612
716
744
596
808
684
692
768
600
768
704
660
748
696
664
812
640
780
720
708
732
740
656
796
576
724
704
720
744
696
628
708
716
708
704
604
744
676
712
684
740
604
712
636
752
684
736
620
760
708
764
680
616
656
684
668
748
632
620
760
644
788
616
644
700
692
672
860
640
836
668
684
764
676
672
768
572
780
704
636
796
600
688
756
640
756
732
540
848
596
692
716
652
728
764
604
856
580
704
764
668
768
740
588
792
648
684
800
620
772
692
656
720
664
612
780
592
760
660
672
692
680
596
756
620
772
728
708
756
696
688
716
704
684
740
624
724
652
732
684
760
676
744
664
744
668
720
700
756
680
664
628
684
748
768
668
808
616
680
764
580
796
648
696
736
652
632
768
584
764
660
684
756
668
692
796
600
776
692
604
816
604
708
744
636
756
700
572
852
604
728
728
660
724
744
624
832
604
696
732
604
744
708
620
756
636
692
776
592
740
624
620
712
680
636
760
616
760
652
680
712
724
688
796
640
720
652
664
732
712
668
712
700
688
716
676
752
660
720
648
756
672
780
676
724
696
724
684
768
636
720
708
680
700
640
644
756
676
708
776
632
788
648
688
736
672
664
804
576
804
628
700
776
716
664
744
580
764
700
660
804
576
696
736
616
712
696
600
852
556
700
684
616
716
696
564
872
648
748
724
620
768
728
644
780
628
688
752
560
764
676
684
740
688
696
832
628
784
692
772
756
708
660
768
660
768
660
688
732
720
704
712
700
676
716
628
720
668
736
648
740
648
772
696
696
676
748
660
796
652
764
732
704
764
716
684
780
676
708
772
604
820
672
688
736
668
632
784
556
788
612
704
756
660
696
792
608
764
640
616
812
644
728
748
644
768
716
604
852
584
740
704
680
724
740
600
848
584
728
704
636
740
696
632
788
652
704
748
620
764
648
684
728
688
644
780
596
740
636
708
708
700
660
796
684
736
692
776
752
704
640
696
736
680
732
632
720
676
728
636
716
620
768
700
768
700
676
576
764
636
736
704
648
696
708
684
796
604
644
756
636
804
624
624
748
636
700
764
568
776
572
628
764
636
656
720
572
780
688
636
760
584
704
744
612
740
680
596
836
588
744
700
616
680
712
588
824
588
748
748
696
760
688
620
804
652
712
764
648
772
668
700
732
660
652
792
644
764
612
684
648
684
624
764
644
728
688
732
744
704
648
676
696
652
720
708
728
660
688
616
756
652
752
636
696
704
716
632
820
616
732
696
676
804
692
588
848
656
744
708
592
772
592
680
720
656
684
792
596
820
636
680
764
644
712
768
620
780
640
636
788
596
700
736
652
768
708
592
836
600
748
684
656
728
724
576
808
564
732
704
676
760
672
652
764
664
708
724
616
752
620
668
664
696
644
748
612
752
632
736
680
716
620
732
640
728
664
672
680
704
668
700
696
680
712
668
684
704
656
616
740
664
764
696
668
700
716
660
788
596
716
660
644
768
676
648
764
636
728
772
620
800
612
732
804
684
716
804
616
872
612
692
692
580
688
780
584
784
664
676
804
604
684
680
660
804
688
584
852
612
752
652
616
740
748
636
820
580
764
696
644
716
672
644
808
624
692
756
640
764
612
700
712
740
672
760
648
816
652
684
644
708
652
752
640
708
708
732
692
708
684
716
736
652
700
668
732
692
684
636
796
628
732
628
724
716
700
608
768
588
740
716
664
748
660
688
792
624
692
752
600
808
636
716
764
648
676
776
588
824
600
732
772
668
680
732
588
796
652
676
780
624
732
744
628
736
680
596
796
572
752
704
704
708
732
620
820
572
756
692
668
732
684
648
756
644
728
716
608
764
632
716
668
704
652
768
668
784
652
728
668
748
656
740
672
720
708
740
692
760
624
644
760
680
716
652
692
760
728
656
788
612
780
672
700
684
708
612
800
592
740
656
604
740
684
684
772
552
676
744
620
812
564
664
764
680
744
744
524
812
596
748
792
668
736
740
616
796
620
652
748
580
732
684
612
732
704
648
824
588
768
692
708
748
724
648
812
604
800
748
716
732
668
652
716
600
668
676
612
740
628
704
708
720
680
748
648
732
608
736
668
736
652
788
696
688
636
684
632
724
644
700
716
676
756
716
716
712
684
648
804
628
808
688
708
712
692
616
764
584
768
660
684
708
704
644
804
596
748
644
664
800
600
696
712
604
660
756
548
872
632
732
708
604
700
688
556
756
644
704
824
660
748
716
644
720
696
664
828
540
724
652
696
716
688
604
804
620
760
676
652
724
672
660
752
640
668
724
644
736
644
728
692
708
636
712
624
708
636
712
652
752
636
720
688
744
792
836
692
512
332
516
844
956
1036
732
496
396
472
672
944
812
888
724
700
696
620
532
712
552
800
780
760
812
608
576
644
524
680
764
720
948
672
704
600
536
640
680
536
872
636
800
780
636
652
684
596
804
660
724
792
588
704
628
672
832
740
648
788
576
756
612
664
760
932
1400
2264
2972
3688
3804
3868
3960
3948
3980
4072
3964
3984
3996
3956
4060
3976
4108
4068
4136
4068
4132
4008
4076
3976
4052
4004
4132
4032
4124
4056
4028
4016
3956
3912
4028
3988
4020
4024
3948
4108
3980
3932
3972
3940
3928
4036
3828
4052
3920
3940
3932
3904
3912
4048
3840
4004
3940
3932
4036
3900
3912
3972
3868
4028
3976
3836
4052
3852
3984
3944
3864
3964
3980
3772
4016
3792
3956
3904
3824
3924
3932
3796
4004
3828
3908
3960
3832
3948
3872
3852
3948
3852
3820
3920
3744
3924
3800
3832
3868
3876
3808
3928
3760
3944
3856
3848
3860
3852
3852
3908
3788
3852
3844
3812
3876
3820
3840
3808
3876
3804
3884
3792
3860
3808
3868
3744
3888
3800
3876
3784
3820
3820
3800
3724
3872
3772
3812
3832
3716
3916
3768
3816
3876
3824
3748
3812
3648
3900
3752
3784
3816
3752
3748
3876
3644
3836
3724
3756
3888
3740
3816
3832
3656
3812
3816
3704
3904
3664
3768
3768
3724
3852
3816
3628
3920
3656
3832
3788
3664
3760
3764
3672
3904
3692
3744
3788
3664
3840
3732
3680
3760
3704
3716
3824
3624
3816
3676
3696
3748
3740
3684
3764
3592
3764
3704
3672
3700
3684
3676
3724
3644
3700
3704
3684
3732
3672
3700
3624
3708
3660
3724
3628
3716
3652
3696
3600
3748
3600
3700
3640
3640
3672
3652
3620
3712
3596
3676
3696
3596
3776
3624
3636
3684
3660
3640
3744
3548
3776
3584
3620
3696
3648
3644
3732
3516
3724
3608
3580
3684
3548
3612
3644
3484
3728
3592
3560
3720
3484
3636
3632
3576
3620
3660
3452
3736
3456
3612
3620
3572
3696
3580
3472
3672
3520
3608
3608
3484
3644
3580
3540
3612
3572
3540
3648
3472
3680
3544
3564
3540
3564
3500
3644
3484
3588
3516
3552
3560
3556
3516
3564
3508
3552
3536
3504
3532
3516
3556
3484
3576
3520
3556
3548
3532
3496
3520
3444
3588
3480
3564
3512
3444
3540
3516
3444
3580
3472
3520
3552
3436
3612
3452
3460
3512
3444
3480
3576
3400
3612
3416
3460
3532
3488
3444
3552
3348
3580
3472
3468
3632
3440
3448
3492
3364
3588
3472
3384
3608
3396
3524
3480
3376
3528
3560
3420
3572
3284
3492
3452
3388
3452
3420
3388
3584
3364
3456
3464
3372
3488
3392
3400
3500
3436
3404
3500
3344
3548
3388
3424
3400
3452
3384
3512
3344
3460
3388
3444
3456
3412
3376
3452
3420
3436
3396
3392
3420
3368
3344
3324
3444
3320
3428
3340
3396
3348
3364
3324
3468
3284
3428
3324
3368
3396
3372
3356
3460
3324
3408
3424
3308
3448
3308
3384
3432
3352
3320
3380
3228
3500
3260
3324
3356
3332
3356
3464
3212
3448
3300
3328
3420
3240
3324
3396
3268
3384
3304
3248
3432
3164
3364
3352
3312
3388
3304
3196
3472
3216
3376
3300
3292
3388
3352
3264
3396
3236
3352
3344
3236
3360
3296
3328
3332
3276
3292
3352
3228
3348
3232
3340
3324
3344
3244
3368
3256
3340
3252
3300
3308
3304
3276
3304
3248
3236
3256
3248
3252
3204
3248
3232
3340
3188
3284
3212
3232
3212
3284
3192
3328
3132
3328
3276
3228
3248
3228
3184
3316
3156
3296
3280
3140
3328
3196
3288
3308
3200
3244
3300
3100
3332
3204
3244
3212
3140
3148
3324
3040
3300
3136
3204
3312
3140
3228
3244
3120
3268
3236
3172
3344
3060
3244
3220
3220
3280
3208
3036
3308
3096
3304
3236
3132
3208
3180
3164
3304
3076
3180
3200
3136
3268
3160
3152
3176
3108
3108
3236
3104
3212
3072
3164
3132
3132
3076
3212
3088
3204
3128
3172
3104
3132
3120
3196
3156
3132
3152
3100
3172
3156
3140
3092
3172
3012
3176
3116
3164
3144
3148
3068
3208
3052
3164
3124
3076
3132
3088
3068
3200
3016
3136
3156
3036
3220
3064
3128
3164
3052
3100
3160
2972
3244
3020
3140
3140
3040
3092
3176
2984
3192
3020
3072
3188
3016
3124
3184
3028
3124
3060
3024
3244
2968
3092
3072
2988
3040
3148
3020
3288
2932
3144
3060
3036
3092
3048
3036
3180
3004
3084
3076
3016
3112
3060
3036
3052
2996
3040
3116
2968
3080
2948
3048
2980
3036
2976
3100
3016
3080
2980
3044
3016
3048
2972
3080
3040
3028
3036
3048
3004
3020
3008
2988
3052
2960
3048
3008
2984
3028
2996
2964
3112
2964
3044
2988
2988
3068
2972
2980
3096
2908
3048
3004
2888
3092
2924
3008
3028
2912
2984
2992
2820
3092
2928
3008
3024
2944
2956
3024
2884
3104
2900
2956
3076
2944
3056
3032
2892
3052
3008
2964
3068
2788
3036
2996
2944
2984
2964
2932
3128
2832
3008
2948
2956
3012
2920
2876
3004
2856
2948
2924
2868
2964
2896
2904
2932
2924
2920
3008
2900
3036
2884
2972
2928
2948
2856
2980
2904
2960
2904
2976
2928
2972
2924
2968
2948
2924
2956
2908
2952
2932
2948
2940
2992
2812
2956
2828
2876
2860
2908
2828
2988
2760
2984
2880
2852
2908
2824
2836
2948
2808
2920
2892
2776
2960
2788
2852
2900
2784
2848
2904
2752
2976
2752
2892
2884
2820
2912
2956
2792
2988
2840
2900
2916
2788
2916
2892
2800
2936
2888
2820
2956
2684
2892
2812
2800
2852
2840
2800
2952
2668
2856
2800
2828
2836
2780
2776
2884
2776
2836
2804
2748
2864
2804
2828
2820
2792
2812
2924
2780
2824
2772
2904
2828
2844
2732
2852
2764
2812
2800
2876
2788
2804
2744
2836
2852
2804
2828
2788
2832
2836
2804
2752
2884
2740
2916
2784
2804
2760
2764
2716
2868
2668
2808
2720
2704
2812
2704
2704
2832
2648
2780
2760
2660
2864
2672
2748
2788
2696
2784
2828
2644
2880
2640
2792
2820
2644
2696
2840
2708
2908
2692
2792
2876
2704
2832
2796
2684
2784
2720
2724
2888
2680
2820
2744
2692
2772
2720
2616
2796
2604
2824
2688
2664
2688
2672
2704
2828
2632
2716
2740
2728
2812
2688
2716
2700
2704
2684
2784
2676
2748
2664
2772
2724
2796
2668
2760
2676
2752
2728
2772
2672
2712
2648
2732
2732
2644
2728
2652
2672
2716
2696
2672
2732
2556
2728
2644
2684
2740
2688
2636
2752
2576
2764
2664
2632
2764
2660
2684
2784
2572
2752
2692
2588
2792
2584
2716
2712
2600
2696
2744
2584
2820
2580
2756
2708
2640
2740
2744
2568
2788
2600
2716
2724
2580
2704
2668
2600
2740
2664
2616
2732
2524
2776
2588
2672
2660
2632
2612
2772
2432
2776
2604
2676
2640
2600
2564
2652
2528
2636
2604
2596
2612
2552
2628
2600
2620
2572
2644
2552
2660
2556
2680
2556
2668
2548
2660
2580
2552
2568
2648
2576
2660
2540
2604
2572
2528
2648
2588
2552
2572
2556
2572
2652
2508
2656
2556
2560
2608
2540
2560
2652
2456
2656
2532
2532
2640
2528
2520
2636
2460
2660
2588
2496
2740
2536
2636
2632
2516
2552
2584
2428
2692
2444
2636
2616
2528
2620
2588
2404
2648
2528
2576
2576
2464
2604
2564
2460
2584
2508
2576
2652
2428
2600
2540
2564
2532
2484
2476
2652
2452
2620
2520
2520
2572
2512
2488
2580
2460
2580
2532
2492
2552
2532
2552
2512
2524
2508
2568
2472
2544
2496
2584
2512
2548
2428
2572
2476
2516
2504
2520
2488
2560
2432
2532
2516
2428
2544
2488
2480
2524
2472
2488
2548
2372
2560
2428
2496
2520
2504
2460
2588
2356
2584
2428
2468
2536
2468
2520
2596
2380
2564
2488
2396
2588
2380
2516
2512
2392
2520
2532
2404
2612
2328
2508
2476
2400
2500
2516
2372
2572
2364
2500
2524
2392
2492
2460
2376
2496
2380
2416
2536
2352
2572
2412
2424
2452
2488
2400
2548
2312
2532
2444
2428
2404
2392
2356
2484
2356
2452
2480
2484
2484
2428
2468
2460
2452
2392
2460
2396
2464
2368
2412
2332
2492
2412
2516
2380
2376
2380
2424
2368
2464
2360
2492
2464
2356
2484
2436
2428
2452
2380
2412
2520
2304
2492
2332
2376
2420
2380
2344
2492
2280
2500
2316
2360
2492
2396
2448
2508
2304
2508
2392
2300
2476
2260
2416
2416
2300
2396
2416
2288
2548
2280
2420
2368
2300
2380
2416
2292
2512
2244
2404
2416
2304
2412
2384
2348
2472
2348
2372
2448
2276
2444
2352
2356
2340
2328
2300
2468
2296
2436
2308
2340
2400
2392
2376
2444
2276
2344
2348
2388
2404
2324
2312
2304
2412
2340
2388
2292
2332
2336
2404
2304
2412
2260
2404
2336
2348
2340
2340
2248
2348
2252
2380
2336
2216
2344
2280
2344
2380
2300
2304
2364
2192
2432
2268
2308
2348
2316
2344
2440
2172
2436
2300
2288
2356
2240
2308
2404
2236
2396
2296
2220
2404
2188
2348
2348
2264
2388
2364
2212
2408
2148
2376
2280
2240
2348
2320
2228
2392
2200
2364
2348
2232
2312
2244
2240
2356
2276
2312
2380
2196
2376
2252
2300
2232
2296
2196
2440
2188
2448
2244
2268
2172
2316
2268
2336
2240
2264
2280
2260
2296
2264
2328
2288
2276
2196
2288
2248
2268
2296
2304
2200
2320
2176
2300
2232
2220
2260
2240
2188
2284
2184
2268
2236
2148
2312
2228
2224
2272
2180
2240
2280
2100
2336
2176
2260
2284
2264
2244
2372
2120
2356
2176
2204
2320
2212
2296
2344
2116
2268
2228
2196
2340
2112
2304
2304
2172
2264
2232
2120
2348
2124
2264
2180
2168
2288
2272
2108
2280
2124
2280
2236
2124
2240
2216
2188
2236
2168
2196
2268
2088
2236
2136
2224
2184
2196
2120
2268
2124
2268
2120
2156
2180
2228
2172
2200
2148
2244
2228
2188
2228
2188
2240
2196
2264
2148
2280
2192
2216
2196
2240
2108
2252
2116
2300
2176
2188
2228
2204
2128
2248
2096
2228
2180
2124
2236
2124
2180
2204
2132
2172
2232
2060
2292
2092
2132
2172
2148
2168
2248
2036
2268
2120
2168
2228
2124
2204
2240
2076
2272
2164
2088
2256
2080
2232
2168
2084
2192
2152
2060
2236
2028
2272
2156
2088
2160
2148
2060
2200
2040
2188
2172
2056
2188
2124
2132
2200
2120
2140
2204
2092
2244
2112
2156
2124
2112
2076
2212
2052
2180
2108
2140
2076
2124
2068
2092
2076
2172
2144
2088
2092
2164
2172
2068
2092
2008
2164
2084
2120
2108
2140
2080
2196
1996
2204
2120
2092
2124
2084
2048
2192
2012
2128
2072
2036
2228
2072
2088
2100
2060
2124
2152
1932
2200
2044
2132
2084
1996
2068
2176
1928
2164
2032
2064
2132
2012
2092
2156
1996
2168
2052
2044
2216
1968
2108
2052
2036
2128
2116
2012
2180
1964
2140
2072
2024
2088
2092
1984
2132
1976
2116
2108
2000
2128
2052
2012
2064
2084
2060
2080
1944
2140
2076
2112
2052
2052
2008
2112
1976
2088
2012
2044
2000
2076
2052
2116
2012
1996
2044
2068
2084
2028
2036
2016
2092
2020
2124
1976
1988
2024
2092
2004
2088
1900
2072
2016
2008
2084
2036
1968
2088
1960
2108
2068
1952
2124
2012
2096
2096
1956
2020
2100
1920
2148
1928
2032
2028
1964
2008
2096
1884
2112
1968
2040
2076
1952
2048
2032
1896
2120
2048
2004
2136
1908
2088
2016
1928
2044
1988
1912
2080
1828
2072
1968
1956
2052
2040
1960
2080
1932
2060
2048
1952
2048
1964
2028
2068
1996
1972
2036
1920
2040
1984
2052
2004
2036
1976
2076
1944
2052
1940
2056
1920
2012
1976
2016
1960
1980
2028
1984
1980
1960
1968
1988
2012
1912
1992
1976
1920
1940
1932
1932
2076
1864
2036
1956
1916
1980
1932
1924
2036
1880
2044
1992
1876
2060
1892
1932
1996
1884
1960
2028
1836
2100
1876
1968
2016
1944
1996
2048
1780
2052
1928
2000
2020
1880
2028
2056
1880
2020
1916
1928
2100
1864
1972
1892
1892
2032
1956
1824
2032
1820
2044
1920
1912
2012
1948
1836
1984
1864
2044
1972
1880
1940
1936
1980
1976
1900
1844
1920
1852
2036
1964
1956
1868
1940
1904
1996
1860
1984
1904
1904
1876
1944
1916
1940
1884
1884
1940
1924
1916
1940
1960
1908
2016
1848
1964
1868
1884
1936
1948
1872
2016
1804
2024
1888
1868
1940
1900
1884
1980
1808
2008
1936
1804
1984
1852
1916
1916
1836
1952
1988
1788
1996
