20114
20163
5041

680
680
700
676
660
760
604
728
636
644
720
656
656
636
628
688
728
600
736
608
708
652
760
612
716
616
708
644
700
620
712
636
724
704
684
704
672
668
704
652
684
736
628
780
664
660
644
656
652
752
592
780
588
596
692
620
656
716
552
740
648
632
748
576
672
668
580
760
696
612
812
576
744
724
636
692
668
568
812
572
712
696
604
732
672
604
764
664
700
756
592
764
628
640
728
636
568
716
524
744
620
656
700
640
576
680
580
756
680
640
704
672
704
688
632
680
692
632
740
716
728
640
672
620
708
620
652
660
700
660
704
612
720
636
640
704
696
676
748
664
672
712
608
760
604
684
688
652
668
756
600
808
632
596
732
672
668
692
536
772
660
608
740
548
712
724
584
676
640
608
832
564
708
680
652
764
680
564
816
600
720
668
592
764
660
532
696
608
696
760
608
772
672
656
748
680
652
752
552
784
620
688
720
696
648
728
600
732
632
620
684
668
740
704
692
680
680
604
700
636
692
628
752
676
732
636
684
652
664
616
732
652
736
672
684
744
652
656
684
628
644
708
612
792
672
672
680
664
672
744
540
756
628
624
740
636
648
724
560
764
640
632
804
584
740
716
612
752
660
556
776
560
764
732
668
684
664
612
824
588
696
668
584
704
684
580
728
612
716
748
576
744
620
612
716
724
712
744
532
744
576
688
680
692
636
696
612
764
676
648
636
644
680
676
684
668
700
624
688
636
708
604
684
576
724
620
688
676
668
616
732
640
724
664
632
716
648
680
716
656
732
764
596
796
624
652
636
616
636
732
528
780
580
636
696
604
684
764
604
796
640
580
764
568
712
612
564
680
688
580
772
540
764
600
684
676
752
604
784
544
712
692
596
728
668
660
764
592
684
672
588
764
632
644
680
652
636
692
544
796
652
672
664
616
628
720
636
752
640
692
688
656
696
680
672
672
684
644
684
660
692
600
748
612
756
616
688
712
716
656
748
604
728
680
644
692
592
584
704
620
696
736
612
784
604
720
708
640
640
732
584
820
604
636
716
644
704
704
532
784
620
636
776
600
776
676
612
756
664
604
768
536
764
644
636
708
640
568
760
556
760
680
612
744
676
644
764
608
660
684
584
744
604
624
676
656
644
728
572
764
620
708
700
708
684
748
628
760
692
684
664
676
668
676
700
676
668
612
668
660
660
620
712
616
756
668
688
736
684
648
756
612
744
652
636
732
648
640
728
616
708
692
576
764
580
624
748
700
740
740
524
792
616
700
668
584
696
744
552
772
612
676
788
572
716
680
644
748
644
600
800
576
740
600
620
732
684
580
764
544
752
676
592
720
584
628
708
604
664
664
580
732
612
668
652
604
636
720
596
768
576
688
636
664
652
644
608
688
656
688
696
664
652
636
676
636
704
640
696
696
752
696
788
680
784
612
648
664
676
644
752
644
780
660
600
700
664
668
712
644
664
648
536
736
544
676
680
628
684
740
612
836
580
692
724
640
720
704
580
812
612
640
720
560
744
656
596
760
652
620
792
572
768
636
628
732
612
596
776
604
724
576
572
764
684
664
720
572
668
704
580
716
592
668
688
656
640
684
572
736
656
744
648
640
596
696
668
732
628
620
640
692
692
660
680
648
752
676
692
668
668
612
740
624
740
612
660
720
704
652
728
540
712
660
668
768
628
660
716
600
724
684
588
768
532
676
720
644
672
620
496
792
576
692
672
576
712
696
588
792
576
628
740
588
768
708
652
776
644
644
800
496
788
584
668
740
672
520
812
596
776
632
596
712
628
624
652
572
712
716
604
700
560
652
724
684
688
712
620
764
592
672
636
728
656
688
648
748
696
708
692
708
664
656
652
632
700
640
680
672
668
624
708
568
736
620
724
708
680
624
716
576
692
588
596
704
652
652
720
620
736
676
576
772
620
716
696
612
672
696
556
820
568
748
716
652
724
716
584
828
636
708
764
592
764
660
636
764
652
624
776
532
764
616
656
724
652
624
760
604
756
644
636
700
644
612
668
584
692
668
596
760
640
648
672
648
660
724
592
736
628
700
680
724
620
700
632
684
616
668
636
688
624
676
688
640
720
660
692
708
684
656
764
588
764
616
664
668
628
616
756
576
780
644
656
752
572
612
724
596
728
660
600
824
604
716
668
596
740
740
572
832
604
748
696
576
684
724
644
788
520
640
740
608
760
644
620
764
620
576
736
552
764
604
632
724
620
624
700
576
740
632
644
728
644
660
728
668
712
656
616
724
588
672
656
700
668
696
596
736
628
700
636
700
636
712
652
692
620
660
660
724
660
660
708
640
720
636
656
652
632
660
744
620
768
644
684
716
608
644
732
568
732
592
620
744
620
660
692
600
736
672
620
812
560
708
660
628
716
692
552
764
516
696
668
596
700
636
564
764
536
652
724
568
744
648
640
756
640
640
732
556
768
572
664
692
680
684
764
580
776
612
644
704
696
656
696
680
740
704
672
780
624
676
664
692
620
696
632
740
620
684
620
680
584
700
680
756
636
612
616
764
684
684
652
596
768
680
696
676
580
628
736
588
792
604
640
680
648
688
760
552
748
584
648
764
604
696
700
580
752
652
592
768
564
712
668
636
736
664
560
800
552
736
664
596
696
672
644
816
576
684
720
592
792
628
624
748
624
640
748
604
792
604
664
684
716
616
760
540
724
616
720
768
656
664
692
700
716
604
580
760
712
700
612
672
620
752
588
668
620
704
632
716
596
708
604
668
668
684
680
740
612
656
708
648
744
600
636
708
656
620
696
600
808
620
660
700
604
680
736
588
788
644
660
764
592
704
700
584
700
600
596
808
580
728
672
644
724
652
556
796
552
732
676
636
720
640
596
788
568
704
700
604
760
632
640
716
612
672
740
580
796
576
668
680
660
684
764
644
780
624
688
700
660
664
720
648
728
712
668
704
644
676
644
692
628
684
648
696
640
632
660
748
616
732
636
652
660
668
652
724
600
712
696
616
764
632
696
708
644
636
696
532
780
556
700
740
604
640
752
620
808
596
660
768
644
740
692
564
756
676
624
792
556
748
668
604
704
676
620
812
516
736
692
612
692
660
632
848
620
696
660
600
732
612
632
728
660
680
688
564
764
600
676
648
632
668
740
612
732
604
676
684
668
676
724
648
664
652
660
724
644
660
624
688
620
720
592
688
668
708
640
712
584
704
620
648
664
644
636
720
604
708
700
648
748
616
640
688
616
660
752
572
776
580
636
680
608
660
724
584
800
600
668
780
604
700
636
592
736
668
656
808
556
768
688
632
728
652
580
776
520
744
668
656
720
636
604
752
584
684
712
628
768
644
720
732
668
680
748
604
792
604
744
716
668
600
696
572
732
580
632
636
644
664
716
664
672
724
664
652
628
680
700
704
624
700
628
700
664
668
624
768
616
752
652
700
676
628
616
732
636
724
648
580
724
604
660
688
560
636
732
548
800
576
708
712
616
676
732
532
768
560
680
764
596
704
680
624
796
656
644
776
536
752
640
644
716
644
608
788
512
752
644
668
740
648
616
748
560
696
680
612
748
632
668
716
592
596
688
592
768
596
684
684
684
692
700
656
760
636
756
696
628
716
680
732
648
692
624
664
624
628
672
752
664
712
596
764
680
652
592
760
676
772
648
668
696
632
652
740
604
716
680
608
736
584
692
724
608
692
736
588
776
552
696
740
628
676
700
576
788
572
688
764
580
748
652
612
760
608
632
792
536
744
636
640
700
668
660
804
548
748
612
656
724
636
632
768
604
772
684
592
712
624
660
700
628
644
708
616
764
612
724
680
660
636
724
588
752
596
688
648
724
596
660
632
680
688
700
716
692
696
656
708
548
716
616
700
648
660
632
760
580
764
648
652
680
600
636
764
648
716
660
592
768
596
708
716
580
652
724
620
808
576
748
760
636
664
632
536
812
612
708
732
596
732
648
588
716
604
640
708
488
740
648
688
716
620
612
772
548
756
624
656
708
628
620
764
608
732
668
624
744
628
692
700
648
692
716
620
744
600
696
644
636
608
740
648
744
600
672
644
704
668
708
696
664
668
668
680
652
672
684
736
620
708
612
700
684
664
644
784
604
728
632
688
700
652
700
756
592
732
680
652
772
604
708
692
596
656
656
556
760
548
712
652
564
668
692
572
812
588
688
752
616
772
716
688
772
620
684
764
572
756
616
652
724
640
636
796
556
776
632
664
700
644
664
732
604
716
668
640
756
628
704
712
656
656
696
636
748
600
708
636
712
680
744
648
720
648
728
668
712
648
668
688
640
672
644
684
668
676
680
800
604
708
620
720
712
680
636
744
580
784
640
656
704
644
700
748
616
736
652
608
780
620
720
672
572
708
720
620
796
524
692
732
672
736
704
624
848
608
776
756
600
700
640
596
752
604
668
772
552
808
648
660
668
596
628
796
580
772
648
668
704
664
636
744
604
736
704
672
724
632
644
712
632
648
696
628
728
624
712
644
664
648
792
1092
1660
2196
2776
3444
3936
4344
4716
5036
5192
5528
5552
5656
5636
5628
5680
5816
5704
5828
5688
5772
5740
5724
5708
5800
5608
5804
5644
5744
5816
5704
5692
5792
5648
5784
5636
5616
5812
5660
5700
5660
5572
5668
5656
5512
5760
5544
5720
5632
5500
5616
5604
5508
5676
5444
5664
5676
5528
5640
5520
5536
5656
5456
5528
5644
5484
5668
5488
5524
5544
5500
5500
5592
5412
5636
5484
5508
5512
5492
5516
5580
5404
5576
5516
5524
5560
5468
5516
5532
5500
5532
5540
5460
5592
5464
5524
5456
5500
5428
5556
5476
5544
5460
5500
5428
5492
5424
5452
5440
5400
5500
5448
5444
5456
5412
5432
5504
5364
5500
5372
5460
5472
5440
5448
5508
5308
5472
5356
5404
5480
5332
5424
5480
5284
5432
5388
5376
5476
5268
5420
5448
5376
5432
5352
5236
5524
5260
5448
5340
5308
5392
5372
5288
5440
5228
5420
5372
5260
5404
5348
5316
5404
5248
5372
5408
5228
5420
5268
5344
5412
5304
5324
5436
5236
5428
5264
5308
5276
5268
5256
5340
5196
5356
5280
5272
5296
5240
5276
5264
5252
5252
5328
5244
5288
5200
5268
5232
5252
5216
5296
5204
5236
5188
5232
5212
5280
5196
5228
5208
5184
5244
5176
5216
5248
5208
5236
5248
5068
5296
5172
5264
5220
5144
5216
5244
5080
5296
5104
5148
5204
5092
5196
5244
5088
5236
5120
5128
5232
5020
5164
5116
5036
5172
5132
5072
5244
4992
5244
5152
5088
5176
5124
5068
5220
4996
5188
5156
5048
5148
5048
5064
5152
4992
5092
5156
5052
5244
5072
5116
5140
5040
5060
5148
4960
5180
5028
5108
5092
5028
5044
5076
4956
5084
5004
5032
5084
5020
5068
5044
5036
5012
5020
4988
5064
4952
5084
5012
5092
4960
5080
4972
5024
4972
5012
4964
5020
4936
5040
5012
4972
5004
4940
4968
4988
4924
4984
5040
4924
5060
4916
4992
5036
4896
4868
4988
4828
5064
4860
4956
4960
4884
5004
5000
4828
5008
4880
4912
5028
4848
4980
4900
4856
4992
4924
4880
5028
4764
4956
4936
4872
4940
4844
4792
5020
4804
5000
4896
4812
4952
4868
4912
4992
4796
4888
4932
4792
4980
4828
4924
4888
4816
4844
4924
4760
4920
4792
4884
4840
4820
4824
4896
4832
4892
4840
4856
4872
4812
4828
4832
4804
4816
4852
4788
4844
4772
4868
4812
4884
4760
4860
4804
4844
4772
4788
4736
4864
4740
4800
4796
4688
4860
4684
4752
4748
4712
4784
4764
4668
4840
4712
4816
4780
4716
4768
4832
4648
4844
4632
4764
4776
4680
4780
4824
4672
4840
4688
4732
4792
4572
4792
4740
4700
4772
4652
4648
4812
4576
4796
4676
4688
4776
4680
4648
4844
4564
4740
4664
4604
4776
4704
4656
4724
4576
4764
4724
4568
4692
4596
4732
4744
4604
4640
4712
4560
4708
4556
4700
4652
4612
4592
4668
4624
4676
4616
4600
4684
4588
4640
4620
4660
4564
4664
4580
4636
4548
4664
4584
4664
4544
4652
4540
4584
4588
4596
4580
4604
4516
4608
4580
4536
4608
4524
4588
4624
4540
4616
4628
4492
4684
4476
4576
4580
4500
4536
4600
4392
4648
4480
4608
4572
4452
4556
4620
4504
4628
4444
4492
4668
4464
4580
4500
4520
4604
4524
4460
4620
4396
4600
4484
4436
4528
4508
4468
4600
4372
4548
4504
4408
4516
4396
4468
4540
4432
4492
4524
4368
4536
4404
4520
4512
4444
4436
4488
4392
4516
4384
4448
4420
4408
4420
4472
4384
4440
4404
4456
4456
4376
4372
4396
4424
4376
4456
4392
4424
4348
4380
4348
4428
4304
4444
4344
4404
4396
4408
4396
4452
4324
4420
4372
4356
4432
4360
4380
4416
4316
4380
4388
4276
4460
4268
4408
4404
4316
4380
4404
4244
4464
4224
4364
4400
4284
4380
4368
4284
4444
4236
4332
4428
4248
4432
4344
4332
4412
4340
4308
4444
4172
4444
4300
4300
4332
4328
4264
4416
4192
4416
4344
4260
4340
4232
4268
4348
4236
4332
4344
4256
4380
4240
4336
4304
4248
4272
4348
4192
4316
4188
4320
4272
4268
4240
4244
4220
4308
4304
4304
4284
4248
4244
4264
4284
4192
4268
4216
4312
4252
4288
4228
4268
4104
4260
4176
4216
4216
4176
4164
4256
4124
4260
4200
4148
4248
4156
4224
4232
4140
4184
4224
4092
4324
4076
4204
4212
4140
4204
4184
4088
4376
4124
4172
4156
4072
4252
4208
4092
4236
4092
4152
4264
4032
4216
4164
4148
4244
4124
4136
4288
4024
4220
4108
4144
4164
4080
4100
4228
4060
4252
4148
4060
4132
4104
4140
4200
4020
4092
4100
4048
4188
4040
4132
4076
4072
4096
4208
4092
4176
4056
4164
4132
4100
4060
4108
4040
4084
4044
4076
4064
4044
4056
4084
4124
4044
4136
4036
4072
4036
4056
4044
4156
3980
4124
4032
4068
4052
4020
4020
4092
3916
4088
4012
4028
4060
4012
4060
4096
3972
4064
3988
4004
4168
4044
4052
4052
3932
4028
4040
3892
4160
3936
4092
4044
3908
4036
4000
3932
4092
3948
4060
4108
3896
4096
3992
3988
4020
3932
3972
4084
3812
4032
3932
3948
3992
3944
3916
4064
3852
4036
3916
3956
4008
3924
3948
3976
3916
3968
3924
3868
3992
3884
3976
3904
3872
3904
4024
3888
3932
3852
3948
3932
3936
3896
3980
3952
3888
3920
3900
3928
3892
3888
3896
3928
3860
3960
3824
3900
3920
3880
3864
3912
3780
3976
3852
3876
3896
3884
3884
3928
3792
3944
3856
3836
3916
3800
3872
3916
3800
3916
3916
3732
3948
3768
3940
3912
3800
3880
3928
3788
3952
3716
3868
3900
3772
3876
3860
3788
3968
3760
3832
3852
3692
3924
3800
3796
3888
3804
3808
3912
3684
3916
3776
3792
3820
3796
3788
3896
3656
3816
3748
3728
3796
3732
3788
3828
3732
3784
3796
3704
3884
3760
3864
3804
3788
3736
3816
3720
3836
3716
3800
3728
3780
3772
3812
3736
3728
3752
3796
3752
3776
3732
3764
3776
3696
3828
3696
3740
3764
3760
3724
3780
3620
3820
3692
3764
3740
3664
3716
3804
3676
3820
3696
3656
3780
3636
3748
3732
3612
3736
3732
3644
3836
3572
3708
3652
3620
3760
3732
3604
3800
3544
3728
3748
3600
3728
3660
3596
3780
3608
3704
3724
3580
3756
3632
3620
3708
3596
3596
3728
3532
3784
3580
3628
3656
3592
3628
3728
3576
3724
3640
3616
3648
3556
3628
3668
3588
3660
3680
3600
3716
3588
3712
3660
3640
3600
3660
3560
3636
3576
3644
3572
3636
3584
3660
3620
3596
3584
3596
3596
3596
3564
3608
3628
3512
3644
3528
3584
3580
3584
3572
3620
3452
3664
3532
3584
3592
3520
3548
3588
3452
3628
3564
3512
3604
3468
3604
3588
3484
3588
3576
3484
3712
3460
3644
3564
3464
3580
3572
3464
3664
3404
3620
3540
3452
3576
3548
3444
3584
3436
3564
3604
3460
3612
3460
3504
3556
3476
3492
3572
3436
3612
3464
3472
3528
3488
3508
3600
3428
3596
3476
3464
3556
3496
3528
3544
3420
3528
3544
3456
3524
3380
3492
3456
3500
3448
3528
3412
3508
3412
3500
3440
3520
3428
3484
3432
3456
3476
3452
3456
3500
3420
3460
3476
3340
3528
3388
3468
3448
3420
3416
3480
3356
3556
3428
3452
3492
3392
3436
3484
3364
3512
3408
3420
3536
3376
3464
3456
3276
3488
3412
3360
3500
3288
3400
3504
3332
3464
3404
3280
3516
3272
3452
3368
3316
3492
3420
3352
3472
3296
3416
3460
3264
3472
3324
3340
3416
3324
3340
3436
3276
3440
3352
3412
3364
3324
3348
3448
3292
3396
3332
3328
3388
3324
3348
3344
3324
3356
3364
3296
3448
3328
3364
3380
3348
3316
3360
3312
3372
3388
3356
3288
3336
3324
3396
3316
3280
3360
3324
3276
3296
3244
3348
3348
3224
3376
3292
3352
3340
3272
3248
3372
3196
3440
3248
3308
3348
3312
3308
3364
3200
3396
3292
3224
3324
3260
3364
3308
3156
3364
3336
3204
3356
3100
3324
3312
3204
3244
3240
3196
3428
3148
3292
3236
3188
3364
3276
3220
3340
3204
3304
3300
3120
3316
3196
3220
3256
3228
3256
3356
3140
3336
3208
3236
3256
3252
3264
3304
3176
3304
3236
3220
3256
3180
3216
3192
3168
3244
3284
3180
3260
3176
3288
3196
3208
3164
3252
3172
3204
3172
3212
3164
3244
3148
3228
3192
3180
3256
3204
3188
3204
3140
3228
3232
3104
3264
3152
3232
3228
3176
3196
3272
3044
3264
3112
3184
3220
3140
3204
3228
3064
3252
3140
3152
3268
3068
3228
3172
3120
3240
3136
3044
3236
3008
3240
3180
3112
3204
3144
3052
3260
2992
3164
3116
3084
3256
3176
3124
3252
3092
3180
3168
3020
3232
3116
3184
3156
3112
3092
3192
3044
3212
3048
3124
3172
3148
3116
3160
3060
3164
3072
3088
3108
3048
3100
3104
3076
3116
3140
3104
3124
3068
3132
3052
3132
3056
3164
3100
3128
3064
3108
3068
3144
3032
3124
3072
3040
3084
3032
3052
3124
3028
3092
3100
2972
3180
3000
3104
3100
3044
3084
3132
2948
3188
2988
3036
3076
3016
3068
3100
2932
3100
3020
3036
3156
2960
3104
3060
2976
3116
3048
2940
3132
2892
3096
3012
2956
3096
3032
2908
3092
2876
3064
3028
2944
3096
2996
2992
3088
2908
3044
3108
2956
3088
2944
3016
3052
2984
3008
3040
2900
3052
2960
3000
2972
2972
2956
3068
2944
3064
2976
2912
2968
2976
3044
2972
2920
2924
3028
2960
3028
2936
2964
2908
3044
2948
3036
2896
2968
2964
3044
2964
3032
2852
2996
2964
2924
3028
2936
2928
2972
2920
3012
3028
2836
2996
2828
2948
2988
2924
2952
2972
2832
3064
2908
2968
2936
2824
2948
2940
2832
2996
2860
2944
3040
2864
3012
2940
2832
2948
2908
2888
2976
2816
2952
2944
2828
2940
2840
2844
3008
2764
2972
2864
2816
2976
2892
2852
2972
2864
2956
2932
2796
3012
2824
2900
2904
2860
2860
2928
2796
2980
2836
2924
2896
2896
2868
2904
2848
2936
2900
2852
2872
2868
2868
2904
2864
2856
2868
2840
2844
2848
2852
2828
2876
2812
2940
2828
2872
2872
2908
2816
2944
2772
2872
2804
2792
2892
2820
2824
2884
2832
2876
2880
2744
2936
2792
2856
2848
2772
2892
2968
2720
2944
2776
2828
2832
2788
2880
2876
2716
2916
2768
2788
2868
2680
2868
2816
2760
2840
2776
2752
2940
2680
2856
2744
2756
2868
2828
2732
2876
2672
2904
2808
2716
2864
2784
2784
2840
2700
2820
2828
2708
2888
2716
2808
2796
2764
2772
2824
2704
2860
2716
2800
2764
2760
2744
2800
2712
2824
2788
2784
2796
2780
2796
2772
2828
2764
2832
2716
2788
2732
2780
2700
2764
2648
2796
2700
2736
2724
2756
2700
2812
2676
2804
2740
2688
2804
2696
2712
2764
2672
2780
2772
2620
2820
2644
2736
2744
2656
2724
2800
2620
2856
2636
2728
2748
2660
2760
2772
2628
2852
2676
2712
2776
2616
2804
2700
2636
2784
2712
2676
2796
2572
2816
2724
2668
2736
2696
2656
2784
2584
2768
2692
2604
2740
2664
2680
2760
2608
2724
2720
2604
2776
2644
2692
2672
2636
2636
2668
2588
2740
2624
2716
2676
2704
2708
2736
2660
2708
2684
2692
2684
2656
2688
2680
2656
2596
2660
2584
2672
2632
2652
2600
2716
2592
2740
2620
2664
2660
2656
2604
2696
2572
2716
2672
2616
2732
2628
2656
2684
2616
2708
2704
2556
2748
2552
2652
2668
2572
2624
2652
2496
2752
2536
2652
2660
2548
2644
2640
2552
2700
2552
2580
2664
2560
2744
2620
2536
2668
2632
2572
2712
2488
2716
2572
2548
2628
2584
2544
2700
2516
2740
2616
2516
2644
2568
2592
2624
2524
2600
2588
2508
2700
2524
2608
2572
2632
2596
2616
2512
2656
2540
2604
2572
2600
2600
2628
2548
2564
2560
2584
2588
2600
2596
2588
2572
2548
2632
2604
2596
2588
2508
2508
2600
2500
2608
2448
2512
2572
2588
2544
2580
2496
2620
2524
2496
2624
2524
2544
2548
2424
2556
2560
2428
2632
2420
2536
2516
2452
2572
2588
2444
2660
2436
2560
2564
2464
2616
2556
2472
2660
2460
2536
2604
2416
2620
2500
2436
2552
2500
2504
2620
2360
2616
