14151
14183
3546

580
580
760
680
652
692
688
652
780
636
712
676
668
748
644
640
700
704
700
708
648
748
652
684
688
696
640
692
636
756
648
696
652
708
692
684
684
704
712
724
656
676
684
596
736
660
716
644
652
692
728
632
752
548
708
632
660
716
684
604
756
604
696
692
596
780
672
680
716
664
696
732
600
796
628
704
756
700
700
752
604
816
608
680
760
636
708
712
592
772
664
592
760
596
796
688
652
716
676
632
764
600
764
640
676
736
704
644
740
600
748
668
664
708
628
656
692
668
668
716
680
764
612
688
728
652
696
708
668
680
612
680
764
736
732
688
704
740
720
684
664
736
764
680
760
620
724
636
640
664
720
632
744
560
708
700
692
732
632
588
768
656
700
632
580
756
644
688
736
660
696
728
620
820
616
700
712
704
756
744
620
804
648
704
752
648
700
684
624
768
628
644
748
616
744
648
652
700
636
592
744
568
760
620
668
712
684
648
732
640
740
668
676
732
668
672
672
660
660
688
664
756
632
716
652
748
692
740
648
728
668
740
660
708
636
680
696
700
716
692
660
716
736
676
760
620
748
668
656
724
724
648
756
588
760
676
652
720
652
636
764
620
716
648
600
764
624
676
732
632
692
728
604
816
572
712
712
668
692
740
620
796
628
732
700
612
724
696
636
768
628
676
744
604
740
664
656
716
636
648
764
588
756
632
672
688
668
636
700
612
712
648
680
728
656
684
664
680
708
680
636
708
652
644
644
728
660
668
660
756
680
692
592
688
716
744
724
656
696
720
684
700
680
668
816
656
732
640
700
748
728
620
768
580
776
652
684
744
708
668
768
588
728
708
640
780
628
728
748
684
708
748
620
820
588
756
732
672
740
764
600
780
612
652
708
620
716
756
692
748
632
664
776
616
696
652
700
732
668
640
768
616
728
580
648
692
680
668
760
704
768
644
676
716
668
684
660
660
660
688
684
700
616
684
640
736
644
712
696
736
644
696
600
708
608
624
652
672
700
656
632
704
700
668
740
600
752
660
668
696
644
572
736
576
760
660
652
740
664
636
748
596
732
648
632
796
632
716
748
692
760
708
620
808
604
780
736
668
716
704
600
812
608
712
704
628
736
696
636
756
644
672
776
604
764
688
732
732
668
640
740
620
748
608
676
696
664
672
716
644
720
668
688
732
672
748
684
680
648
680
652
748
636
724
640
756
656
712
656
724
632
688
692
764
588
676
684
752
724
708
620
708
660
664
744
572
712
620
632
696
680
644
720
536
780
704
664
704
640
656
780
636
764
628
596
760
628
708
716
668
732
696
612
816
596
744
688
648
716
704
628
768
608
736
740
612
708
652
636
764
636
632
692
580
728
596
664
684
676
628
772
608
748
600
684
720
692
684
708
656
744
652
676
688
660
684
644
688
672
672
656
688
628
704
596
732
632
704
676
668
644
696
608
744
668
704
676
644
700
680
648
748
672
632
724
612
732
632
716
760
688
644
780
636
768
600
664
744
672
672
708
576
768
688
660
788
584
692
712
636
732
732
660
844
580
732
688
644
668
696
640
832
608
732
692
640
736
648
656
776
616
712
732
628
744
596
652
696
684
660
748
624
772
616
720
700
692
656
668
616
728
668
740
768
664
632
620
668
632
636
644
712
664
696
628
736
652
736
648
648
664
708
668
788
644
696
724
680
708
656
656
756
684
700
752
652
788
636
676
696
644
592
748
620
792
636
684
764
700
708
772
620
764
692
640
744
604
688
696
632
720
716
616
792
560
740
708
680
716
704
596
776
608
724
704
668
748
660
628
744
632
688
736
592
720
616
684
692
644
676
768
660
768
640
712
688
672
632
680
680
736
660
696
684
712
720
676
736
684
700
644
676
672
720
596
716
600
696
676
676
688
704
648
744
616
684
680
672
768
688
676
764
668
664
756
584
796
632
652
712
664
668
784
632
800
636
692
764
636
688
752
616
764
668
656
780
604
716
668
620
692
680
624
828
580
712
656
656
680
684
596
776
620
740
700
648
708
640
644
724
620
688
716
644
792
660
708
676
700
656
708
596
704
576
688
688
696
656
696
668
716
664
720
680
668
688
640
728
640
676
652
680
664
704
636
780
640
748
676
704
648
728
592
788
668
728
684
616
688
744
612
740
604
688
748
636
764
564
668
764
668
652
736
572
772
692
724
744
612
680
776
648
772
612
612
764
636
768
676
616
716
704
680
824
556
724
700
700
716
688
628
756
580
732
696
696
700
652
668
732
640
688
684
656
764
636
696
648
676
652
720
628
752
620
704
660
708
680
708
696
712
660
744
692
704
668
664
720
668
716
696
672
652
736
652
808
640
720
684
684
712
704
628
764
628
744
712
660
760
660
660
732
616
656
708
600
780
644
688
704
660
684
748
588
796
624
684
772
668
672
732
584
784
636
652
772
620
732
628
640
744
724
628
760
560
780
648
692
704
668
624
760
544
744
688
680
684
644
660
716
628
664
684
664
756
636
708
672
716
672
752
668
792
656
748
704
740
620
676
700
716
592
632
648
700
672
632
684
624
744
700
648
660
740
688
808
600
712
692
692
680
656
660
788
628
716
684
692
792
668
668
748
652
708
712
544
792
636
744
748
676
680
748
592
796
628
684
764
616
684
688
624
772
608
656
768
624
716
636
636
732
680
640
792
584
708
616
656
696
700
636
776
624
764
664
648
664
628
652
696
636
684
716
676
736
620
748
700
708
644
716
660
752
668
748
660
676
660
676
664
636
644
728
712
688
672
676
784
652
688
620
664
708
700
588
756
604
764
684
704
752
696
624
712
568
756
712
640
764
656
668
756
624
692
720
616
772
564
680
740
680
684
732
604
840
620
712
748
680
704
716
596
768
648
696
776
596
744
660
608
716
680
632
776
580
764
628
672
700
700
660
764
612
708
676
696
752
664
676
708
668
680
704
664
752
656
740
684
696
644
692
636
712
588
748
676
732
660
712
692
676
652
700
648
724
692
656
740
604
704
652
656
692
696
652
796
608
772
692
692
700
676
644
756
612
752
644
712
740
672
668
724
592
752
780
604
756
532
716
676
644
636
752
612
812
600
664
720
644
712
740
644
792
624
664
776
640
764
652
628
728
708
684
760
572
720
644
740
744
684
652
760
624
748
680
688
680
636
700
768
692
732
688
660
740
652
728
672
708
644
676
636
720
668
748
632
712
656
724
716
676
636
644
604
748
724
672
704
568
708
672
668
680
652
604
788
616
764
684
644
668
648
632
776
604
732
664
664
764
620
636
704
600
700
704
572
764
588
672
684
628
680
732
604
820
612
712
676
636
708
716
608
808
632
724
764
612
732
668
700
736
648
656
764
604
760
648
696
684
676
668
748
600
732
660
696
696
644
672
708
656
680
700
652
760
652
752
636
708
600
756
712
724
620
728
676
752
616
628
640
688
748
748
628
676
684
652
752
592
744
688
688
708
660
636
780
596
768
664
692
728
636
620
776
648
732
620
592
760
620
676
720
624
708
712
612
772
576
720
752
692
688
712
588
760
576
696
740
620
736
688
632
776
672
700
776
684
796
644
584
588
572
692
820
660
704
524
588
708
760
768
720
488
584
652
856
876
728
564
468
560
748
884
860
740
540
580
568
748
720
768
668
644
572
712
692
804
660
700
704
708
736
732
632
680
620
680
784
616
688
660
628
672
660
664
820
588
712
620
684
764
660
624
724
612
788
704
668
772
652
688
720
612
732
764
652
816
600
740
712
636
672
768
652
844
568
700
724
632
700
680
632
784
644
692
756
588
764
632
636
676
656
656
728
572
772
652
724
680
632
644
704
628
712
688
736
696
624
664
664
672
664
668
652
684
620
704
664
752
652
728
652
708
660
748
664
760
656
700
732
664
668
688
684
756
692
680
752
612
748
696
712
732
668
620
760
568
740
632
676
712
656
672
780
588
732
668
668
776
620
688
732
604
780
708
624
816
596
808
748
656
620
692
628
788
604
728
732
616
708
692
628
756
640
728
784
652
748
572
664
716
692
672
696
540
732
660
736
652
632
612
732
648
708
628
696
696
684
728
684
672
644
696
688
704
644
688
628
748
648
732
688
684
644
724
640
732
612
684
732
680
732
692
636
688
624
704
784
624
756
684
704
724
680
656
780
572
776
652
668
708
624
676
752
572
744
644
624
752
588
700
712
620
724
712
656
796
596
696
680
664
684
684
620
808
568
716
688
624
668
668
640
752
652
708
716
596
752
640
680
688
684
640
744
592
764
624
732
692
716
684
732
628
724
684
740
708
656
676
668
700
620
668
696
728
672
724
676
784
632
656
616
696
708
724
596
756
668
756
720
604
704
712
676
704
592
676
796
636
748
620
672
692
640
636
772
592
776
612
680
760
688
704
760
596
752
688
660
772
632
696
684
624
700
676
608
780
580
732
664
620
672
700
644
796
612
732
720
672
756
668
644
748
652
712
712
636
772
656
668
688
660
688
732
644
760
648
812
888
1124
1348
1696
1892
2268
2556
3012
3380
3816
4024
4116
4168
4108
4164
4192
4180
4184
4260
4204
4340
4180
4260
4228
4260
4264
4288
4204
4340
4180
4256
4264
4208
4256
4188
4152
4300
4216
4216
4228
4048
4268
4156
4192
4236
4156
4164
4248
4040
4240
4080
4140
4176
4104
4148
4260
4048
4200
4068
4112
4228
4044
4116
4116
4064
4172
4084
4016
4208
4004
4168
4116
4124
4196
4164
4028
4144
3996
4148
4124
4036
4108
4100
4112
4188
4032
4076
4124
4068
4136
4012
4096
4116
4076
4048
4084
4000
4128
3988
4112
4044
4084
4052
4080
4024
4080
4048
4084
4036
4076
4060
4032
4076
4008
4056
4024
4036
4024
4044
4012
4140
3988
4052
4016
4028
4024
4056
4004
4096
3944
4036
4016
3988
4040
3980
3972
4060
3980
4016
4064
3932
4092
3960
4008
4048
3956
3932
4056
3852
4012
3860
3972
4004
3920
3968
3996
3888
4028
3876
3900
3996
3844
3964
3920
3896
3944
3984
3936
4092
3832
4032
3836
4004
3960
3952
3848
4076
3876
3964
3924
3912
3988
3932
3916
3928
3848
3976
3972
3868
3932
3868
3952
3916
3892
3884
3932
3844
3928
3828
3976
3828
3876
3840
3948
3900
3944
3840
3912
3832
3940
3932
3924
3900
3836
3908
3868
3840
3892
3900
3804
3960
3804
3948
3852
3832
3808
3892
3832
3956
3756
3900
3848
3840
3900
3852
3844
3908
3800
3876
3880
3756
3924
3780
3844
3868
3796
3804
3876
3692
3896
3720
3856
3856
3756
3836
3888
3748
3900
3724
3788
3840
3704
3860
3804
3796
3844
3784
3764
3908
3688
3868
3728
3780
3796
3820
3752
3896
3696
3868
3772
3768
3792
3752
3760
3800
3684
3800
3788
3712
3772
3700
3792
3728
3740
3728
3792
3692
3768
3692
3772
3696
3760
3740
3768
3724
3680
3704
3812
3756
3740
3692
3724
3780
3684
3708
3676
3712
3780
3780
3688
3792
3628
3776
3668
3668
3708
3724
3676
3772
3588
3732
3696
3644
3684
3652
3684
3804
3624
3704
3732
3632
3800
3616
3684
3680
3604
3656
3708
3540
3784
3580
3688
3636
3596
3676
3724
3588
3756
3624
3680
3684
3548
3664
3652
3596
3680
3600
3604
3696
3544
3700
3632
3608
3612
3584
3580
3724
3556
3704
3596
3612
3640
3640
3644
3664
3544
3640
3648
3580
3632
3572
3644
3596
3612
3584
3632
3572
3648
3552
3664
3540
3620
3544
3584
3572
3596
3580
3632
3532
3588
3568
3584
3636
3524
3588
3568
3552
3584
3532
3508
3636
3504
3620
3552
3532
3572
3548
3568
3644
3468
3592
3564
3516
3588
3496
3524
3596
3480
3572
3576
3448
3600
3416
3512
3544
3472
3528
3556
3420
3648
3444
3572
3588
3472
3516
3544
3432
3588
3416
3524
3536
3432
3584
3532
3468
3516
3484
3500
3600
3380
3560
3480
3520
3512
3452
3428
3540
3384
3540
3440
3468
3476
3416
3428
3464
3408
3492
3464
3420
3484
3408
3508
3444
3428
3420
3480
3412
3464
3388
3548
3440
3472
3376
3472
3440
3448
3420
3484
3408
3476
3420
3428
3512
3424
3516
3456
3444
3476
3456
3380
3480
3312
3504
3408
3404
3440
3396
3388
3500
3340
3468
3408
3352
3460
3384
3452
3472
3332
3424
3420
3344
3528
3320
3444
3432
3356
3412
3424
3276
3464
3264
3424
3408
3308
3384
3376
3292
3468
3296
3388
3404
3304
3420
3368
3328
3388
3324
3372
3436
3256
3468
3292
3364
3316
3324
3344
3392
3256
3368
3316
3340
3424
3324
3248
3276
3300
3460
3360
3304
3308
3236
3348
3340
3348
3244
3316
3292
3352
3284
3392
3236
3300
3212
3324
3340
3328
3272
3312
3268
3356
3324
3292
3328
3180
3320
3284
3264
3304
3280
3248
3356
3180
3328
3252
3304
3308
3304
3236
3328
3164
3328
3276
3228
3300
3188
3244
3320
3216
3320
3304
3204
3400
3204
3296
3260
3220
3292
3308
3144
3320
3124
3308
3284
3192
3240
3264
3208
3304
3148
3200
3300
3168
3344
3192
3200
3220
3196
3200
3284
3116
3296
3168
3216
3236
3232
3200
3272
3128
3268
3204
3228
3228
3220
3240
3204
3148
3200
3228
3180
3200
3140
3224
3212
3204
3152
3200
3156
3144
3140
3268
3188
3248
3104
3196
3176
3156
3132
3140
3124
3244
3132
3148
3200
3084
3236
3128
3144
3200
3160
3168
3272
3064
3236
3124
3140
3104
3152
3132
3252
3040
3224
3180
3164
3200
3064
3140
3180
3080
3156
3152
3048
3212
3012
3172
3128
3068
3132
3168
3056
3276
3028
3164
3088
3048
3132
3128
3068
3192
3012
3140
3140
3036
3140
3044
3072
3156
3100
3112
3176
3008
3168
3044
3104
3076
3080
3072
3092
3028
3164
3080
3092
3104
3084
3120
3116
3100
3104
3072
3052
3076
3064
3128
3048
3116
3068
3120
3032
3056
3032
3092
2976
3132
3032
3112
3072
3036
3052
3084
3000
3108
3028
3040
3056
2960
3092
3044
3032
3068
3024
3020
3084
2900
3088
3000
3016
3064
2988
3016
3108
2932
3052
2980
2952
3084
2964
3036
3056
2948
3068
3056
2968
3108
2916
3060
3012
2944
3004
3020
2912
3088
2884
3076
3028
2956
3048
3048
2964
3068
2912
3012
3016
2896
3020
2968
3000
3024
2960
3000
3052
2888
3072
2924
2972
2984
3008
2996
3028
2896
3012
2940
2932
2888
2920
2964
3020
2964
2904
2884
2928
2988
2944
2988
2900
3004
2928
2968
2908
2960
2944
2968
2860
2968
2908
2956
2916
2896
2964
3004
2928
2956
2872
2940
3000
2840
2944
2884
2896
2964
2892
2920
3008
2828
2984
2852
2892
2940
2884
2892
3000
2812
2996
2916
2856
2956
2848
2956
2936
2812
2900
2872
2856
2968
2804
2924
2880
2828
2932
2940
2844
3036
2788
2964
2892
2844
2884
2880
2844
2932
2772
2876
2880
2788
2924
2848
2872
2892
2836
2872
2928
2820
2948
2832
2868
2876
2900
2868
2948
2796
2876
2896
2880
2944
2836
2900
2796
2816
2844
2892
2864
2824
2832
2900
2812
2868
2788
2884
2816
2840
2792
2852
2752
2872
2800
2888
2856
2796
2804
2820
2816
2916
2804
2804
2820
2696
2920
2860
2812
2792
2752
2800
2880
2712
2896
2740
2768
2868
2784
2792
2880
2684
2864
2792
2796
2948
2764
2836
2808
2688
2844
2768
2736
2884
2716
2852
2864
2748
2824
2840
2732
2852
2668
2836
2784
2748
2820
2792
2756
2832
2708
2788
2796
2700
2856
2748
2776
2784
2772
2756
2780
2660
2808
2684
2780
2728
2772
2776
2820
2732
2792
2716
2768
2720
2756
2732
2764
2760
2732
2772
2692
2680
2704
2816
2708
2780
2700
2828
2748
2764
2684
2760
2700
2824
2672
2744
2704
2704
2760
2752
2640
2756
2708
2716
2740
2608
2808
2708
2692
2724
2676
2768
2836
2596
2804
2696
2712
2756
2656
2716
2812
2660
2796
2656
2636
2760
2652
2792
2740
2620
2724
2684
2636
2772
2548
2712
2672
2624
2692
2684
2568
2752
2584
2752
2660
2628
2680
2684
2636
2704
2584
2700
2692
2604
2732
2620
2672
2656
2632
2680
2732
2592
2748
2636
2716
2644
2644
2636
2676
2640
2708
2636
2684
2628
2620
2640
2640
2672
2652
2680
2628
2636
2640
2680
2636
2716
2560
2668
2620
2632
2656
2696
2608
2700
2572
2668
2652
2572
2644
2632
2576
2660
2556
2600
2648
2496
2668
2564
2596
2652
2596
2628
2708
2496
2692
2568
2640
2668
2564
2616
2668
2500
2704
2612
2576
2652
2520
2640
2620
2536
2648
2580
2532
2708
2492
2636
2580
2580
2648
2624
2496
2660
2488
2664
2576
2556
2592
2572
2556
2640
2544
2616
2596
2500
2620
2548
2592
2580
2556
2556
2636
2536
2652
2524
2576
2508
2560
2568
2596
2524
2572
2504
2584
2540
2572
2564
2532
2552
2544
2580
2564
2540
2528
2588
2492
2584
2464
2588
2520
2524
2540
2520
2420
2552
2452
2576
2540
2512
2576
2516
2436
2584
2524
2556
2556
2396
2608
2492
2516
2528
2428
2496
2588
2400
2600
2456
2536
2568
2468
2508
2584
2416
2588
2492
2500
2556
2428
2540
2480
2428
2568
2524
2468
2580
2376
2560
2456
2444
2496
2516
2484
2596
2404
2524
2440
2456
2512
2460
2448
2564
2464
2552
2496
2412
2516
2444
2500
2504
2476
2468
2492
2436
2512
2400
2484
2404
2488
2516
2476
2488
2472
2484
2500
2444
2392
2508
2460
2548
2436
2460
2468
2472
2452
2440
2452
2564
2388
2496
2416
2468
2452
2488
2340
2520
2364
2520
2436
2364
2444
2412
2404
2484
2388
2480
2444
2324
2524
2456
2452
2408
2348
2420
2540
2364
2540
2328
2392
2424
2396
2432
2464
2332
2492
2396
2396
2468
2344
2440
2388
2344
2468
2404
2380
2440
2304
2504
2412
2388
2396
2380
2356
2472
2340
2476
2396
2352
2444
2396
2428
2436
2356
2440
2452
2392
2448
2348
2392
2396
2424
2416
2416
2332
2420
2340
2416
2340
2420
2356
2440
2372
2432
2396
2388
2288
2404
2392
2320
2368
2316
2404
2380
2364
2364
2380
2316
2444
2296
2420
2380
2360
2408
2364
2256
2404
2280
2412
2328
2268
2412
2364
2316
2360
2292
2380
2364
2224
2400
2344
2352
2360
2288
2348
2404
2272
2460
2284
2356
2380
2320
2364
2372
2268
2476
2308
2300
2356
2288
2356
2316
2236
2368
2316
2276
2440
2256
2416
2252
2280
2300
2304
2248
2352
2188
2360
2268
2284
2308
2268
2276
2368
2284
2324
2324
2284
2396
2304
2380
2324
2340
2300
2324
2240
2324
2256
2340
2252
2332
2248
2288
2268
2300
2260
2324
2276
2316
2252
2260
2336
2280
2340
2300
2240
2292
2308
2240
2352
2188
2332
2236
2244
2288
2292
2224
2368
2204
2336
2276
2240
2364
2280
2244
2348
2224
2316
2316
2212
2364
2232
2292
2296
2228
2280
2308
2156
2356
2180
2276
2300
2208
2264
2268
2160
2336
2204
2228
2284
2188
2288
2244
2192
2256
2224
2176
2260
2116
2336
2216
2228
2288
2248
2200
2320
2164
2324
2196
2232
2264
2256
2240
2228
2168
2256
2236
2172
2256
2156
2228
2168
2248
2204
2224
2176
2300
2212
2264
2136
2232
2168
2216
2196
2244
2224
2276
2192
2252
2212
2192
2252
2148
2252
2204
2216
2244
2240
2156
2296
2076
2268
2140
2164
2196
2248
2192
2316
2104
2244
2200
2164
2224
2132
2164
2300
2180
2240
2220
2108
2300
2124
2204
2200
2156
2212
2256
2056
2292
2120
2240
2208
2140
2228
2244
2124
2252
2096
2144
2212
2088
2220
2148
2108
2184
2160
2148
2264
2096
2248
2132
2176
2200
2188
2128
2188
2108
2268
2152
2144
2200
2160
2168
2176
2108
2188
2188
2140
2160
2116
2184
2100
2152
2096
2156
2096
2184
2104
2208
2108
2204
2140
2168
2136
2132
2184
2172
2140
2164
2184
2120
2180
2116
2188
2204
2096
2156
2100
2076
2188
2028
2200
2116
2180
2172
2092
2000
2180
2076
2188
2136
2080
2188
2116
2104
2140
1972
2140
2152
2044
2208
2056
2132
2108
2048
2156
2180
2012
2196
2012
2132
2156
2104
2136
2124
2020
2180
2028
2136
2124
2004
2156
2072
2052
2140
2060
2064
2148
2048
2196
2084
2088
2092
2076
2068
2152
1992
2132
2060
2128
2132
2072
2072
2084
2084
2128
2092
2056
2124
2072
2128
2044
2088
2032
2104
2052
2124
2072
2084
1952
2104
2072
2100
2048
2040
2092
2100
1992
2012
1960
2060
2160
1984
2100
2044
2064
2084
2040
1996
2140
1968
2120
2016
2032
2096
2044
2000
2100
1960
2148
2036
1988
2096
2044
2076
2092
1944
2100
2092
1972
2152
2028
2080
2044
1984
2084
2092
1940
2144
1936
2048
2056
1992
2016
2012
1944
2124
2016
2052
2092
1968
2132
2044
2012
2044
2008
2012
2100
1976
2136
1996
2032
2012
2036
1996
2056
1956
2084
2012
2040
2012
1968
2012
2012
2012
2044
2024
2008
2052
1988
2044
1936
2028
1984
2044
1988
2020
1988
2092
1964
2080
1968
2048
2008
2024
1996
2040
1932
2024
1956
1964
2020
1916
2036
1960
1948
2016
2012
1964
2076
1916
2096
1960
1996
2048
2032
1964
2048
1884
2092
1996
1984
2076
1964
1988
2040
1948
2080
2036
1928
2092
1896
2028
2000
1956
2016
2024
1920
