13563
13626
3407

1752
1752
1548
1684
1636
1548
1700
1640
1556
1784
1516
1660
1644
1596
1712
1688
1620
1808
1592
1704
1732
1588
1720
1628
1632
1728
1628
1656
1712
1548
1684
1588
1676
1664
1644
1588
1692
1612
1696
1568
1656
1656
1660
1612
1652
1604
1572
1628
1640
1644
1612
1608
1612
1684
1560
1624
1560
1684
1664
1652
1540
1724
1556
1668
1564
1572
1664
1684
1612
1732
1556
1664
1688
1576
1716
1596
1600
1692
1540
1612
1676
1536
1760
1532
1636
1712
1600
1620
1720
1540
1752
1524
1576
1656
1556
1636
1648
1504
1656
1548
1512
1692
1492
1644
1624
1588
1652
1628
1524
1772
1500
1632
1604
1564
1656
1604
1548
1724
1516
1644
1624
1592
1704
1612
1596
1676
1636
1632
1600
1528
1660
1580
1616
1612
1552
1552
1640
1548
1588
1532
1632
1628
1636
1580
1624
1568
1564
1580
1580
1588
1564
1532
1520
1656
1548
1624
1504
1564
1580
1604
1556
1668
1496
1648
1580
1584
1628
1572
1532
1676
1508
1628
1636
1516
1632
1504
1560
1676
1532
1544
1612
1444
1748
1508
1608
1628
1532
1552
1672
1496
1728
1508
1556
1604
1464
1560
1596
1440
1628
1500
1520
1648
1428
1576
1564
1508
1620
1560
1456
1652
1456
1628
1588
1524
1600
1568
1488
1668
1452
1572
1548
1484
1600
1524
1544
1612
1508
1504
1580
1500
1628
1508
1596
1560
1580
1504
1568
1484
1568
1476
1536
1484
1576
1512
1536
1568
1540
1524
1512
1532
1580
1548
1524
1588
1464
1576
1516
1544
1552
1544
1508
1628
1476
1616
1552
1540
1552
1520
1484
1644
1448
1536
1548
1488
1628
1464
1452
1576
1432
1492
1532
1364
1616
1428
1580
1600
1472
1516
1568
1392
1660
1448
1480
1540
1428
1564
1572
1424
1604
1472
1456
1596
1412
1580
1496
1456
1556
1488
1508
1676
1372
1540
1500
1528
1596
1544
1436
1584
1432
1580
1524
1456
1556
1488
1488
1540
1484
1520
1576
1476
1572
1468
1540
1492
1496
1436
1556
1480
1520
1444
1536
1512
1588
1476
1536
1520
1508
1536
1476
1444
1520
1440
1460
1524
1420
1540
1448
1484
1484
1464
1416
1568
1352
1548
1476
1480
1524
1484
1396
1584
1332
1560
1500
1428
1572
1388
1348
1608
1436
1560
1476
1332
1568
1356
1500
1532
1444
1492
1548
1388
1636
1456
1504
1564
1368
1516
1540
1444
1608
1372
1420
1536
1400
1496
1452
1404
1524
1468
1436
1612
1376
1524
1432
1404
1472
1476
1420
1584
1380
1512
1480
1420
1536
1408
1480
1488
1476
1452
1492
1388
1512
1372
1460
1436
1500
1436
1516
1436
1428
1424
1516
1448
1504
1416
1544
1540
1476
1436
1420
1456
1532
1424
1396
1516
1432
1540
1396
1416
1456
1464
1404
1508
1320
1520
1420
1424
1468
1412
1400
1536
1340
1484
1448
1380
1508
1388
1460
1536
1404
1444
1500
1320
1596
1352
1488
1492
1408
1452
1476
1300
1544
1316
1452
1496
1372
1444
1452
1384
1524
1392
1412
1532
1344
1500
1436
1428
1472
1400
1316
1524
1300
1504
1416
1436
1476
1424
1368
1504
1340
1436
1376
1364
1444
1372
1424
1480
1408
1412
1436
1328
1436
1336
1452
1392
1416
1332
1464
1384
1416
1332
1428
1368
1488
1336
1412
1408
1404
1460
1420
1384
1428
1372
1392
1484
1340
1492
1332
1356
1380
1360
1360
1492
1268
1468
1360
1384
1428
1356
1352
1492
1304
1496
1440
1388
1488
1288
1404
1464
1300
1420
1456
1312
1544
1288
1404
1420
1324
1380
1408
1312
1544
1268
1400
1420
1324
1444
1404
1320
1468
1360
1384
1500
1264
1432
1348
1392
1384
1352
1312
1488
1244
1400
1304
1336
1376
1352
1304
1452
1300
1396
1360
1396
1432
1364
1372
1400
1356
1328
1372
1324
1412
1356
1420
1352
1420
1328
1424
1336
1404
1340
1416
1348
1452
1316
1404
1388
1316
1372
1376
1388
1412
1368
1388
1460
1284
1424
1336
1360
1404
1400
1372
1464
1268
1436
1340
1384
1436
1344
1360
1480
1268
1420
1364
1288
1472
1280
1368
1436
1308
1424
1400
1256
1512
1252
1400
1364
1256
1364
1380
1248
1456
1200
1364
1388
1280
1396
1356
1280
1456
1308
1348
1432
1276
1448
1368
1344
1356
1304
1272
1408
1272
1420
1344
1344
1328
1308
1280
1412
1260
1348
1316
1344
1336
1284
1328
1396
1348
1324
1320
1284
1380
1316
1356
1272
1360
1304
1392
1324
1340
1320
1372
1256
1368
1248
1368
1372
1296
1360
1340
1348
1396
1260
1288
1380
1268
1412
1276
1336
1372
1308
1288
1388
1196
1416
1276
1316
1368
1272
1308
1404
1224
1380
1292
1280
1340
1252
1296
1412
1208
1328
1244
1244
1484
1244
1368
1324
1280
1368
1356
1196
1516
1236
1388
1324
1276
1364
1364
1244
1408
1228
1324
1360
1204
1328
1276
1308
1364
1308
1252
1392
1188
1360
1256
1320
1296
1332
1304
1404
1244
1344
1284
1296
1320
1288
1276
1356
1280
1268
1300
1220
1292
1264
1356
1276
1316
1240
1348
1296
1320
1280
1292
1284
1424
1228
1340
1328
1308
1352
1264
1236
1356
1292
1296
1292
1200
1428
1316
1336
1324
1256
1288
1404
1180
1364
1232
1292
1324
1240
1276
1396
1168
1344
1284
1252
1396
1204
1268
1332
1240
1364
1320
1188
1420
1164
1360
1336
1260
1324
1312
1204
1432
1168
1360
1308
1216
1300
1296
1248
1356
1252
1324
1364
1228
1356
1260
1284
1300
1292
1268
1392
1188
1316
1228
1264
1244
1276
1224
1348
1228
1292
1280
1296
1296
1276
1276
1312
1276
1244
1292
1264
1304
1272
1276
1252
1308
1204
1324
1284
1244
1228
1300
1236
1364
1164
1300
1276
1192
1292
1280
1224
1268
1168
1280
1328
1180
1356
1216
1288
1300
1248
1244
1292
1100
1372
1240
1300
1328
1180
1208
1328
1180
1340
1220
1196
1320
1144
1276
1308
1140
1288
1280
1184
1400
1128
1300
1248
1188
1280
1276
1184
1392
1140
1316
1284
1180
1256
1220
1220
1320
1172
1232
1296
1176
1300
1180
1236
1228
1224
1196
1332
1176
1312
1172
1228
1212
1264
1208
1304
1156
1260
1228
1284
1276
1248
1256
1276
1264
1224
1260
1212
1276
1224
1244
1152
1260
1196
1336
1244
1248
1196
1244
1188
1332
1160
1288
1240
1196
1300
1232
1208
1308
1164
1228
1292
1116
1284
1132
1256
1292
1196
1232
1308
1096
1340
1152
1252
1276
1176
1204
1308
1144
1324
1204
1172
1272
1100
1244
1260
1160
1280
1256
1184
1376
1060
1240
1188
1164
1292
1300
1184
1328
1088
1272
1228
1212
1308
1260
1212
1316
1176
1248
1256
1160
1276
1156
1252
1284
1220
1168
1300
1156
1276
1164
1232
1232
1244
1144
1280
1180
1228
1180
1220
1180
1180
1184
1212
1228
1180
1240
1220
1208
1164
1220
1204
1300
1100
1260
1204
1228
1228
1200
1136
1332
1116
1280
1204
1176
1276
1208
1212
1284
1124
1220
1248
1072
1312
1164
1284
1240
1156
1216
1328
1108
1292
1104
1196
1244
1140
1208
1284
1108
1300
1160
1148
1244
1060
1192
1212
1096
1296
1180
1164
1312
1012
1236
1172
1184
1132
1208
1056
1284
1068
1280
1224
1176
1244
1132
1112
1252
1164
1236
1240
1156
1280
1216
1232
1212
1164
1148
1220
1120
1244
1160
1228
1164
1184
1112
1256
1152
1244
1204
1200
1116
1180
1200
1196
1144
1088
1216
1232
1188
1156
1144
1160
1296
1136
1208
1160
1176
1212
1196
1124
1248
1120
1280
1188
1124
1284
1184
1144
1212
1076
1220
1224
1068
1240
1100
1256
1192
1100
1140
1240
1032
1276
1080
1188
1204
1108
1160
1240
1048
1228
1072
1136
1272
1096
1212
1180
1100
1220
1200
1140
1332
1084
1276
1172
1100
1208
1164
1104
1272
1044
1244
1148
1124
1196
1144
1132
1224
1100
1176
1204
1124
1232
1140
1200
1164
1136
1108
1208
1116
1196
1080
1172
1156
1236
1144
1236
1148
1176
1144
1172
1148
1160
1148
1180
1200
1136
1212
1152
1156
1156
1160
1136
1196
1076
1212
1132
1168
1168
1160
1124
1308
1072
1172
1100
1092
1252
1124
1136
1180
1032
1192
1212
1032
1228
1032
1180
1220
1116
1164
1188
972
1244
1060
1204
1180
1052
1124
1172
1080
1228
1084
1092
1252
1036
1240
1164
1068
1204
1144
1108
1276
1012
1244
1120
1100
1164
1132
1068
1228
988
1216
1148
1128
1168
1124
1116
1204
1120
1188
1192
1076
1168
1088
1172
1148
1128
1076
1196
1104
1208
1088
1204
1080
1164
1072
1212
1056
1128
1124
1144
1088
1160
1116
1148
1156
1092
1204
1140
1160
1172
1164
1112
1184
988
1160
1044
1072
1116
1116
1084
1212
1020
1228
1140
1080
1176
1048
1136
1204
1028
1148
1156
1052
1252
1020
1148
1176
1092
1156
1180
1012
1220
996
1160
1172
1052
1112
1168
1056
1236
1056
1128
1176
1044
1204
1120
1044
1136
1056
1036
1188
992
1212
1116
1132
1148
1108
1092
1204
1008
1188
1072
1048
1132
1112
1120
1164
1076
1128
1128
1072
1176
1100
1164
1104
1116
1088
1164
1048
1136
1060
1164
1096
1164
1068
1168
1064
1076
1060
1072
1032
1092
1044
1116
1136
1056
1156
1084
1064
1076
1040
1068
1196
1016
1188
1092
1076
1144
1092
1080
1176
972
1116
1120
1080
1196
1020
1076
1168
1008
1132
1104
988
1232
1028
1128
1148
1072
1152
1116
960
1188
984
1160
1116
988
1108
1144
996
1164
996
1104
1216
1004
1164
1120
1060
1120
1128
1004
1260
988
1224
1020
1048
1008
1144
1008
1196
928
1164
1056
1044
1084
1028
1088
1140
1020
1100
1068
1024
1060
1048
1128
1096
1096
1028
1120
988
1088
1052
1080
972
1112
1044
1104
1016
1076
1116
1124
1048
1036
1024
1148
1176
1012
1108
1040
1108
1084
1048
1032
1140
1028
1152
1020
1040
1124
1088
1092
1196
1004
1180
1068
1020
1140
1032
1084
1112
956
1140
1104
1012
1172
936
1100
1084
996
1092
1132
1008
1208
964
1108
1072
1020
1088
1092
988
1204
1028
1076
1124
968
1132
1068
1036
1100
1028
1052
1180
972
1144
1036
1052
1124
1068
1064
1148
980
1160
1048
1084
1060
1032
1032
1096
1036
1096
1048
1036
1056
1044
1080
1024
1036
960
1092
1036
1084
1012
1092
984
1080
1008
1136
1044
1052
1052
1076
1048
1128
1036
1120
1120
1036
1116
1004
1012
1060
1020
1040
1100
944
1128
1000
1028
1072
1048
1024
1092
896
1168
984
972
1124
956
1028
1072
936
1120
1024
980
1176
972
1108
1072
912
1028
1028
968
1176
900
1088
1044
960
1052
1052
956
1124
960
1076
1112
1004
1128
1052
992
1120
1032
1044
1140
956
1176
1052
1068
1064
1036
1012
1084
916
1100
1012
1020
1036
1032
1052
1084
976
1036
1036
1024
1088
1040
1092
1028
1084
1020
1108
1012
1048
1016
1088
1008
1100
964
1116
1008
1008
1032
1028
996
1080
964
1068
1064
948
1116
1044
1060
1052
984
1024
1076
924
1120
972
1044
1052
1012
1024
1108
880
1076
964
1004
1144
996
1080
1072
920
1100
1012
944
1148
916
1088
1048
964
1040
972
936
1152
900
1076
1012
960
1044
1036
960
1140
892
1060
1064
964
1088
1008
1016
1088
996
1044
1112
924
1100
968
1032
1044
1004
988
1104
968
1096
1004
1028
1020
1000
1024
1056
992
1020
1020
1020
1060
1008
1048
964
1072
984
1052
960
988
972
1028
984
1068
916
1048
960
972
1036
1040
988
1100
944
1052
1012
952
1068
980
1016
1052
996
1016
1060
876
1112
972
1000
1036
960
1024
1140
924
1140
952
972
1052
940
1028
1056
868
1072
1004
1016
1168
888
1072
1016
928
1040
1004
936
1164
852
1088
1024
940
1040
996
944
1120
964
1028
1036
912
1100
1024
1164
1560
1840
2196
2560
2624
3092
3136
3480
3592
3820
3864
4144
4036
4316
4220
4288
4300
4268
4260
4296
4240
4312
4352
4316
4332
4296
4256
4244
4344
4236
4292
4208
4284
4284
4304
4200
4304
4128
4336
4196
4144
4188
4176
4212
4284
4132
4216
4228
4120
4272
4120
4212
4216
4140
4124
4272
4036
4312
4068
4164
4176
4120
4116
4220
3988
4280
4092
4164
4204
4092
4208
4224
4072
4192
4092
4096
4272
4012
4212
4140
4088
4176
4108
4060
4220
3944
4188
4116
4104
4168
4148
4140
4252
4072
4200
4228
4180
4308
4216
4248
4284
4188
4208
4252
4120
4296
4176
4252
4220
4228
4172
4272
4152
4280
4156
4240
4212
4216
4184
4260
4200
4184
4184
4168
4168
4136
4196
4144
4264
4136
4276
4176
4216
4200
4220
4168
4280
4092
4264
4160
4132
4216
4188
4152
4252
4108
4228
4168
4084
4252
4116
4176
4204
4108
4180
4232
4060
4280
4084
4168
4176
4132
4156
4196
3980
4236
4040
4092
4148
3956
4140
4108
3992
4212
4132
4080
4172
3932
4192
4108
4060
4152
4092
4036
4240
3988
4180
4052
4024
4120
4104
4020
4132
3956
4084
4064
4012
4124
4020
4016
4096
4088
4080
4112
3940
4116
4036
4076
4044
4032
3988
4092
3980
4132
4028
4072
4016
4016
3988
4068
4036
4044
4036
4028
4056
4032
4036
3984
4032
3936
4064
3960
3980
3984
4028
3980
4092
3904
4076
3960
3964
4028
4012
3988
4092
3928
4056
4000
3948
4076
3940
3992
4040
3896
4004
3984
3864
4092
3916
3996
3996
3900
3960
4004
3852
4080
3876
3964
4024
3876
4020
3992
3848
4028
3900
3892
4020
3848
4068
3920
3884
3944
3888
3836
4004
3748
4000
3864
3836
3960
3912
3860
3980
3836
3956
3924
3864
3972
3884
3908
3908
3852
3892
3916
3808
3980
3880
3932
3864
3884
3844
3916
3792
3896
3832
3912
3876
3908
3852
3880
3824
3828
3856
3860
3852
3904
3856
3812
3884
3788
3924
3836
3884
3864
3836
3764
3916
3716
3944
3780
3760
3848
3816
3800
3864
3692
3876
3824
3724
3920
3776
3856
3824
3744
3824
3852
3676
3936
3708
3828
3836
3724
3788
3792
3644
3896
3716
3756
3764
3644
3828
3812
3684
3844
3724
3740
3884
3652
3892
3768
3724
3828
3804
3704
3848
3612
3812
3724
3724
3788
3720
3712
3780
3652
3792
3756
3676
3780
3676
3748
3736
3776
3720
3752
3700
3856
3708
3736
3680
3752
3688
3844
3612
3796
3708
3724
3668
3784
3680
3696
3704
3680
3700
3672
3672
3720
3716
3676
3704
3596
3816
3652
3636
3652
3700
3656
3760
3576
3764
3656
3648
3712
3616
3644
3732
3576
3704
3620
3592
3760
3612
3652
3676
3592
3736
3696
3560
3784
3564
3664
3636
3608
3672
3696
3508
3732
3540
3616
3620
3524
3648
3636
3520
3692
3536
3568
3704
3528
3728
3568
3580
3692
3624
3572
3700
3480
3716
3580
3588
3636
3592
3548
3648
3512
3684
3608
3548
3588
3564
3604
3620
3560
3568
3616
3540
3660
3544
3580
3548
3588
3504
3588
3480
3580
3536
3596
3544
3584
3536
3580
3552
3532
3580
3532
3512
3564
3548
3500
3608
3440
3628
3500
3528
3512
3564
3520
3644
3400
3612
3476
3480
3556
3484
3492
3556
3416
3580
3492
3408
3620
3440
3540
3556
3448
3556
3512
3380
3628
3456
3584
3524
3400
3504
3516
3384
3612
3384
3480
3544
3420
3548
3488
3384
3532
3412
3452
3524
3332
3576
3516
3440
3440
3400
3420
3608
3364
3568
3372
3412
3472
3460
3440
3536
3396
3516
3448
3428
3512
3428
3432
3444
3428
3448
3484
3368
3456
3420
3480
3436
3456
3376
3476
3392
3468
3420
3432
3372
3456
3384
3468
3400
3392
3432
3416
3408
3428
3388
3384
3440
3304
3484
3352
3368
3380
3348
3328
3468
3248
3524
3364
3376
3440
3372
3404
3444
3256
3432
3340
3264
3460
3280
3376
3372
3284
3376
3356
3212
3488
3240
3388
3344
3280
3396
3388
3244
3464
3248
3392
3368
3272
3416
3356
3276
3428
3312
3324
3408
3216
3428
3320
3312
3364
3304
3280
3380
3204
3412
3264
3312
3352
3340
3312
3348
3208
3336
3288
3240
3320
3276
3284
3272
3272
3256
3336
3236
3352
3272
3324
3216
3296
3216
3320
3212
3284
3240
3296
3232
3324
3248
3268
3260
3244
3340
3272
3264
3292
3272
3248
3340
3184
3348
3204
3216
3244
3228
3208
3340
3108
3336
3196
3212
3324
3192
3216
3276
3148
3336
3252
3160
3376
3164
3292
3208
3144
3272
3224
3088
3344
3124
3320
3256
3192
3244
3208
3100
3324
3144
3284
3288
3120
3292
3208
3140
3268
3164
3188
3288
3076
3304
3168
3184
3244
3196
3184
3304
3116
3324
3176
3164
3212
3184
3164
3232
3088
3196
3116
3128
3200
3164
3176
3152
3132
3128
3224
3144
3188
3164
3188
3172
3272
3108
3196
3136
3188
3132
3164
3088
3280
3116
3132
3084
3084
3292
3132
3120
3128
3180
3196
3172
3008
3240
3136
3128
3100
3068
3060
3220
3020
3216
3052
3104
3212
3044
3076
3152
3008
3208
3044
3032
3208
3036
3144
3108
3016
3144
3092
2984
3192
2972
3144
3080
3008
3128
3132
3008
3224
2940
3112
3116
3036
3128
3064
3020
3180
3044
3068
3140
3000
3188
3048
3084
3128
3080
3048
3168
2956
3176
3004
3052
3044
3060
3052
3128
3048
3100
3040
3048
3076
3076
3096
3068
3064
3040
3104
3048
3080
3020
3068
3000
3108
2968
3084
2996
3068
3088
3060
2976
3068
2948
3044
3008
2980
3092
3000
3008
3072
3028
3020
3076
2916
3104
2936
2988
3036
3020
2988
3112
2876
3124
2948
2964
3072
2924
3016
3076
2908
3116
2984
2964
3108
2908
3040
3020
2948
3076
3004
2868
3084
2848
3004
2964
2916
3028
2976
2896
3100
2920
3008
2984
2880
3012
2948
2876
2988
2896
2924
3044
2868
3052
2888
2908
2972
2896
2876
3036
2864
3016
2872
2928
2972
2956
2940
2976
2900
2964
2936
2924
2928
2928
2960
2916
2940
2888
2940
2844
2944
2936
2972
2908
2964
2860
2968
2896
2908
2916
2892
2828
2988
2876
2932
2888
2816
2960
2876
2896
2940
2868
2856
2920
2772
2996
2816
2884
2924
2844
2852
2972
2744
3012
2788
2884
2984
2844
2916
2920
2776
2968
2824
2764
2972
2812
2964
2868
2780
2960
2916
2820
2980
2772
2940
2860
2844
2908
2860
2756
2972
2748
2876
2844
2780
2904
2864
2808
2920
2776
2824
2896
2748
2924
2796
2828
2812
2796
2780
2876
2744
2904
2776
2832
2820
2864
2832
2860
2760
2840
2820
2840
2844
2804
2828
2824
2856
2784
2836
2780
2844
2860
2864
2756
2844
2712
2868
2768
2792
2804
2812
2776
2860
2748
2836
2776
2748
2860
2788
2788
2836
2756
2792
2828
2684
2912
2704
2764
2796
2756
2784
2840
2640
2896
2684
2712
2788
2676
2764
2788
2644
2876
2752
2704
2856
2644
2844
2776
2704
2804
2724
2656
2852
2640
2828
2772
2696
2836
2796
2676
2836
2620
2752
2752
2700
2808
2692
2652
2760
2664
2716
2768
2608
2792
2688
2720
2756
2716
2704
2792
2672
2832
2672
2712
2704
2736
2688
2752
2704
2784
2716
2692
2740
2756
2724
2680
2732
2636
2776
2708
2752
2664
2672
2652
2784
2628
2764
2632
2716
2772
2704
2672
2680
2700
2732
2704
2604
2764
2564
2764
2680
2648
2692
2764
2576
2756
2536
2624
2732
2688
2676
2712
2520
2812
2588
2616
2684
2600
2704
2712
2520
2728
2596
2628
2784
2544
2680
2656
2644
2744
2648
2604
2824
2548
2736
2600
2604
2684
2648
2600
2752
2540
2672
2664
2592
2668
2576
2540
2672
2588
2604
2668
2544
2684
2560
2624
2660
2612
2544
2604
2520
2700
2596
2644
2588
2600
2588
2620
2588
2660
2616
2580
2568
2612
2632
2600
2636
2556
2652
2592
2616
2620
2596
2564
2700
2540
2660
2528
2536
2616
2588
2596
2636
2516
2636
2584
2576
2668
2504
2540
2620
2524
2592
2644
2464
2684
2508
2544
2600
2508
2536
2592
2416
2684
2484
2572
2600
2492
2612
2620
2460
2676
2508
2516
2648
2476
2620
2516
2492
2588
2524
2456
2628
2412
2608
2524
2512
2616
2556
2456
2648
2420
2632
2520
2528
2612
2528
2500
2588
2480
2484
2520
2468
2592
2436
2536
2500
2540
2456
2556
2432
2604
2460
2524
2512
2588
2516
2496
2480
2552
2552
2496
2540
2548
2536
2488
2560
2444
2560
2512
2552
2544
2532
2440
2544
2380
2572
2460
2504
2556
2476
2428
2564
2428
2556
2488
2424
2560
2412
2484
2516
2420
2496
2520
2400
2620
2372
2492
2480
2452
2496
2552
2364
2580
2372
2480
2548
2396
2500
2472
2392
2568
2420
2412
2556
2344
2552
2452
2392
2504
2440
2408
2556
2340
2532
2384
2404
2496
2440
2380
2556
2360
2488
2404
2400
2484
2400
2396
2468
2412
2424
2464
2392
2520
2364
2436
2412
2436
2384
2436
2332
2492
2388
2428
2400
2448
2396
2456
2388
2428
2416
2416
2428
2444
2432
2376
2440
2396
2460
2388
2416
2404
2400
2420
2524
2324
2464
2320
2384
2412
2348
2328
2452
2332
2480
2428
2348
2500
2332
2388
2448
2328
2404
2436
2280
2536
2300
2424
2392
2356
2392
2428
2288
2500
2304
2416
2472
2304
2400
2380
2268
2436
2304
2356
2476
2276
2444
2344
2320
2492
2340
2280
2420
2236
2460
2400
2352
2416
2348
2324
2440
2296
2424
2372
2300
2436
2352
2340
2388
2348
2368
2428
2288
2404
2268
2364
2348
2396
2312
2372
2260
2372
2304
2364
2332
2376
2344
2388
2308
2268
2336
2352
2328
2360
2328
2340
2392
2248
2368
2260
2336
2376
2296
2228
2392
2260
2380
2212
2244
2360
2284
2284
2428
2312
2428
2252
2044
2380
2312
2552
2428
2172
2088
2232
2264
2568
2324
2256
2248
2204
2340
2440
2244
2420
2048
2144
2356
2396
2520
2332
2084
2244
2208
2316
2428
2216
2336
2184
2172
2316
2300
2252
2376
2128
2340
2272
2300
2300
2220
2148
2300
2204
2356
2284
2272
2308
2176
2260
2244
2296
2280
2276
2164
2300
2188
2284
2232
2304
2212
2324
2212
2344
2216
2252
2156
2252
2196
2264
2284
2300
2292
2252
2216
2248
2204
2212
2300
2204
2332
2212
2244
2220
2200
2172
2300
2100
2332
2236
2240
2276
2164
2196
2292
2164
2268
2220
2172
2324
2168
2244
2284
2220
2280
2268
2124
2372
2100
2264
2252
2192
2264
2276
2140
2392
2156
2240
2284
2148
2268
2192
2152
2332
2188
2180
2264
2084
2272
2188
2196
2276
2172
2164
2308
2100
2296
2164
2184
2220
2196
2140
2228
2124
2268
2204
2172
2248
2196
2184
2224
2188
2220
2236
2152
2256
2160
2204
2172
2248
2148
2252
2140
2240
2136
2212
2100
2204
2124
2192
2160
2168
2244
2152
2096
2152
2116
2128
2204
2080
2220
2100
2108
2152
2072
2044
2204
2048
2268
2132
2164
2248
2112
2120
2236
2076
2212
2096
2068
2264
2104
2216
2168
2052
2200
2164
2036
2260
2028
2172
2172
2120
2200
2172
2036
2248
2020
2196
2220
2104
2192
2112
2060
2240
2076
2112
2200
2020
2220
2084
2140
2200
2120
2060
2180
2016
2208
2052
2132
2172
2112
2100
2208
2076
2152
2068
2092
2156
2096
2084
2096
2108
2064
2124
2024
2148
2036
2116
2076
2200
2116
2160
2060
2152
2088
2140
2068
2172
2060
2128
2104
2084
2104
2044
2068
2132
2068
2092
2172
2024
2168
2044
2108
2140
2040
2032
2184
1984
2168
1992
2068
2156
2020
2032
2124
1988
2164
2036
2020
2172
1984
2064
2084
2012
2080
2036
1940
2164
1976
2108
2060
1980
2060
2108
2004
2220
1956
2072
2096
2000
2144
2076
1996
2160
1924
2020
2156
2008
2124
2028
2040
2120
1996
2044
2124
1968
2152
2036
2028
2060
2032
2008
2100
2036
2120
2024
2004
2044
2028
2044
2064
2040
2012
2068
1988
2076
2008
2040
2008
2088
2028
2140
1984
2020
2012
2072
1992
2080
2020
2072
2048
2000
2032
2012
2112
2136
1988
1980
2076
1980
2088
1928
1988
2096
2044
1996
2100
1904
2152
1976
1980
2064
1980
2024
2088
1924
2112
2016
