33722
33812
8453

808
808
624
744
760
664
772
660
652
776
660
676
788
576
792
652
648
760
660
668
780
540
744
640
676
772
660
668
772
616
792
720
636
796
628
728
724
664
692
688
632
812
596
748
680
668
688
692
604
764
624
708
712
692
712
712
704
732
736
664
732
644
716
644
748
708
764
612
756
680
716
644
724
652
748
604
684
724
684
688
708
680
760
712
620
732
592
732
692
640
700
732
636
820
552
712
700
640
716
680
588
804
612
716
740
648
780
624
636
768
636
664
772
588
832
692
700
752
656
652
792
556
796
664
696
772
660
684
788
620
764
692
600
760
600
668
660
636
700
740
628
820
604
732
652
716
676
752
652
788
660
724
692
684
668
700
652
668
664
668
756
708
756
716
744
664
776
644
736
672
648
632
756
704
744
632
708
748
692
664
732
652
772
712
620
796
628
760
696
632
712
764
612
808
544
764
712
636
732
688
564
764
576
736
740
644
780
600
600
772
652
680
768
596
832
608
660
728
636
648
788
620
820
656
628
764
692
708
764
592
732
700
688
824
588
732
696
700
704
680
628
804
676
716
692
700
712
744
624
780
688
748
636
660
688
696
704
692
700
644
740
700
692
664
696
636
732
644
772
732
740
664
716
616
748
664
700
756
684
708
728
652
744
668
636
808
632
764
708
696
732
692
588
820
560
732
688
644
744
696
636
840
604
708
708
588
752
628
684
780
604
672
744
580
780
656
712
744
644
652
780
564
800
612
704
788
696
712
772
656
812
708
676
796
636
736
728
696
716
668
600
784
632
764
684
732
720
756
684
764
644
708
700
732
744
704
740
704
744
684
708
672
700
708
764
648
740
612
700
664
660
648
736
616
760
676
724
748
640
672
696
620
712
704
612
788
596
692
668
636
692
668
588
832
576
748
680
644
756
692
624
800
548
716
712
628
820
644
676
780
660
708
748
568
772
640
696
764
656
644
756
592
804
640
692
768
696
712
748
612
792
692
668
780
620
708
692
692
716
712
616
760
612
732
660
728
672
696
632
764
688
732
708
748
732
724
696
676
708
664
732
668
696
700
760
652
784
640
744
680
676
668
760
636
768
608
740
788
680
704
748
632
696
632
660
844
636
716
688
668
764
704
600
792
564
804
684
628
756
700
672
804
600
748
780
620
760
640
712
804
660
700
768
608
804
612
692
744
676
676
772
580
840
612
692
744
716
684
760
624
792
684
712
764
632
720
720
680
700
732
664
764
628
716
636
756
700
708
684
748
680
692
716
732
720
696
676
724
756
724
740
700
680
692
764
620
732
600
752
740
692
652
700
664
836
632
672
736
648
708
696
604
732
660
664
756
564
756
720
660
724
704
668
856
604
776
712
676
748
676
664
844
572
728
768
660
772
616
668
796
640
720
748
600
816
644
700
712
672
720
808
640
796
620
688
736
692
736
740
612
716
692
708
800
620
712
700
668
712
728
608
728
584
676
748
760
732
684
624
728
672
708
604
688
692
736
700
656
724
640
736
704
700
712
788
664
780
604
724
700
684
704
760
604
744
588
688
708
596
700
708
636
740
672
672
800
600
756
700
668
740
672
628
852
576
780
676
660
748
620
628
792
580
756
692
612
784
612
700
764
636
736
740
616
808
604
712
756
652
696
764
636
772
624
684
740
668
700
744
696
752
684
692
764
656
740
704
732
712
704
660
772
640
740
660
720
672
704
652
704
656
712
688
724
668
704
700
668
712
628
688
720
656
668
732
648
792
612
732
708
680
704
756
636
796
584
724
728
636
724
684
632
772
676
684
796
592
780
688
668
728
668
644
824
560
768
660
652
780
664
688
780
564
764
716
652
784
612
684
760
636
712
708
604
812
592
696
700
668
708
764
616
772
616
724
764
692
688
704
644
724
696
652
752
620
700
676
704
668
644
620
724
580
696
652
696
608
668
636
732
664
704
676
728
644
692
704
684
768
644
700
744
712
704
704
616
780
612
744
704
660
688
724
652
820
624
712
716
612
744
716
652
776
636
644
744
528
748
684
700
764
660
644
828
540
740
612
700
784
684
664
836
636
804
676
652
812
632
704
724
628
756
752
648
828
616
792
748
684
648
772
644
832
628
756
720
684
652
712
652
780
668
696
708
636
712
696
732
700
712
636
744
608
732
656
764
636
696
624
712
680
700
696
700
664
764
728
688
756
692
772
732
656
688
716
676
816
588
748
748
680
668
644
588
788
596
716
716
624
752
688
588
704
572
648
780
580
784
708
704
764
648
652
820
532
772
636
708
768
648
660
804
588
764
660
684
816
600
688
768
648
708
700
616
820
588
748
732
708
704
780
604
748
632
752
700
668
680
716
640
684
652
672
692
632
700
652
700
648
640
616
672
684
716
656
732
612
660
736
752
736
660
612
716
624
756
684
724
760
628
728
712
696
692
684
596
824
644
812
712
644
744
744
628
764
556
736
736
644
764
688
632
764
616
668
732
532
736
628
692
764
664
712
796
548
776
628
700
756
640
712
812
600
780
652
668
796
608
744
760
640
728
692
640
780
604
736
708
692
664
672
632
812
640
712
700
656
648
700
672
740
680
692
712
676
716
700
700
676
692
588
700
628
724
668
792
668
760
652
732
700
692
672
756
616
720
684
688
748
604
712
700
664
740
720
608
788
560
768
688
664
684
696
612
792
600
776
724
640
748
716
696
804
624
700
808
588
764
628
676
760
664
688
796
580
832
644
688
768
644
664
752
556
776
668
684
760
616
708
732
656
748
720
628
792
620
764
676
680
692
724
636
800
632
744
648
732
684
748
676
764
700
704
736
680
720
712
720
668
716
648
748
664
724
700
740
612
756
644
744
680
660
668
716
596
728
672
708
772
628
740
704
660
724
692
628
816
568
804
732
676
736
684
600
796
564
760
704
616
740
644
652
800
632
736
748
588
792
660
716
760
636
696
780
536
768
604
696
740
664
720
816
588
776
628
720
792
604
704
764
708
768
684
636
768
616
772
680
696
692
748
620
764
608
732
680
716
664
748
704
716
636
664
700
680
724
688
732
680
724
692
768
688
700
596
648
588
748
668
684
672
732
724
740
604
732
684
728
736
564
744
748
684
716
660
632
852
580
760
620
644
768
716
656
828
592
732
668
608
752
668
660
768
596
712
716
532
772
636
712
720
628
700
796
588
792
596
684
700
640
684
748
568
792
660
652
716
624
724
728
636
764
712
676
812
680
740
632
696
708
740
636
764
596
728
676
704
616
704
676
780
692
680
684
628
636
680
760
668
720
580
716
696
708
716
680
672
796
740
744
668
564
732
744
612
748
636
672
756
612
776
760
708
736
684
652
836
560
780
696
668
736
676
608
796
564
796
720
680
780
656
692
776
620
752
724
588
764
624
704
772
640
664
716
528
812
652
716
740
620
704
772
628
756
668
716
792
612
692
680
632
720
696
676
780
592
736
676
712
688
720
636
732
616
732
668
680
676
712
668
708
684
656
664
644
668
684
732
696
784
644
728
660
692
668
740
636
804
664
728
692
652
692
736
636
760
620
672
772
636
764
704
636
728
672
656
804
552
748
652
664
756
684
648
836
600
792
748
644
768
688
704
760
556
688
740
628
812
668
732
732
644
700
740
588
804
628
708
724
664
700
740
568
744
624
664
716
620
724
712
692
700
664
640
740
592
752
676
700
640
736
684
748
636
744
672
732
668
728
680
668
692
652
728
672
716
664
712
612
748
640
772
700
684
680
756
632
816
656
748
700
668
680
704
616
756
620
684
752
560
756
720
700
756
696
684
796
532
764
644
620
736
696
660
796
536
812
712
652
764
652
684
780
628
760
740
596
788
632
728
736
640
688
724
600
820
580
740
704
684
720
804
604
812
660
764
728
652
744
724
644
708
660
684
780
600
724
684
708
660
700
612
780
684
756
652
696
652
744
688
676
720
756
736
700
680
712
724
648
768
648
756
688
688
672
720
620
740
636
808
720
668
752
768
628
732
604
740
776
596
728
700
696
808
684
672
836
596
820
712
668
752
676
684
768
548
780
692
668
780
676
696
716
540
724
716
624
816
628
732
720
616
660
732
552
768
588
712
668
624
676
688
584
776
672
744
756
656
744
712
692
704
708
676
752
604
728
664
692
648
780
692
716
608
720
712
724
636
716
668
688
724
688
748
764
700
744
712
628
740
584
744
736
680
672
696
584
788
632
740
720
612
768
712
652
764
600
684
740
628
768
712
636
692
616
668
804
532
736
644
668
776
684
676
820
560
812
664
636
764
636
692
764
608
756
688
648
776
656
748
720
664
740
780
596
772
608
728
728
680
748
784
652
780
628
668
704
600
740
704
688
684
692
640
720
616
712
644
700
636
716
632
752
660
708
644
728
636
740
672
692
696
684
724
728
608
748
760
692
788
620
720
672
676
744
736
592
752
568
760
728
704
740
716
664
812
660
708
744
568
804
708
660
756
652
652
776
516
788
624
636
748
660
684
820
608
804
712
836
1408
1912
2704
3624
4500
5956
7460
8320
8796
8724
8972
8992
8996
9060
9164
9060
9284
9116
9252
9216
9208
9216
9240
9136
9268
9140
9228
9240
9204
9240
9204
9136
9140
9116
9080
9176
9060
9152
9072
9132
9024
9104
9004
9064
8976
9024
8984
9056
8916
9012
8936
8964
8956
8856
8908
8932
8856
8936
8988
8916
9004
8796
8972
8920
8868
8896
8904
8804
8956
8732
8896
8896
8816
8920
8812
8756
8916
8772
8868
8912
8720
8932
8796
8796
8876
8740
8788
8892
8660
8904
8704
8776
8864
8728
8744
8860
8620
8840
8720
8744
8840
8700
8736
8780
8668
8776
8732
8672
8824
8616
8764
8692
8656
8668
8724
8596
8820
8572
8708
8648
8696
8644
8716
8632
8760
8600
8676
8636
8540
8632
8616
8640
8628
8616
8600
8680
8596
8660
8584
8612
8532
8620
8540
8596
8492
8604
8596
8672
8540
8544
8528
8620
8616
8476
8512
8548
8516
8584
8468
8384
8552
8464
8600
8476
8472
8560
8548
8416
8560
8348
8540
8460
8368
8476
8492
8444
8544
8332
8464
8508
8340
8492
8368
8388
8508
8408
8384
8480
8272
8544
8360
8360
8408
8348
8380
8456
8228
8500
8344
8336
8436
8280
8364
8392
8264
8408
8316
8252
8380
8200
8376
8280
8288
8312
8332
8208
8412
8228
8352
8260
8272
8268
8260
8160
8280
8228
8276
8248
8200
8256
8232
8212
8212
8204
8172
8276
8192
8228
8192
8232
8148
8236
8152
8192
8092
8148
8172
8244
8060
8192
8108
8164
8176
8100
8144
8136
8132
8228
8116
8028
8188
8016
8216
8112
8076
8132
8116
8028
8228
8000
8184
8064
7988
8064
8120
8052
8188
7944
8056
8008
8024
8152
8076
7944
8036
7912
8012
8124
7872
8164
7992
8020
8048
7900
7960
8020
7836
8100
7988
8040
8068
7884
7960
8012
7884
8020
7936
7884
8016
7840
7992
7912
7900
7940
7952
7872
8028
7828
7960
7844
7872
7888
7968
7852
7964
7804
7872
7888
7812
7872
7888
7872
7876
7892
7876
7912
7836
7892
7828
7912
7788
7912
7764
7868
7764
7812
7804
7876
7740
7900
7800
7808
7828
7744
7832
7796
7708
7780
7732
7724
7864
7652
7828
7756
7748
7788
7792
7672
7840
7600
7804
7740
7676
7764
7708
7660
7804
7656
7756
7712
7540
7768
7640
7660
7708
7616
7656
7736
7532
7788
7544
7632
7676
7596
7644
7684
7512
7748
7584
7612
7644
7564
7616
7676
7520
7664
7532
7512
7692
7592
7680
7536
7488
7532
7624
7608
7740
7508
7572
7508
7552
7576
7576
7416
7460
7500
7644
7676
7580
7484
7424
7416
7460
7624
7564
7592
7464
7476
7440
7540
7432
7564
7432
7488
7472
7500
7496
7540
7364
7476
7384
7436
7488
7352
7448
7416
7328
7460
7428
7384
7508
7260
7460
7416
7344
7432
7392
7332
7516
7300
7508
7412
7344
7412
7340
7308
7472
7296
7424
7412
7228
7408
7248
7324
7384
7292
7308
7420
7196
7508
7256
7292
7284
7220
7324
7364
7180
7412
7244
7272
7336
7216
7308
7268
7164
7324
7280
7180
7344
7124
7308
7244
7256
7232
7304
7156
7288
7104
7276
7204
7252
7236
7292
7204
7272
7168
7228
7208
7164
7192
7184
7228
7164
7228
7120
7176
7144
7224
7160
7192
7068
7172
7068
7196
7180
7116
7100
7176
7080
7220
7072
7040
7128
7100
7208
7072
6980
7160
7140
7116
7160
6884
7132
7108
7052
7028
7036
6992
7228
6956
7144
7060
7020
7128
7012
6976
7164
6972
7068
7036
6900
7156
6992
6988
7048
6956
7036
7104
6852
7112
6936
7028
7012
6908
6976
7056
6888
7044
6888
6948
7012
6916
7004
6988
6904
6996
6936
6896
7032
6860
7020
6916
6908
6876
6920
6844
6952
6828
6948
6880
6908
6896
6956
6892
6908
6860
6868
6888
6868
6836
6848
6848
6836
6900
6816
6884
6820
6852
6832
6892
6764
6908
6772
6864
6808
6776
6800
6856
6748
6872
6732
6756
6892
6740
6812
6792
6740
6872
6756
6712
6860
6636
6868
6728
6692
6788
6780
6708
6864
6632
6860
6760
6652
6820
6732
6712
6860
6592
6840
6748
6692
6808
6680
6612
6836
6692
6772
6756
6528
6804
6624
6712
6716
6644
6704
6744
6524
6744
6584
6656
6656
6520
6676
6652
6572
6672
6612
6572
6700
6548
6660
6584
6604
6584
6628
6524
6668
6524
6636
6560
6596
6540
6612
6516
6576
6564
6612
6592
6624
6556
6588
6556
6516
6620
6500
6572
6544
6532
6512
6540
6408
6600
6460
6588
6532
6516
6524
6572
6416
6580
6452
6492
6532
6420
6572
6544
6472
6524
6480
6404
6548
6328
6588
6476
6420
6500
6484
6476
6592
6324
6564
6420
6372
6448
6420
6368
6524
6372
6524
6480
6340
6500
6364
6428
6456
6340
6436
6508
6344
6548
6332
6384
6376
6308
6384
6440
6284
6468
6332
6400
6404
6292
6388
6376
6292
6400
6336
6300
6396
6236
6408
6324
6316
6320
6344
6256
6336
6248
6372
6308
6328
6252
6352
6264
6308
6248
6276
6260
6288
6272
6296
6300
6220
6280
6200
6300
6216
6232
6248
6300
6204
6368
6200
6300
6272
6188
6268
6280
6144
6292
6172
6204
6268
6136
6252
6196
6092
6260
6204
6148
6244
6016
6268
6144
6104
6196
6144
6128
6308
6032
6244
6132
6092
6204
6108
6128
6244
6072
6200
6156
6052
6268
6072
6120
6148
6076
6172
6188
5976
6204
6040
6140
6140
6080
6124
6132
5984
6180
6004
6100
6124
6012
6108
6040
6028
6096
6096
6016
6160
5964
6144
6056
6092
6024
6076
5972
6108
5992
6096
6012
6036
5944
6056
5980
6020
5996
5996
6000
6012
6024
6032
6012
5944
6008
5912
6028
5972
5956
5976
6032
5924
6068
5868
5960
5992
6012
6020
5968
5820
6012
5876
5924
5936
5840
6036
5984
5888
5964
5900
5908
6032
5788
6012
5872
5880
5936
5856
5852
6016
5764
5996
5844
5840
5968
5800
5868
5972
5772
5932
5880
5800
6008
5792
5848
5888
5824
5888
5864
5720
5948
5784
5840
5804
5788
5868
5868
5708
5888
5796
5860
5828
5716
5804
5812
5800
5840
5828
5772
5864
5756
5852
5712
5780
5724
5788
5720
5828
5772
5852
5788
5820
5692
5776
5708
5720
5736
5724
5756
5744
5692
5760
5736
5684
5812
5696
5808
5764
5748
5728
5732
5644
5816
5612
5752
5688
5652
5700
5740
5628
5828
5644
5772
5780
5604
5784
5644
5644
5796
5660
5612
5720
5516
5848
5644
5624
5700
5592
5596
5732
5476
5716
5600
5592
5732
5596
5620
5652
5464
5628
5592
5556
5668
5532
5568
5664
5552
5612
5612
5484
5732
5512
5644
5568
5540
5608
5636
5496
5688
5544
5516
5544
5476
5588
5592
5540
5600
5584
5572
5628
5512
5616
5528
5564
5540
5600
5516
5584
5468
5532
5492
5588
5480
5556
5476
5492
5536
5516
5536
5532
5436
5520
5484
5448
5528
5412
5504
5476
5452
5548
5516
5400
5536
5396
5520
5476
5436
5520
5488
5376
5540
5384
5492
5508
5392
5520
5424
5388
5500
5388
5404
5532
5284
5528
5384
5384
5500
5396
5344
5460
5240
5524
5348
5364
5472
5352
5360
5416
5276
5452
5356
5276
5468
5312
5376
5352
5304
5380
5404
5256
5444
5240
5436
5340
5340
5368
5384
5284
5412
5320
5348
5344
5304
5400
5368
5336
5332
5316
5280
5348
5268
5372
5276
5340
5240
5324
5268
5324
5248
5312
5244
5324
5240
5336
5224
5248
5308
5260
5276
5284
5212
5284
5284
5208
5316
5192
5320
5292
5228
5284
5260
5164
5352
5136
5300
5236
5160
5288
5244
5156
5328
5172
5264
5284
5132
5320
5196
5172
5296
5192
5208
5324
5100
5316
5132
5144
5272
5200
5188
5260
5024
5312
5132
5116
5192
5088
5124
5248
5060
5208
5164
5072
5240
5092
5208
5156
5112
5156
5200
5032
5296
5084
5196
5112
5128
5128
5152
5016
5192
5080
5172
5132
5084
5148
5112
5084
5112
5084
5060
5140
5076
5132
5044
5096
5036
5124
5044
5096
5032
5088
4988
5060
4996
5132
5000
5048
5012
5004
5076
5084
4988
5024
5044
5020
5140
4936
5068
5024
5048
5080
5020
4904
5164
4932
5080
4976
4972
5044
5016
4916
5092
4916
5044
5052
4868
5096
4988
4980
5036
4900
4924
5064
4860
5080
4908
4948
5012
4916
4928
5040
4816
5040
4864
4896
5032
4900
4932
4972
4884
5024
4940
4892
5008
4876
4972
4936
4912
4896
4932
4840
5016
4796
4944
4892
4936
4936
4888
4756
4924
4868
4940
4888
4844
4920
4892
4892
4900
4904
4856
4912
4852
4908
4868
4940
4824
4948
4844
4924
4876
4884
4816
4868
4788
4908
4788
4788
4852
4820
4852
4832
4752
4860
4816
4788
4932
4788
4884
4796
4768
4828
4820
4712
4884
4708
4880
4824
4772
4884
4848
4728
4880
4700
4828
4820
4664
4888
4728
4736
4820
4696
4788
4840
4604
4908
4724
4728
4760
4716
4768
4900
4668
4904
4700
4716
4804
4704
4748
4756
4668
4812
4700
4700
4856
4632
4756
4652
4716
4752
4696
4628
4780
4592
4816
4716
4756
4628
4720
4632
4740
4652
4656
4664
4680
4756
4704
4652
4664
4664
4644
4708
4684
4732
4636
4648
4568
4736
4640
4700
4644
4652
4604
4688
4600
4684
4568
4652
4704
4620
4680
4652
4580
4692
4612
4548
4696
4528
4700
4624
4600
4660
4608
4540
4696
4460
4672
4604
4548
4640
4584
4524
4680
4480
4604
4576
4480
4696
4524
4520
4628
4516
4580
4652
4480
4728
4488
4568
4588
4520
4540
4620
4432
4684
4524
4584
4592
4464
4524
4584
4452
4572
4500
4488
4604
4472
4584
4520
4452
4508
4504
4440
4572
4420
4536
4468
4476
4460
4524
4436
4520
4460
4492
4488
4492
4492
4516
4492
4484
4508
4480
4508
4436
4476
4444
4508
4424
4524
4388
4464
4444
4452
4424
4492
4372
4532
4380
4412
4452
4412
4480
4452
4368
4504
4448
4392
4548
4356
4492
4424
4400
4444
4400
4328
4532
4316
4504
4412
4380
4468
4364
4324
4476
4304
4448
4396
4268
4464
4320
4364
4468
4320
4380
4440
4260
4544
4328
4376
4416
4324
4392
4464
4252
4444
4284
4360
4456
4336
4396
4384
4292
4408
4352
4308
4436
4244
4420
4348
4324
4308
4372
4220
4364
4220
4348
4260
4312
4344
4348
4264
4340
4276
4296
4276
4312
4336
4284
4280
4312
4340
4292
4344
4292
4344
4260
4324
4248
4388
4236
4324
4216
4248
4276
4312
4168
4316
4188
4252
4300
4192
4252
4248
4228
4308
4188
4216
4364
4220
4340
4220
4176
4292
4240
4148
4328
4092
4332
4188
4156
4276
4244
4196
4332
4096
4284
4248
4172
4324
4160
4208
4304
4164
4236
4240
4052
4292
4108
4184
4236
4144
4180
4236
4076
4308
4100
4164
4176
4124
4208
4208
4096
4212
4140
4144
4220
4096
4196
4124
4164
4164
4172
4080
4224
4100
4196
4092
4128
4124
4188
4144
4192
4120
4140
4136
4120
4092
4076
4084
4116
4172
4064
4120
4092
4136
4092
4108
4056
4196
4060
4108
4076
4076
4108
4108
3992
4200
4064
4084
4108
3980
4108
4104
4048
4168
4076
4064
4184
4008
4172
4044
4040
4144
4072
3988
4188
3940
4160
3992
4004
4144
4044
3972
4132
3908
4064
4036
3948
4188
4024
4048
4100
3996
4056
4104
3912
4164
3912
4044
4052
3956
3980
4096
3952
4164
3956
4016
4080
3948
4016
3996
3964
4104
4032
3992
4056
3952
4076
3980
3992
4016
4060
3864
4060
3908
4032
3904
3964
3856
4072
3896
4040
3892
3908
3936
3980
3948
3956
3940
3952
3972
3892
3936
3908
3964
3944
3956
3888
4052
3896
3992
3940
3912
3956
4012
3852
4004
3860
3908
3952
3856
3988
3944
3852
4004
3896
3900
4032
3796
3980
3840
3868
3968
3888
3820
4020
3800
3988
3872
3860
3924
3884
3868
4040
3816
3928
3868
3784
3988
3836
3888
3908
3784
3860
3928
3756
4032
3748
3832
3856
3816
3884
3908
3748
3980
3780
3844
3888
3812
3840
3824
3824
3944
3852
3780
3904
3784
3860
3804
3892
3852
3836
3760
3892
3772
3852
3768
3836
3784
3828
3732
3828
3824
3828
3788
3820
3788
3808
3824
3764
3876
3740
3808
3788
3796
3792
3820
3716
3868
3688
3820
3808
3760
3764
3788
