4915
4917
1229

4048
4048
3948
3996
3984
3924
4044
3964
3888
3980
3900
4000
3940
3980
3980
3976
3912
3992
3916
3988
3940
3964
3924
3988
3944
3928
3976
3952
3960
3960
3900
3924
3896
3832
3968
3896
3972
3900
3876
3872
3908
3788
3980
3788
3912
3920
3964
3900
4012
3828
4016
3816
3888
3844
3884
3920
3924
3816
3940
3840
3800
3944
3704
3924
3848
3844
3948
3856
3808
3992
3764
3996
3848
3824
3940
3836
3864
3984
3776
3872
3852
3740
3948
3756
3848
3928
3844
3828
3844
3696
3920
3708
3836
3880
3864
3864
3868
3736
3916
3804
3808
3840
3792
3844
3816
3768
3828
3840
3788
3888
3744
3828
3764
3844
3796
3816
3732
3812
3764
3832
3732
3840
3776
3844
3760
3776
3788
3756
3752
3796
3748
3784
3764
3688
3844
3708
3796
3772
3744
3752
3780
3648
3876
3696
3804
3784
3760
3756
3756
3624
3836
3668
3720
3804
3668
3772
3700
3612
3780
3696
3680
3852
3612
3832
3676
3676
3764
3676
3628
3828
3592
3820
3712
3672
3780
3684
3644
3760
3596
3800
3708
3568
3768
3612
3692
3724
3668
3652
3700
3580
3804
3568
3644
3676
3656
3660
3716
3600
3756
3608
3688
3684
3600
3648
3664
3644
3720
3668
3600
3668
3592
3688
3624
3696
3616
3668
3592
3704
3636
3644
3556
3656
3604
3716
3640
3672
3676
3612
3640
3684
3620
3620
3616
3584
3748
3572
3660
3596
3568
3612
3636
3500
3688
3512
3628
3580
3548
3596
3612
3496
3700
3520
3564
3644
3480
3612
3584
3544
3668
3552
3504
3648
3492
3700
3564
3528
3604
3512
3488
3660
3404
3632
3520
3520
3628
3536
3520
3608
3432
3588
3548
3476
3652
3496
3540
3564
3516
3560
3536
3416
3628
3420
3540
3532
3528
3428
3556
3416
3628
3432
3532
3524
3508
3512
3524
3468
3544
3512
3524
3540
3460
3532
3432
3508
3452
3552
3480
3572
3500
3564
3480
3544
3440
3520
3476
3504
3512
3480
3480
3544
3468
3472
3416
3396
3580
3408
3468
3444
3476
3512
3508
3324
3544
3396
3532
3424
3356
3456
3456
3352
3524
3380
3484
3532
3364
3480
3444
3420
3552
3384
3364
3540
3324
3552
3400
3412
3532
3436
3372
3508
3284
3500
3388
3356
3464
3380
3380
3468
3324
3472
3416
3320
3480
3316
3388
3388
3324
3368
3404
3288
3500
3304
3396
3368
3348
3380
3412
3284
3424
3288
3344
3388
3356
3396
3352
3328
3380
3380
3344
3444
3328
3404
3352
3400
3312
3400
3300
3360
3300
3316
3272
3376
3276
3392
3324
3336
3380
3292
3336
3384
3316
3364
3324
3284
3424
3288
3348
3328
3316
3320
3304
3216
3420
3216
3360
3352
3292
3348
3356
3240
3428
3212
3372
3364
3256
3336
3264
3228
3388
3272
3224
3388
3108
3348
3204
3212
3304
3236
3252
3336
3124
3356
3192
3216
3324
3200
3244
3316
3192
3340
3316
3232
3336
3212
3332
3276
3184
3212
3268
3184
3372
3172
3276
3248
3260
3228
3268
3188
3292
3196
3248
3284
3228
3268
3216
3220
3224
3240
3172
3236
3200
3276
3208
3268
3184
3268
3168
3272
3168
3216
3168
3276
3176
3316
3184
3204
3252
3180
3204
3224
3160
3260
3212
3168
3316
3068
3228
3176
3180
3220
3216
3100
3300
3056
3268
3224
3164
3228
3180
3080
3284
3084
3196
3224
3088
3232
3104
3092
3244
3108
3140
3228
3040
3280
3108
3128
3252
3120
3104
3228
3020
3228
3068
3128
3216
3112
3120
3184
3072
3208
3116
3068
3168
3044
3164
3136
3072
3140
3140
3072
3232
3076
3140
3092
3164
3172
3176
3052
3200
3124
3168
3160
3140
3088
3036
3028
3124
3128
3032
3072
3048
3124
3124
3164
3024
3096
3008
3148
3112
3132
3048
3124
3036
3176
3068
3076
3096
3036
3080
3116
3044
3148
3048
3004
3168
2988
3120
3068
3024
3104
3076
3016
3188
2944
3092
3048
3004
3088
3076
3020
3196
2952
3132
3124
2992
3124
2988
3028
3156
3008
3040
3152
2956
3164
2940
3024
3052
3012
3024
3140
2944
3168
2948
2980
3108
2972
2980
3080
2960
3076
2956
2960
3072
2932
3040
3008
2992
3012
3028
2976
3140
2920
3052
2968
3016
2972
3036
2932
3076
2964
3028
2972
3028
2980
2992
2960
2976
2968
2936
3008
2940
2936
2908
3012
2948
3116
2956
2988
2964
2992
2948
3048
2900
2976
2896
3004
3068
2924
2920
2972
2936
3020
2900
2856
3052
2928
3040
2932
2872
3000
2972
2836
3032
2780
3044
2968
2896
2948
2916
2880
3036
2816
2976
2980
2880
3024
2880
2892
3000
2888
2940
3008
2788
3012
2860
2916
3024
2852
2916
2972
2820
3016
2840
2916
2948
2828
2916
2964
2844
2948
2840
2840
2944
2812
2908
2884
2872
2868
2856
2812
2976
2820
2912
2868
2924
2856
2912
2828
2956
2844
2888
2852
2932
2900
2896
2856
2844
2872
2828
2896
2880
2884
2844
2912
2816
2936
2804
2872
2848
2852
2816
2880
2748
2916
2764
2812
2868
2796
2840
2832
2720
2840
2792
2824
2980
2784
2932
2828
2784
2868
2844
2776
2984
2724
2928
2844
2796
2872
2820
2788
2940
2708
2856
2852
2716
2932
2764
2748
2856
2688
2700
2912
2696
3008
2660
2788
2808
2772
2812
2812
2664
2916
2704
2804
2812
2760
2772
2828
2700
2876
2756
2756
2808
2680
2808
2768
2764
2744
2748
2716
2872
2716
2816
2708
2788
2752
2812
2688
2780
2716
2816
2800
2792
2712
2764
2748
2744
2740
2684
2756
2764
2724
2704
2772
2696
2792
2628
2712
2720
2748
2704
2756
2640
2816
2652
2716
2752
2684
2772
2776
2676
2832
2724
2732
2824
2620
2808
2700
2684
2772
2692
2680
2808
2572
2784
2676
2680
2776
2716
2712
2840
2628
2780
2736
2644
2808
2676
2708
2760
2608
2676
2752
2612
2824
2604
2692
2724
2656
2684
2732
2572
2776
2584
2700
2716
2628
2660
2720
2628
2756
2668
2672
2748
2624
2712
2668
2700
2632
2636
2648
2748
2552
2660
2628
2752
2644
2728
2596
2696
2604
2668
2612
2652
2668
2700
2664
2660
2680
2636
2672
2632
2656
2664
2692
2560
2716
2564
2692
2676
2636
2648
2668
2568
2780
2592
2664
2676
2572
2644
2636
2584
2696
2532
2584
2708
2528
2700
2584
2548
2648
2620
2596
2776
2472
2672
2568
2608
2680
2576
2556
2712
2500
2668
2640
2572
2676
2532
2604
2696
2532
2580
2588
2476
2700
2504
2632
2640
2588
2612
2636
2484
2692
2484
2588
2612
2540
2572
2600
2536
2616
2552
2564
2584
2508
2600
2564
2592
2572
2596
2544
2680
2580
2664
2544
2628
2516
2604
2536
2616
2572
2588
2520
2576
2492
2528
2544
2552
2580
2492
2580
2608
2572
2572
2592
2496
2572
2456
2616
2560
2500
2532
2604
2484
2644
2384
2472
2564
2524
2584
2496
2436
2636
2500
2516
2596
2444
2652
2512
2460
2560
2508
2492
2604
2372
2580
2476
2432
2516
2452
2476
2616
2388
2540
2512
2476
2616
2448
2520
2592
2464
2524
2520
2388
2612
2416
2516
2504
2456
2500
2556
2436
2604
2436
2548
2556
2492
2536
2520
2436
2524
2416
2468
2528
2396
2480
2444
2468
2460
2428
2396
2532
2432
2508
2412
2504
2400
2516
2412
2500
2436
2436
2436
2520
2416
2484
2448
2488
2516
2412
2484
2492
2460
2480
2504
2408
2556
2384
2484
2456
2424
2468
2476
2372
2560
2352
2464
2468
2352
2444
2396
2352
2488
2340
2424
2556
2320
2520
2404
2432
2504
2420
2412
2544
2320
2524
2372
2404
2440
2316
2344
2508
2316
2484
2388
2336
2436
2296
2464
2444
2408
2436
2468
2332
2524
2232
2516
2412
2432
2384
2452
2312
2520
2344
2420
2432
2380
2396
2388
2304
2436
2380
2432
2408
2380
2428
2384
2396
2360
2380
2312
2412
2320
2404
2340
2440
2332
2404
2316
2392
2364
2372
2336
2420
2344
2420
2348
2316
2368
2400
2424
2400
2348
2380
2440
2348
2428
2248
2404
2380
2328
2372
2396
2316
2476
2248
2348
2404
2304
2424
2396
2312
2468
2308
2328
2384
2208
2428
2308
2296
2364
2296
2332
2468
2204
2436
2296
2304
2352
2276
2304
2432
2220
2396
2296
2280
2404
2228
2332
2364
2268
2340
2332
2240
2436
2244
2396
2380
2308
2336
2364
2256
2412
2252
2372
2332
2308
2312
2304
2252
2308
2228
2296
2312
2268
2288
2280
2324
2324
2332
2260
2312
2272
2296
2288
2404
2264
2344
2196
2320
2268
2300
2268
2324
2232
2360
2328
2260
2284
2168
2288
2284
2252
2276
2268
2156
2356
2176
2344
2244
2184
2220
2248
2208
2416
2152
2276
2312
2204
2360
2312
2208
2348
2160
2264
2324
2128
2320
2172
2220
2304
2176
2224
2332
2108
2368
2172
2256
2308
2180
2204
2312
2108
2304
2176
2192
2300
2152
2260
2268
2156
2244
2228
2164
2332
2132
2256
2216
2208
2208
2288
2152
2296
2128
2260
2188
2188
2204
2244
2172
2256
2180
2220
2248
2188
2240
2196
2268
2204
2260
2184
2288
2204
2252
2176
2260
2108
2268
2160
2212
2188
2204
2200
2296
2148
2288
2172
2184
2228
2204
2268
2212
2148
2212
2232
2176
2316
2088
2232
2232
2220
2200
2172
2108
2324
2088
2188
2164
2108
2268
2176
2108
2272
2104
2196
2248
2044
2288
2156
2188
2232
2120
2184
2312
2068
2292
2140
2236
2296
2124
2156
2240
2076
2248
2116
2168
2272
2164
2244
2196
2080
2128
2120
2088
2260
2064
2192
2180
2132
2104
2164
2088
2268
2088
2208
2168
2172
2172
2188
2132
2172
2092
2160
2180
2140
2188
2156
2220
2136
2176
2096
2180
2128
2152
2100
2184
2056
2200
2096
2164
2160
2120
2140
2136
2088
2188
2080
2088
2160
2084
2204
2152
2084
2136
2132
2092
2252
2012
2208
2132
2084
2148
2160
2060
2240
2032
2188
2140
2056
2204
2108
2072
2192
2044
2092
2136
2000
2212
2064
2092
2124
2020
2092
2220
2028
2236
2028
2104
2140
2080
2092
2156
2000
2156
2032
2060
2140
2020
2096
2156
2048
2140
2132
1996
2232
1952
2152
2020
2040
1996
2172
2092
2180
2008
2104
2076
2108
2072
2112
2072
2140
2068
2092
2084
2076
2108
2048
2068
2024
2128
2032
2108
2084
2128
2100
2152
2000
2128
2020
2092
2092
2052
2084
2128
2024
2132
2036
2052
2076
1940
2104
2116
2032
2088
2008
2016
2156
1988
2156
2052
1976
2116
2060
1996
2136
1920
2124
2092
1956
2060
2000
2020
2152
1932
2044
2120
1976
2196
1940
1972
2012
1932
2044
2192
2004
2180
1908
1988
2116
2036
1996
1940
1764
2068
2104
2176
2192
1960
1948
1916
1952
2096
2120
2028
2044
1832
2008
2020
2052
1992
1976
1916
2068
1956
2064
2012
2016
1972
2012
2008
2028
1992
1976
1992
1992
2020
2044
2060
1988
2040
1948
2020
1952
1956
1928
2036
1932
2120
1944
2012
1984
1984
1976
1984
1876
2036
1964
2012
2092
1904
2012
1996
1940
1984
1940
1908
2092
1844
2052
1928
1892
1964
1980
1928
2084
1816
1996
1988
1956
2088
1976
1924
2024
1860
1988
1988
1816
2076
1872
2008
2048
1920
1924
1988
1788
2064
1900
2004
1988
1884
1940
2032
1880
2028
1876
1900
1944
1856
1956
1944
1912
1952
1984
1920
2012
1836
2008
1880
1948
1884
1988
1892
2048
1912
1980
1928
1968
1932
1932
1916
1924
1924
1932
1956
1944
1920
1916
1992
1928
1980
1876
1972
1948
1932
1876
1972
1812
2020
1864
1932
1908
1904
1980
2000
1860
2012
1900
1948
1968
1792
1916
1960
1916
1924
1852
1892
2040
1772
1972
1848
1840
1948
1900
1836
1992
1784
1976
1892
1836
1940
1884
1868
1960
1812
1936
1956
1800
2020
1828
1920
1908
1804
1892
1952
1780
2000
1808
1912
1940
1860
1908
1956
1816
2004
1860
1900
1940
1840
1924
1916
1832
1868
1852
1804
1924
1796
1932
1884
1920
1876
1884
1832
1944
1828
1928
1908
1960
1964
2100
2116
2236
2344
2488
2736
2916
2984
3040
3072
3008
3124
3000
3108
3056
3064
3064
3156
3028
3204
3028
3124
3116
3036
3100
3112
3016
3188
3056
3116
3184
2996
3140
3064
3044
3096
3032
3032
3160
2924
3116
3048
3024
3084
3012
2976
3144
2920
3148
3048
3028
3148
3040
3036
3128
2912
3064
3064
2936
3116
2944
3032
3052
2948
3000
3052
2932
3156
2904
3064
3044
2972
3044
3068
2960
3104
2944
3012
3044
2968
3048
3004
2972
2988
2996
2956
3072
2948
3052
3012
3072
2992
3084
2944
3012
3032
3076
3072
3008
2956
2936
2944
2984
2952
2976
2984
3008
2924
2932
3000
2944
3068
2908
2996
2968
2960
2952
3012
2904
3084
2860
2996
2972
2948
2996
3000
2876
3040
2880
2968
3000
2844
2980
2912
2908
3000
2880
2892
3016
2768
2972
2880
2896
3000
2932
2860
3008
2784
2972
2872
2820
3012
2880
2900
2944
2840
2988
2944
2824
3016
2868
2980
2924
2828
2916
2968
2816
3016
2788
2948
2912
2840
2892
2952
2856
3000
2836
2924
2920
2840
2880
2840
2892
2956
2928
2864
2900
2852
2980
2908
2892
2828
2924
2876
2944
2856
2892
2892
2904
2824
2892
2844
2884
2888
2864
2884
2868
2832
2872
2868
2808
2896
2800
2884
2868
2840
2864
2876
2772
2956
2776
2940
2892
2828
2896
2900
2760
2928
2784
2872
2860
2720
2908
2836
2764
2868
2784
2836
2960
2720
2884
2728
2776
2856
2772
2780
2892
2652
2856
2768
2780
2888
2724
2784
2844
2736
2896
2812
2684
2884
2724
2872
2868
2744
2804
2816
2692
2924
2728
2852
2764
2724
2792
2844
2756
2844
2756
2788
2864
2760
2860
2768
2796
2752
2824
2764
2872
2716
2836
2756
2816
2716
2800
2708
2788
2716
2820
2772
2796
2676
2772
2720
2772
2764
2716
2780
2784
2712
2740
2780
2712
2868
2680
2752
2684
2736
2804
2800
2624
2836
2688
2828
2732
2624
2724
2756
2708
2788
2640
2740
2768
2580
2724
2640
2676
2812
2700
2676
2780
2628
2828
2640
2672
2772
2712
2732
2800
2588
2828
2684
2660
2764
2652
2712
2756
2604
2752
2708
2640
2824
2588
2700
2708
2652
2696
2736
2592
2808
2592
2740
2724
2684
2680
2716
2620
2740
2616
2668
2696
2624
2676
2648
2624
2636
2664
2636
2716
2624
2708
2628
2684
2592
2700
2604
2708
2620
2652
2660
2660
2572
2700
2616
2660
2652
2600
2648
2636
2596
2644
2656
2572
2744
2588
2700
2652
2612
2636
2680
2548
2748
2508
2640
2660
2568
2684
2680
2596
2732
2544
2636
2676
2512
2684
2580
2600
2684
2568
2560
2656
2452
2732
2572
2580
2636
2560
2584
2708
2492
2708
2560
2528
2628
2556
2620
2640
2508
2652
2644
2500
2700
2484
2624
2580
2572
2640
2636
2488
2628
2440
2636
2576
2528
2556
2576
2552
2644
2536
2612
2588
2528
2568
2580
2604
2572
2576
2568
2632
2520
2564
2532
2568
2528
2552
2556
2564
2500
2544
2536
2532
2580
2564
2564
2504
2560
2500
2556
2552
2500
2588
2624
2504
2624
2400
2568
2508
2520
2516
2544
2428
2620
2412
2572
2520
2460
2556
2544
2436
2644
2436
2528
2556
2416
2596
2496
2476
2568
2464
2512
2584
2372
2600
2444
2516
2516
2428
2492
2620
2432
2616
2452
2496
2580
2484
2532
2560
2444
2552
2512
2436
2580
2400
2556
2528
2468
2476
2448
2332
2564
2412
2560
2472
2444
2496
2556
2460
2512
2444
2540
2524
2420
2440
2452
2484
2436
2456
2396
2496
2492
2504
2460
2516
2408
2520
2416
2480
2428
2472
2460
2504
2392
2528
2464
2456
2476
2380
2492
2460
2372
2452
2468
2420
2536
2356
2520
2468
2424
2468
2460
2344
2552
2320
2484
2448
2372
2500
2436
2348
2516
2340
2432
2508
2304
2544
2416
2476
2504
2332
2412
2540
2296
2524
2384
2412
2496
2396
2408
2460
2272
2468
2348
2360
2488
2348
2396
2420
2328
2480
2400
2288
2424
2296
2488
2444
2340
2364
2408
2340
2508
2368
2428
2380
2372
2452
2468
2428
2428
2356
2392
2420
2364
2424
2340
2356
2316
2416
2380
2424
2308
2376
2324
2432
2296
2440
2288
2396
2332
2380
2348
2404
2304
2380
2360
2344
2416
2316
2360
2316
2360
2408
2376
2292
2444
2272
2452
2348
2284
2352
2424
2336
2488
2188
2364
2348
2300
2372
2324
2320
2484
2280
2376
2408
2268
2444
2296
2304
2392
2312
2356
2364
2184
2472
2300
2384
2364
2300
2344
2416
2224
2436
2276
2312
2372
2276
2320
2384
2268
2352
2276
2272
2380
2228
2340
2292
2324
2344
2376
2248
2372
2204
2348
2288
2316
2288
2332
2268
2364
2284
2324
2300
2296
2300
2288
2324
2300
2308
2248
2308
2276
2324
2276
2324
2204
2344
2236
2316
2260
2244
2252
2324
2204
2344
2236
2268
2320
2236
2332
2272
2200
2312
2324
2208
2344
2140
2348
2248
2236
2300
2288
2160
2360
2164
2360
2300
2184
2292
2212
2212
2372
2148
2288
2308
2184
2392
2200
2292
2304
2188
2276
2332
2128
2384
2192
2304
2324
2248
2252
2308
2120
2372
2228
2296
2316
2200
2300
2280
2188
2284
2268
2176
2336
2140
2284
2212
2228
2232
2232
2160
2304
2128
2268
2192
2216
2204
2284
2212
2228
2188
2220
2228
2196
2236
2232
2276
2216
2268
2168
2216
2168
2220
2180
2276
2152
2276
2152
2248
2228
2132
2264
2188
2132
2220
2168
2140
2300
2148
2252
2184
2064
2188
2184
2152
2292
2096
2300
2156
2124
2192
2192
2136
2296
2060
2292
2192
2132
2204
2172
2188
2328
2124
2268
2212
2068
2280
2132
2176
2232
2116
2180
2240
2044
2320
2144
2232
2224
2132
2176
2248
2024
2260
2108
2148
2172
2076
2164
2172
2056
2200
2144
2072
2180
2052
2232
2132
2136
2148
2168
2048
2200
2072
2204
2104
2152
2128
2132
2112
2152
2140
2172
2120
2148
2164
2140
2128
2088
2236
2148
2188
2116
2120
2112
2168
2036
2192
2080
2212
2188
2080
2108
2164
2064
2204
2064
2144
2172
2068
2180
2120
2068
2204
2156
2096
2188
2004
2188
2104
2084
2180
2152
2084
2224
1984
2188
2092
2028
2188
2100
2092
2204
1992
2148
2140
2028
2208
2028
2096
2168
2032
2076
2100
2032
2240
1984
2084
2076
2076
2140
2188
2004
2176
2072
2124
2128
2024
2096
2080
2048
2124
2052
2020
2104
1992
2100
2068
2060
2044
2092
2060
2168
2028
2084
2028
2052
2060
2092
2028
2060
2064
2100
2112
2084
2056
2048
2068
2016
2128
2072
2076
2040
2052
2052
2124
1976
2136
2004
2092
2080
2088
2056
2060
2016
2172
2000
2064
2108
2000
2140
2064
1980
2092
2088
2028
2100
1892
2172
2084
2056
2068
2036
2028
2196
1936
2088
2012
2020
2140
2008
1976
2092
1924
2088
2056
1964
2184
1996
2052
2064
1984
2052
2068
1884
2136
1952
2056
2020
1984
2044
2072
1932
2080
1952
2004
2020
1964
2052
2040
2012
2064
1996
1956
2092
1980
2068
2012
2028
2020
2036
1932
2028
1920
2040
1976
2016
1964
2028
1952
2000
2020
2036
2012
2004
1992
2008
1984
1948
2076
1980
2024
2028
1956
2000
2024
1932
2096
1912
2032
1968
1944
1980
1980
1908
2068
1924
1988
2032
1912
2100
2004
1940
2076
1980
1976
2104
1880
2080
1932
1932
2016
1940
1896
2044
1828
2080
1956
1916
2064
1960
1956
2060
1900
2056
1976
1864
2052
1896
1996
1988
1904
1984
2012
1884
2076
1832
1972
1972
1916
1948
1980
1836
2012
1892
1940
1948
1892
2000
1952
1892
1988
1964
1948
2008
1880
2000
1928
1924
1924
1960
1900
2012
1896
1988
1920
1976
1908
2008
1948
1964
1896
1940
1972
1948
1908
1920
1932
1860
1976
1896
1952
1924
1908
1940
1968
1820
2040
1868
1996
1912
1916
1948
1956
1848
2028
1912
1912
1976
1796
1952
1984
1920
2072
1860
1944
2012
1864
2012
1816
1844
1952
1896
1860
1948
1788
1976
1884
1880
2016
1876
1872
2000
1808
2012
1896
1780
1972
1828
1952
1928
1816
1888
1916
1808
1988
1788
1900
1880
1864
1900
1900
1776
1940
1852
1916
1892
1888
1892
1908
1856
1908
1856
1872
1956
1880
1956
1896
1920
1864
1928
1836
1908
1804
1868
1796
1880
1824
1888
1836
1868
1844
1880
1876
1876
1852
1916
1884
1836
1940
1812
1896
1812
1836
1888
1872
1764
1984
1756
1900
1844
1860
1964
1908
1768
1952
1776
1908
1924
1772
1932
1836
1804
1908
1788
1832
1940
1708
1936
1796
1836
1920
1816
1788
1964
1732
1980
1796
1760
1900
1812
1824
1900
1752
1936
1840
1748
1916
1728
1848
1812
1728
1856
1836
1732
1924
1748
1856
1840
1880
1924
1852
1716
1912
1836
1852
1848
1812
1836
1844
1796
1816
1776
1820
1872
1836
1952
1848
1820
1776
1868
1804
1872
1804
1844
1776
1868
1816
1900
1772
1768
1792
1800
1792
1772
1732
1808
1808
1780
1872
1768
1832
1796
1784
1784
1768
1716
1920
1724
1884
1824
1800
1828
1788
1680
1888
1756
1872
1788
1676
1892
1768
1752
1844
1728
1808
1892
1676
1892
1732
1784
1828
1740
1704
1860
1640
1896
1684
1724
1816
1704
1740
1808
1652
1844
1744
1684
1844
1704
1804
1820
1736
1840
1820
1712
1868
1680
1852
1772
1772
1780
1796
1692
1812
1708
1780
1748
1688
1780
1780
1788
1796
1816
1752
1768
1748
1796
1720
1736
1712
1808
1728
1804
1752
1780
1732
1796
1716
1808
1676
1736
1764
1752
1784
1796
1712
1784
1748
1752
1836
1688
1796
1736
1724
1784
1756
1636
1868
1652
1796
1712
1684
1784
1744
1640
1836
1636
1740
1716
1628
1812
1708
1708
1800
1672
1772
1796
1636
1840
1648
1712
1796
1740
1748
1804
1604
1852
1692
1732
1832
1728
1744
1788
1612
1812
1684
1636
1788
1628
1748
1740
1688
1756
1732
1620
1796
1600
1740
1700
1720
1752
1736
1660
1780
1628
1708
1660
1700
1704
1704
1696
1708
1724
1668
1724
1680
1740
1656
1724
1656
1784
1648
1724
1684
1744
1700
1728
1660
1796
1668
1688
1724
1688
1700
1700
1668
1756
1716
1648
1776
1640
1788
1688
1680
1712
1712
1612
1812
1596
1752
1660
1636
1760
1684
1604
1768
1576
1764
1648
1656
1788
1668
1692
1764
1548
1728
1720
1596
1780
1596
1664
1740
1692
1648
1768
1572
1788
1604
1616
1764
1664
1724
1692
1572
1772
1696
1636
1724
1556
1668
1656
1600
1664
1668
1572
1756
1572
1728
1648
1648
1680
1660
1584
1692
1588
1692
1628
1660
1700
1640
1604
1604
1648
1624
1636
1572
1656
1616
1668
1616
1720
1588
1676
1596
1648
1656
1688
1564
1720
1612
1668
1680
1640
1656
1644
1592
1708
1648
1604
1764
1588
1708
1636
1616
1692
1672
1560
1776
1584
1752
1652
1600
1684
1648
1612
1772
1516
1652
1644
1580
1732
1516
1532
1652
1604
1664
1680
1468
1728
1552
1628
1668
1580
1608
1684
1448
1716
1536
1612
1652
1564
1652
1696
1560
1692
1596
1564
1720
1564
1644
1616
1548
1664
1620
1524
1680
1540
1664
1568
1572
1564
1648
1528
1688
1580
1700
1580
1572
1640
1648
1656
1652
1640
1588
1616
1592
1616
1568
1624
1564
1696
1556
1656
1588
1604
1564
1660
1556
1708
1520
1572
1624
1644
1648
1620
1548
1624
1612
1632
1712
1508
1628
1576
1592
1676
1636
1472
1680
1524
1708
1564
1532
1652
1576
1508
1624
1428
1616
1576
1484
1680
1568
1600
1648
1488
1540
1636
1496
1728
1480
1564
1644
1604
1596
1604
1408
1660
1500
1572
1668
1588
1612
1608
1512
1672
1552
1508
1616
1512
1632
1592
1572
1628
1580
1460
1640
1500
1652
1536
1576
1600
1612
1520
1576
1484
1548
1540
1572
1612
1552
1544
1508
1568
1544
1560
1496
1488
1448
1604
1532
1652
1524
1604
1548
1548
1536
1588
1452
1624
1508
1564
1596
1516
1580
1576
1508
1640
1528
1516
1640
1488
1640
1556
1524
1616
1564
1472
1664
1412
1592
1492
1464
1584
1532
1476
1628
1448
1580
1580
1460
1656
1452
1480
1608
1500
1584
1608
1452
1652
1472
1556
1596
1512
1536
1620
1468
1652
1496
