11829
11859
2965

560
560
584
684
604
632
704
536
672
664
576
684
548
628
644
552
636
656
536
724
540
668
648
548
640
668
560
748
548
668
668
560
684
664
584
700
604
620
712
536
720
596
616
620
608
584
684
496
692
572
668
620
640
588
680
568
652
608
624
668
644
680
620
616
576
628
588
652
584
620
576
664
616
712
632
656
648
680
600
720
616
624
636
588
684
604
552
616
572
608
652
480
680
588
616
644
596
580
680
476
716
572
556
604
580
616
680
532
672
604
552
692
564
640
648
556
700
644
492
700
508
604
640
532
676
656
572
716
508
636
660
548
660
608
568
696
572
640
680
536
740
624
636
652
644
592
700
552
716
604
620
636
664
616
660
588
668
540
572
636
612
620
604
636
628
644
560
628
612
708
572
604
540
712
644
636
592
668
628
728
596
668
660
576
676
616
612
672
572
612
688
548
712
548
564
596
584
600
704
492
716
600
632
672
572
592
676
500
684
596
552
652
512
692
652
552
636
644
508
748
508
668
644
580
644
648
576
752
484
636
640
588
688
632
588
704
620
648
644
500
696
604
652
676
648
600
660
528
716
620
612
560
600
616
688
588
660
608
644
684
636
632
620
628
604
680
572
608
580
676
604
704
600
704
604
616
588
640
532
660
564
636
684
584
672
600
604
668
600
628
680
512
724
580
636
644
596
612
684
488
732
556
616
700
604
636
688
512
684
604
620
756
572
684
620
540
656
644
540
728
512
676
628
568
636
632
528
692
504
632
612
508
672
632
576
680
564
628
628
532
716
584
592
624
628
592
692
552
692
592
640
668
688
604
656
592
628
612
620
640
664
616
640
620
572
688
552
688
596
660
588
672
608
692
620
588
620
660
576
676
540
644
620
508
664
556
580
648
588
612
684
508
732
564
608
612
580
632
716
500
740
580
628
612
524
652
692
544
716
596
556
684
536
668
612
564
680
624
556
716
528
680
660
596
668
620
568
704
544
676
612
536
660
612
608
676
564
624
636
524
660
556
648
632
660
632
656
540
692
604
636
620
688
616
624
560
636
616
636
636
636
640
624
616
568
644
604
648
652
704
596
720
596
696
612
620
632
636
572
732
576
668
624
540
700
592
592
696
608
692
700
552
744
548
612
600
548
584
692
504
744
564
636
660
540
644
696
528
764
592
592
696
548
676
644
552
676
576
560
692
524
684
596
556
660
636
540
704
524
688
640
580
684
648
612
668
572
664
640
556
700
620
640
584
600
580
640
540
644
568
668
624
628
580
636
648
664
608
568
592
644
656
556
556
528
668
596
580
580
636
612
700
540
676
584
632
640
636
592
712
544
684
640
596
724
588
588
676
624
684
672
500
724
568
640
656
576
640
672
480
728
536
616
644
584
680
636
504
700
604
612
704
508
680
624
592
700
620
544
728
536
724
636
608
676
644
584
736
536
672
612
612
688
568
556
628
636
676
680
556
644
540
656
576
568
584
668
548
668
592
664
572
644
600
676
632
640
620
636
616
668
604
588
648
588
688
572
604
628
652
580
708
536
668
568
576
644
664
584
692
516
664
648
572
696
572
596
684
592
684
672
532
732
532
640
640
580
624
684
492
736
540
644
680
588
668
668
528
724
616
660
716
564
696
644
540
684
640
604
724
504
660
568
556
600
596
548
716
556
684
608
548
644
612
612
672
616
700
664
564
684
576
608
560
592
588
640
568
628
616
680
588
624
576
640
596
624
660
652
612
636
640
640
700
580
632
580
576
636
592
552
680
568
648
624
560
660
576
552
628
540
716
572
540
700
612
608
604
528
648
680
532
744
536
652
644
548
644
672
548
784
564
628
648
596
652
596
484
668
560
620
716
580
764
636
540
608
604
584
748
520
700
616
616
676
632
540
644
500
656
588
580
652
576
592
636
572
628
660
556
696
584
636
584
636
624
664
552
676
608
644
560
688
604
664
596
652
648
644
576
660
636
616
652
556
700
608
624
664
620
544
692
524
724
572
628
672
636
580
684
508
688
620
552
680
564
636
700
596
716
680
516
724
520
684
668
572
652
672
552
784
548
648
656
540
688
652
544
728
572
596
664
512
668
604
572
684
604
604
700
504
708
544
592
628
628
588
724
560
700
612
604
656
600
580
624
612
636
648
600
632
540
640
608
644
556
628
624
676
596
600
552
684
628
616
596
576
640
608
580
668
648
652
676
532
700
608
624
636
660
616
732
528
712
576
604
636
568
548
640
532
724
612
552
720
596
620
644
548
668
628
524
728
528
676
620
524
636
628
508
724
520
660
648
564
668
588
532
712
580
648
668
556
716
592
572
620
616
588
696
508
728
592
604
620
628
588
652
540
692
588
596
664
652
596
596
576
648
580
504
624
600
652
572
612
532
644
572
636
568
648
560
672
556
620
592
556
576
608
592
652
580
604
668
600
748
564
572
636
660
644
744
544
712
544
616
688
648
632
704
520
696
588
552
684
552
604
636
532
680
632
532
768
540
668
600
544
652
676
540
760
500
648
636
552
652
620
548
704
548
628
668
556
708
612
600
664
644
604
680
532
696
584
612
636
624
588
652
536
660
572
564
628
628
640
664
636
636
648
584
688
580
656
568
660
580
668
596
652
584
596
532
648
524
636
572
588
616
632
604
668
592
604
636
524
676
568
576
644
628
680
636
552
724
624
592
636
484
628
672
504
708
588
628
748
556
620
672
584
676
600
504
760
560
700
640
580
668
616
480
712
508
700
640
580
684
640
576
676
556
668
708
560
728
568
636
684
628
572
676
556
764
604
672
620
608
564
632
544
712
596
628
620
600
588
568
548
568
608
560
636
568
652
592
680
588
652
572
616
624
672
544
700
572
668
612
612
660
612
592
680
604
632
664
516
708
588
636
644
604
576
700
492
736
592
608
672
612
640
716
536
712
588
584
720
548
616
652
568
684
632
596
748
504
656
656
592
688
636
520
756
556
676
612
552
676
640
568
728
584
640
636
564
716
576
620
656
624
604
652
536
704
552
636
624
628
556
680
568
684
588
612
540
604
644
660
584
584
652
632
668
616
636
592
728
604
644
560
648
668
692
540
676
560
692
616
588
696
672
604
636
568
616
668
496
696
532
632
684
628
628
712
516
760
580
636
720
604
644
692
512
740
556
556
668
536
656
648
564
708
660
564
752
492
680
620
624
716
668
524
740
516
676
612
560
652
604
588
692
556
636
644
556
732
604
636
636
608
620
688
540
708
568
636
616
668
612
652
576
684
604
616
620
668
652
640
628
588
664
560
612
588
696
588
648
560
708
600
612
616
636
552
696
568
644
572
568
708
636
596
664
532
576
644
564
720
524
540
588
580
636
696
496
716
568
668
660
568
592
680
556
784
608
588
668
544
688
664
576
684
600
532
724
512
668
592
600
652
664
548
744
544
692
608
600
692
608
580
696
628
708
592
420
528
560
732
856
788
576
376
160
528
808
1164
1028
600
128
124
348
888
1020
968
652
428
380
548
704
688
664
588
688
784
788
584
516
356
556
640
832
840
716
484
596
508
684
612
588
692
668
684
784
588
560
480
428
708
612
744
760
552
476
492
388
752
636
736
788
572
588
484
360
696
616
724
764
612
616
556
484
624
636
688
844
572
648
560
560
672
568
560
740
556
684
588
580
688
604
576
680
596
696
636
576
728
620
636
580
564
572
672
560
704
572
668
608
656
596
692
604
700
604
652
604
644
592
652
668
632
652
612
596
632
632
548
692
592
736
612
640
628
648
580
704
548
692
608
564
696
596
584
672
580
664
672
532
740
516
612
636
584
620
636
488
748
540
664
668
572
652
668
536
740
552
648
716
556
684
648
536
700
588
576
684
500
712
600
592
664
636
572
712
508
684
568
600
664
596
576
644
552
660
672
560
700
592
624
612
620
572
640
584
692
580
680
528
644
620
688
588
632
604
660
620
644
568
608
720
620
656
604
696
704
676
548
668
568
712
584
604
620
636
580
704
556
728
636
604
668
592
604
672
560
660
688
584
740
512
628
656
560
596
628
508
764
556
628
660
596
692
652
492
708
516
632
704
544
648
624
552
688
604
584
720
472
656
556
580
664
608
596
764
548
724
596
636
688
616
604
676
588
680
616
556
652
576
624
612
596
592
652
572
700
600
672
612
688
604
676
604
652
572
608
608
680
596
604
636
592
636
604
652
676
660
564
760
540
708
620
660
628
616
592
740
524
688
552
584
680
556
548
644
556
672
668
560
752
556
612
624
628
656
660
484
716
508
648
660
564
628
636
564
736
552
616
696
564
668
600
548
644
552
556
744
572
704
564
572
644
640
604
756
536
692
600
656
696
628
616
668
584
672
628
588
700
628
652
616
640
612
676
588
712
612
680
588
672
572
604
580
652
612
652
608
692
592
592
628
552
656
600
624
640
616
568
660
508
688
564
664
680
640
588
732
540
684
572
576
688
592
588
672
580
716
652
564
788
540
660
660
584
640
648
552
768
508
616
612
668
900
1128
1256
1660
1780
2116
2420
2708
3032
3264
3296
3556
3480
3500
3652
3448
3676
3580
3600
3652
3596
3588
3700
3512
3656
3628
3604
3604
3540
3588
3700
3580
3596
3612
3592
3696
3556
3600
3560
3624
3560
3600
3460
3572
3528
3596
3476
3580
3508
3580
3484
3524
3540
3584
3508
3536
3452
3516
3532
3444
3508
3480
3484
3524
3480
3468
3568
3432
3592
3472
3476
3560
3520
3476
3580
3396
3588
3452
3436
3552
3448
3464
3504
3380
3532
3500
3384
3568
3348
3476
3472
3424
3520
3508
3368
3580
3316
3492
3468
3384
3452
3464
3340
3580
3380
3440
3460
3356
3456
3420
3416
3512
3416
3380
3520
3344
3532
3356
3396
3452
3428
3336
3468
3336
3500
3376
3388
3436
3408
3396
3436
3392
3428
3424
3360
3448
3364
3408
3284
3388
3360
3440
3312
3388
3372
3448
3284
3392
3308
3396
3384
3356
3324
3340
3348
3428
3352
3340
3388
3328
3428
3332
3332
3388
3340
3324
3396
3264
3468
3340
3348
3408
3368
3360
3452
3232
3416
3324
3276
3424
3296
3368
3412
3288
3404
3324
3224
3456
3244
3324
3316
3252
3340
3316
3204
3424
3176
3320
3300
3224
3332
3316
3272
3420
3244
3300
3356
3248
3400
3284
3332
3364
3308
3268
3352
3152
3356
3228
3284
3324
3304
3260
3368
3196
3304
3180
3240
3300
3288
3328
3320
3240
3292
3280
3228
3292
3204
3276
3228
3328
3224
3248
3164
3276
3208
3276
3212
3316
3188
3260
3244
3264
3256
3244
3192
3288
3216
3248
3312
3216
3328
3200
3212
3264
3212
3212
3324
3156
3348
3176
3216
3284
3192
3188
3312
3164
3280
3124
3176
3340
3148
3188
3244
3128
3276
3228
3124
3312
3084
3228
3228
3144
3260
3212
3068
3296
3080
3276
3244
3148
3192
3184
3148
3328
3108
3148
3172
3084
3236
3144
3104
3180
3116
3108
3248
3080
3236
3080
3164
3164
3176
3120
3208
3072
3212
3136
3164
3136
3068
3108
3188
3140
3136
3136
3100
3188
3148
3192
3116
3204
3084
3188
3104
3176
3084
3116
3072
3244
3108
3132
3056
3092
3140
3128
3092
3148
3044
3100
3128
3056
3184
3072
3100
3140
3060
3052
3144
2976
3176
3024
3108
3156
3072
3064
3140
2996
3172
3028
3012
3180
3036
3108
3096
3000
3084
3008
2924
3184
3004
3132
3052
3004
3092
3080
2940
3180
2924
3100
3056
3024
3080
3040
2972
3192
2908
3120
3108
3020
3104
3020
2972
3172
3004
3064
3092
2940
3112
2968
3052
3036
3068
3040
3120
2976
3052
2972
3036
3068
3028
3036
3028
3000
3004
3040
3004
3012
2944
3060
2984
3056
2940
3040
3008
3080
2980
3004
2940
3092
2944
3056
3032
3028
3024
2964
2924
3032
2968
2996
2992
2936
3088
2956
2988
3008
2956
2964
3080
2912
3080
2920
2988
3020
2936
2936
3060
2896
3076
2916
2928
3048
2856
2924
2960
2904
3044
2908
2828
3064
2816
3064
2952
2896
2952
2980
2844
3084
2784
2964
2924
2912
2972
2928
2872
3060
2872
2956
2944
2848
2948
2884
2940
2976
2924
2876
2968
2820
2968
2836
2912
2920
2924
2868
2960
2836
2952
2900
2944
2956
2912
2884
2868
2940
2936
2916
2840
2896
2900
2948
2832
2904
2812
2972
2948
2920
2848
2880
2816
2964
2784
2888
2864
2876
2912
2860
2840
2936
2804
2868
2880
2812
3000
2816
2876
2880
2844
2856
2916
2756
2952
2796
2860
2896
2812
2848
2928
2752
2940
2812
2840
2980
2772
2840
2864
2768
2924
2844
2796
2924
2724
2888
2828
2804
2888
2872
2740
3016
2724
2920
2804
2788
2848
2828
2772
2904
2704
2828
2800
2760
2884
2784
2776
2820
2792
2792
2868
2744
2872
2748
2812
2824
2812
2760
2832
2756
2856
2784
2808
2800
2764
2748
2768
2784
2780
2788
2784
2824
2800
2824
2784
2884
2744
2820
2728
2780
2780
2768
2672
2808
2648
2768
2732
2732
2824
2772
2744
2864
2748
2800
2808
2680
2828
2676
2752
2816
2720
2744
2804
2644
2844
2672
2772
2812
2716
2736
2812
2612
2844
2684
2696
2804
2728
2784
2728
2632
2812
2752
2688
2824
2556
2772
2712
2700
2744
2684
2604
2788
2572
2760
2700
2696
2764
2724
2708
2844
2672
2688
2652
2680
2812
2712
2696
2708
2724
2708
2764
2624
2756
2620
2728
2712
2752
2676
2732
2668
2784
2712
2724
2692
2652
2684
2688
2720
2672
2696
2664
2696
2708
2732
2620
2744
2608
2744
2636
2696
2696
2668
2580
2756
2572
2704
2612
2620
2696
2644
2600
2704
2580
2684
2668
2564
2728
2560
2640
2700
2636
2620
2664
2508
2780
2576
2652
2688
2596
2644
2692
2540
2772
2572
2588
2684
2532
2676
2676
2584
2716
2616
2588
2788
2580
2732
2628
2596
2652
2620
2592
2744
2488
2688
2604
2596
2636
2580
2576
2692
2564
2624
2612
2592
2652
2644
2600
2656
2588
2532
2616
2572
2736
2552
2660
2596
2636
2556
2620
2556
2664
2572
2588
2532
2588
2588
2616
2588
2576
2608
2596
2612
2568
2556
2528
2624
2472
2588
2520
2544
2556
2580
2512
2652
2444
2584
2568
2544
2588
2528
2548
2664
2524
2600
2592
2516
2676
2472
2552
2588
2532
2556
2616
2460
2708
2460
2548
2572
2484
2580
2600
2460
2604
2444
2536
2620
2416
2628
2536
2476
2584
2516
2480
2680
2396
2600
2488
2544
2584
2528
2428
2628
2448
2596
2484
2464
2532
2480
2500
2628
2472
2548
2508
2448
2528
2440
2520
2532
2520
2480
2520
2432
2520
2444
2556
2520
2572
2428
2508
2508
2572
2484
2476
2464
2536
2480
2452
2456
2440
2504
2520
2492
2476
2512
2440
2536
2336
2480
2448
2496
2484
2436
2428
2596
2372
2520
2436
2484
2540
2436
2412
2544
2420
2520
2476
2364
2564
2384
2472
2504
2412
2484
2536
2368
2572
2324
2464
2508
2424
2480
2480
2332
2552
2376
2432
2512
2340
2476
2472
2396
2480
2380
2372
2524
2308
2524
2396
2412
2476
2420
2352
2544
2348
2512
2388
2392
2420
2396
2428
2480
2364
2440
2420
2396
2480
2364
2424
2428
2416
2396
2488
2392
2520
2360
2444
2364
2436
2380
2480
2384
2428
2368
2428
2404
2452
2344
2380
2400
2372
2408
2372
2416
2404
2396
2348
2456
2308
2428
2328
2392
2436
2388
2328
2492
2296
2444
2368
2348
2444
2368
2380
2468
2296
2436
2364
2328
2460
2340
2412
2412
2324
2384
2404
2256
2464
2260
2388
2380
2308
2352
2372
2224
2428
2256
2376
2444
2264
2388
2336
2276
2392
2356
2356
2420
2216
2412
2368
2360
2376
2300
2292
2472
2276
2400
2292
2344
2392
2332
2324
2392
2268
2308
2296
2312
2396
2288
2316
2328
2336
2340
2388
2236
2304
2248
2372
2316
2332
2236
2304
2260
2316
2300
2348
2288
2352
2272
2296
2364
2296
2344
2316
2340
2344
2308
2264
2392
2228
2400
2296
2364
2348
2284
2272
2384
2204
2364
2260
2264
2324
2268
2300
2420
2208
2356
2336
2244
2420
2196
2340
2356
2236
2300
2312
2176
2408
2168
2328
2332
2264
2276
2300
2200
2388
2196
2264
2296
2196
2332
2264
2232
2340
2212
2244
2348
2164
2372
2252
2284
2316
2316
2260
2380
2176
2332
2204
2308
2308
2264
2212
2332
2224
2288
2248
2204
2272
2164
2284
2260
2304
2280
2284
2272
2308
2148
2352
2224
2388
2156
2316
2176
2284
2216
2236
2192
2304
2248
2252
2252
2204
2268
2216
2212
2236
2208
2200
2328
2096
2276
2184
2168
2272
2172
2200
2288
2108
2316
2204
2208
2252
2148
2204
2252
2124
2244
2188
2124
2264
2092
2252
2208
2140
2188
2268
2144
2368
2060
2244
2188
2176
2252
2204
2088
2316
2108
2180
2228
2132
2276
2188
2196
2236
2204
2164
2304
2064
2276
2148
2240
2224
2176
2152
2276
2076
2256
2144
2180
2204
2160
2128
2236
2140
2240
2148
2144
2168
2160
2160
2160
2196
2120
2176
2164
2220
2116
2208
2148
2240
2116
2188
2116
2168
2204
2228
2108
2200
2104
2172
2192
2052
2140
2108
2148
2160
2132
2124
2236
2068
2244
2124
2168
2188
2136
2128
2252
2036
2264
2132
2132
2196
2060
2124
2172
2044
2196
2132
2072
2216
2036
2188
2192
2076
2148
2124
2036
2264
2032
2184
2152
2100
2160
2144
2032
2192
2004
2132
2180
2072
2180
2108
2092
2196
2104
2148
2236
2044
2236
2072
2152
2136
2084
2084
2168
2032
2164
2060
2128
2132
2076
2076
2148
2072
2112
2096
2092
2108
2068
2096
2068
2096
2024
2104
2076
2124
2044
2092
2040
2156
2064
2148
2092
2128
2076
2096
2020
2156
2012
2108
2104
2072
2132
2076
2088
2120
2064
2020
2108
1964
2156
2008
2096
2148
2060
2064
2156
1992
2172
2048
2072
2140
1996
2044
2084
1956
2092
2052
2040
2188
1952
2096
2088
1992
2080
2092
1964
2192
1968
2120
2068
2024
2088
2092
2016
2140
1948
2064
2088
1960
2064
2028
2028
2136
2012
2020
2096
1900
2068
2012
2084
2004
1948
1984
2132
1960
2080
1968
2028
2040
2056
1988
2040
1976
2060
2048
2020
2020
1956
2004
1968
2040
2028
2092
2044
2044
2008
2084
2012
2088
1940
2044
2052
2060
2032
2028
1972
2064
1940
2024
2056
1960
2076
1948
2008
2040
1984
1980
2072
1916
2100
1956
2012
1996
1944
1984
2100
1876
2072
1928
1988
2068
1892
1984
2028
1932
2056
1960
1904
2104
1896
2064
1984
1952
2044
2004
1872
2076
1860
2044
2008
1920
1980
1976
1924
2064
1872
1992
1996
1912
2028
1924
1944
1976
1896
1924
2044
1896
2044
1924
2008
2012
1976
1928
2008
1884
2044
1932
2012
1980
1964
1916
1972
1936
1928
1928
1924
1996
1968
1972
1912
1992
1880
2032
1868
2008
1892
1964
1872
2008
1788
2032
1932
1936
1940
1944
1940
1972
1836
1924
2012
1976
2020
1892
1896
1984
1888
1944
2000
1852
2028
1844
1980
1992
1924
1924
2012
1836
2040
1904
1924
1996
1848
1944
1988
1816
1988
1888
1840
2036
1792
1988
1916
1904
1960
1916
1872
2064
1796
2016
1928
1868
1948
1920
1892
1992
1832
1960
1988
1848
1928
1876
1932
1960
1880
1904
1984
1900
1984
1832
1916
1908
1956
1900
1956
1836
1988
1864
1900
1844
1904
1904
1976
1900
1820
1872
1952
1920
1848
1884
1908
2024
1856
1880
1820
1896
1916
1932
1804
1892
1804
1940
1868
1848
1880
1880
1864
1940
1812
1904
1916
1828
1940
1840
1884
1952
1868
1904
1952
1780
1964
1788
1920
1928
1836
1876
1932
1708
1932
1792
1860
1908
1788
1908
1944
1800
1924
1852
1836
1964
1752
1920
1868
1836
1936
1884
1828
1996
1768
1952
1860
1836
1904
1884
1804
1952
1800
1908
1876
1788
1884
1812
1840
1892
1828
1860
1892
1728
1860
1768
1856
1852
1836
1800
1908
1788
1896
1808
1876
1820
1816
1804
1864
1844
1848
1824
1820
1824
1804
1832
1808
1876
1776
1880
1796
1836
1848
1856
1784
1896
1732
1896
1836
1816
1832
1796
1752
1840
1688
1840
1852
1764
1900
1796
1828
1852
1732
1812
1876
1728
1916
1764
1848
1860
1772
1804
1900
1696
1940
1740
1844
1884
1772
1852
1860
1732
1876
1752
1792
1908
1676
1868
1800
1776
1832
1780
1712
1884
1676
1876
1748
1724
1804
1804
1780
1884
1732
1832
1812
1756
1852
1768
1788
1776
1740
1796
1836
1740
1820
1720
1840
1812
1796
1768
1820
1800
1836
1732
1824
1768
1780
1752
1780
1736
1752
1788
1800
1788
1784
1816
1772
1856
1712
1820
1740
1760
1752
1796
1740
1856
1656
1804
1760
1784
1820
1744
1716
1820
1692
1808
1764
1672
1824
1720
1792
1840
1732
1800
1864
1668
1920
1724
1812
1804
1720
1812
1864
1652
1836
1672
1764
1808
1708
1772
1784
1640
1784
1692
1720
1808
1600
1780
1720
1740
1808
1760
1688
1832
1596
1812
1740
1716
1756
1712
1724
1832
1668
1756
1732
1684
1784
1712
1756
1768
1724
1768
1780
1676
1776
1676
1748
1708
1720
1676
1768
1664
1756
1672
1748
1692
1736
1704
1728
1688
1680
1724
1688
1664
1732
1724
1680
1792
1676
1788
1692
1708
1712
1692
1640
1832
1636
