7312
7323
1830

704
704
644
716
684
688
636
716
648
760
620
732
676
684
692
700
680
740
612
704
672
644
704
620
692
716
672
716
736
660
784
628
788
680
644
740
728
640
776
592
728
684
620
740
700
644
768
648
712
740
600
752
664
692
700
636
680
748
576
796
624
688
728
648
660
740
592
792
660
660
716
636
728
728
648
732
692
636
756
608
760
684
672
668
692
628
736
588
748
652
684
684
708
664
716
636
700
664
696
700
676
736
652
696
692
724
676
712
652
756
632
772
668
680
684
680
704
748
616
724
668
656
748
608
696
660
616
672
676
644
776
596
752
660
668
772
796
644
760
572
768
716
636
724
716
668
784
644
708
728
612
788
664
696
708
612
692
772
612
820
596
632
660
624
688
740
584
772
688
712
744
628
680
668
612
764
716
688
764
644
764
700
692
672
700
636
740
596
764
676
716
676
728
668
732
676
724
692
692
696
696
732
684
716
676
668
688
692
704
720
628
732
684
700
684
692
708
744
668
812
704
668
736
616
720
700
644
740
720
632
780
596
740
668
660
736
732
596
792
548
776
604
604
740
684
552
800
604
788
716
584
740
604
740
708
596
644
756
612
732
536
632
704
648
676
716
616
804
632
664
716
648
716
644
640
740
716
628
692
584
772
684
692
672
704
640
732
604
708
664
712
652
692
656
716
660
720
676
708
716
708
724
620
704
680
740
652
688
668
756
580
756
680
700
680
660
664
752
628
732
668
652
728
604
728
692
644
748
708
620
776
604
748
696
644
708
692
640
796
596
776
716
652
732
652
628
760
636
740
756
636
796
664
684
716
640
688
764
600
784
608
724
660
616
696
776
580
732
624
736
792
676
684
644
656
748
708
668
760
660
736
624
688
652
704
624
716
648
776
700
732
664
708
744
748
684
676
668
708
704
672
720
636
752
668
720
704
724
688
740
592
768
632
672
672
676
720
752
608
776
684
688
744
608
752
708
644
744
708
632
772
632
768
696
660
756
704
648
796
628
784
700
620
732
696
696
768
624
724
704
600
784
640
696
708
636
708
740
596
784
620
692
676
656
696
700
596
744
644
708
724
676
772
748
684
756
708
676
724
628
764
624
704
692
756
680
756
628
792
692
772
692
728
704
692
696
700
696
692
652
668
732
644
732
652
700
668
652
632
724
584
776
664
716
696
676
664
708
620
764
672
664
724
612
724
692
656
716
668
628
764
568
796
696
692
720
692
640
744
600
800
740
656
692
632
664
760
636
720
660
596
804
644
656
648
616
704
720
660
840
636
724
724
728
748
724
604
768
668
752
688
636
696
696
680
700
660
636
728
668
780
676
732
668
704
636
700
648
732
628
696
640
708
664
656
644
704
696
744
688
700
660
624
744
692
708
720
664
708
732
636
796
644
700
700
664
680
724
620
796
680
700
760
624
760
684
636
728
740
700
812
612
768
620
672
736
672
612
756
600
776
640
644
648
748
716
780
568
748
676
724
772
636
732
736
708
680
676
584
840
636
668
640
664
752
724
648
752
680
724
700
640
744
712
688
732
732
688
716
592
688
628
724
652
720
656
732
676
760
632
692
620
696
704
712
684
708
616
708
660
684
704
656
744
668
720
720
684
708
768
652
832
652
748
708
676
748
748
592
748
604
632
700
596
768
656
628
708
660
664
784
552
740
620
664
756
700
604
716
568
792
688
672
756
676
692
768
652
772
728
656
784
660
736
692
652
684
720
608
808
636
768
692
716
716
712
644
740
628
684
668
652
708
684
668
636
660
720
716
596
712
632
740
656
716
660
704
660
736
616
716
676
740
688
684
740
756
708
696
652
736
760
656
744
620
732
732
688
724
760
596
748
632
760
764
700
748
708
616
784
624
672
704
600
768
664
608
724
628
644
752
572
788
632
664
732
668
640
740
548
736
664
656
740
644
656
740
656
776
704
676
816
680
764
720
668
744
732
624
784
580
696
632
680
676
664
608
736
644
720
676
640
708
676
700
672
640
628
688
628
736
652
732
620
704
640
692
652
700
636
744
668
752
676
680
744
708
704
700
672
696
720
644
796
648
704
688
668
676
724
608
800
632
720
724
636
688
696
616
788
636
708
716
588
740
676
664
728
644
620
724
560
788
628
672
728
696
700
784
612
792
644
688
752
628
664
732
620
696
660
640
784
616
716
680
672
720
712
620
748
620
764
696
708
744
732
636
712
636
728
680
668
712
704
724
708
688
660
664
628
704
628
732
648
748
656
716
656
688
644
748
668
748
664
672
728
692
696
696
616
724
708
644
764
632
708
676
668
732
732
612
792
620
728
676
652
744
732
604
756
632
712
752
656
736
636
664
772
632
656
748
588
812
612
636
720
696
680
716
552
792
680
668
712
648
724
748
548
748
624
700
748
588
700
732
768
724
732
576
764
620
728
640
664
732
664
612
736
684
736
620
652
752
744
728
640
668
712
748
704
688
600
696
628
728
648
648
652
696
636
724
644
744
648
644
724
680
664
680
648
704
732
644
796
604
744
712
672
684
712
604
796
636
752
684
636
736
684
612
768
612
684
712
604
768
692
656
732
668
720
780
580
756
600
668
684
668
640
724
564
776
624
660
728
664
692
712
624
744
684
636
772
620
740
644
648
720
740
632
748
596
704
624
664
688
708
676
684
648
720
684
664
704
672
748
676
708
644
660
664
716
620
680
588
716
668
712
664
644
700
756
624
736
620
688
780
680
696
692
652
696
668
584
760
612
708
640
656
724
732
564
764
592
752
676
576
724
700
608
752
632
712
736
604
772
632
676
764
644
668
744
612
852
616
676
704
672
680
728
584
784
648
668
728
664
716
716
636
740
700
648
756
648
768
660
676
684
696
656
780
632
744
636
688
684
700
664
736
644
684
652
680
688
640
708
692
756
676
688
628
688
660
756
644
780
688
716
684
740
660
684
568
748
660
660
692
644
704
712
620
700
684
600
732
580
700
660
652
716
728
640
812
604
748
696
636
720
672
620
748
580
712
708
620
796
660
668
736
668
708
772
600
796
608
676
676
648
636
700
612
764
612
612
664
620
732
680
660
756
656
580
756
644
692
596
636
720
716
676
732
596
756
668
684
596
668
664
724
648
716
664
672
668
696
708
648
680
704
740
736
708
648
640
612
768
692
684
700
684
664
740
648
768
596
648
728
676
744
728
652
732
680
616
776
612
716
696
700
760
704
616
796
616
764
716
704
712
652
636
784
624
728
684
624
804
636
620
724
684
720
692
572
824
652
700
668
692
708
740
576
756
644
712
708
600
684
680
620
708
668
600
780
688
768
664
668
588
776
620
820
616
744
628
716
692
660
672
708
660
684
636
704
652
700
736
680
744
656
688
684
716
640
720
600
752
620
660
656
660
676
720
632
780
636
676
756
628
736
688
640
744
696
612
804
628
764
688
668
716
732
640
800
584
760
692
656
760
652
640
764
624
720
716
620
788
632
692
748
668
680
740
600
780
620
708
680
660
692
708
612
788
644
700
708
696
744
700
636
732
696
672
756
620
720
648
704
692
720
632
724
624
728
608
696
660
700
676
700
680
728
676
728
680
640
660
608
724
636
652
664
652
664
756
644
824
648
716
728
664
676
720
632
772
628
644
704
604
704
700
628
696
652
628
760
584
756
688
696
724
620
588
796
596
744
652
636
764
644
648
744
648
728
676
596
800
664
716
712
660
724
744
580
784
616
716
696
652
692
712
600
756
616
676
720
636
656
664
680
752
704
664
716
644
732
648
704
680
688
668
748
668
748
616
696
672
704
684
708
696
688
636
728
684
684
696
636
724
632
672
700
708
696
748
628
824
652
712
708
676
684
712
624
752
608
668
716
652
684
620
600
732
668
624
752
604
744
652
696
748
676
608
800
576
772
644
620
724
648
640
756
612
732
692
636
764
596
656
712
644
720
732
616
788
600
696
652
620
664
692
612
756
628
716
728
652
668
676
684
736
660
608
720
656
764
672
760
724
760
640
644
620
752
636
692
652
740
724
732
748
652
568
668
708
676
700
604
760
624
692
704
684
660
680
596
804
656
704
700
668
696
704
604
716
572
664
756
664
732
676
628
720
672
680
796
608
764
636
604
700
704
632
748
536
760
680
680
740
616
628
788
616
700
672
632
796
620
660
700
684
720
692
608
792
616
716
668
664
716
740
644
764
632
724
720
676
708
700
700
732
668
640
736
640
756
588
772
668
768
660
700
572
740
628
720
664
716
700
676
700
696
696
772
688
660
660
648
772
616
668
692
712
700
724
592
776
604
704
708
704
732
736
612
780
624
664
728
644
768
696
672
744
636
624
732
612
732
624
664
744
692
612
756
632
796
676
644
760
676
700
768
640
752
676
660
780
608
684
708
688
740
712
620
760
588
700
680
668
680
684
624
760
660
724
688
700
708
664
672
732
680
700
696
640
716
624
732
680
740
624
664
652
748
660
724
660
740
660
664
684
644
612
676
672
716
700
624
776
760
960
1108
1212
1440
1660
1776
2196
2240
2444
2460
2424
2520
2524
2456
2616
2468
2524
2560
2444
2572
2500
2468
2588
2500
2520
2608
2460
2648
2516
2512
2584
2496
2496
2624
2364
2560
2480
2448
2504
2440
2524
2560
2396
2512
2468
2432
2576
2412
2516
2504
2456
2492
2468
2380
2500
2364
2488
2440
2416
2448
2492
2396
2484
2424
2544
2480
2424
2500
2468
2504
2472
2448
2480
2488
2436
2508
2448
2472
2392
2472
2440
2480
2404
2480
2424
2508
2360
2452
2404
2440
2488
2480
2472
2464
2368
2456
2488
2408
2500
2384
2444
2444
2412
2436
2472
2336
2520
2320
2444
2436
2368
2432
2448
2388
2544
2348
2444
2424
2332
2492
2420
2392
2468
2404
2408
2496
2292
2484
2348
2372
2420
2396
2380
2496
2288
2504
2404
2396
2408
2340
2368
2436
2344
2500
2428
2388
2456
2316
2404
2376
2368
2416
2400
2312
2448
2296
2420
2340
2344
2360
2388
2324
2416
2300
2376
2328
2340
2352
2340
2328
2364
2392
2412
2408
2320
2360
2328
2380
2272
2368
2332
2392
2348
2328
2392
2416
2292
2380
2372
2368
2412
2336
2368
2392
2316
2368
2348
2292
2460
2312
2396
2380
2340
2364
2356
2264
2452
2308
2396
2336
2248
2352
2384
2296
2384
2196
2356
2364
2280
2424
2296
2184
2328
2296
2364
2372
2216
2412
2280
2280
2308
2236
2300
2420
2196
2396
2308
2340
2388
2252
2296
2364
2268
2384
2296
2260
2372
2232
2344
2260
2268
2372
2364
2248
2372
2216
2384
2288
2312
2304
2328
2248
2320
2220
2320
2280
2292
2268
2276
2292
2268
2268
2260
2292
2252
2304
2240
2300
2220
2316
2248
2332
2264
2340
2204
2236
2240
2324
2360
2244
2324
2212
2276
2288
2192
2324
2300
2268
2364
2180
2288
2224
2220
2216
2260
2200
2396
2156
2268
2248
2204
2256
2248
2140
2336
2216
2344
2316
2224
2324
2224
2264
2312
2204
2216
2268
2136
2352
2236
2284
2312
2224
2248
2288
2132
2332
2220
2264
2304
2180
2236
2252
2140
2280
2224
2200
2288
2204
2308
2212
2192
2228
2212
2172
2272
2160
2296
2180
2224
2180
2216
2180
2248
2160
2244
2188
2228
2232
2216
2232
2224
2248
2216
2180
2188
2204
2160
2240
2128
2256
2144
2188
2180
2220
2140
2240
2116
2252
2188
2204
2224
2188
2220
2232
2124
2228
2164
2096
2228
2084
2200
2196
2148
2212
2224
2108
2276
2088
2288
2200
2148
2204
2156
2108
2252
2068
2212
2144
2064
2268
2180
2172
2208
2108
2176
2244
2084
2248
2068
2160
2160
2124
2152
2236
2040
2252
2104
2148
2172
2088
2176
2196
2124
2240
2156
2140
2180
2072
2244
2136
2092
2124
2144
2132
2204
2048
2176
2084
2116
2100
2124
2116
2164
2072
2176
2088
2172
2180
2148
2188
2124
2172
2112
2140
2148
2176
2148
2220
2092
2208
2124
2160
2116
2076
2068
2156
2040
2152
2044
2080
2116
2076
2156
2140
2056
2144
2084
2040
2136
2008
2120
2044
2036
2152
2172
2080
2164
1980
2196
2160
2104
2148
2104
2040
2172
2044
2208
2140
2032
2164
2052
2060
2124
2040
2088
2100
1972
2188
2012
2080
2100
2060
2096
2156
2012
2176
2028
2112
2112
2012
2072
2100
2028
2116
2048
2076
2100
1988
2100
2008
2012
2036
2100
2040
2108
1988
2112
2032
2104
2056
2116
2084
2100
2032
2104
2076
2092
2072
2068
2072
2032
2096
2056
2060
2064
2044
2068
2164
2060
2148
2048
2092
2124
2080
2072
2108
2020
2108
2052
2076
2084
1972
2048
2052
2020
2048
2000
1900
2072
1972
2136
1996
1948
2068
2112
2044
2168
1904
2124
2008
2032
2148
2056
1964
2132
1964
2100
2036
1976
2100
1968
1996
2044
1928
2060
2112
1932
2084
1992
2116
2076
1972
1980
2048
1920
2072
1908
1992
2012
1984
1996
2004
1896
2016
1976
1976
2044
1984
2108
2032
2024
2040
2068
2008
2080
1944
2088
1944
2024
1976
2052
2020
2068
2020
2060
1984
2044
2008
2008
2012
1980
2056
1980
2004
2008
2008
2008
2056
1916
2076
1968
1968
1972
1920
2036
2032
1928
2036
1900
1872
2076
1980
2052
1988
1912
2040
1976
1912
1984
1896
2080
1948
1948
2012
2028
1908
2084
1888
2084
1948
1928
2004
1952
1964
2064
1896
2024
1968
1908
2044
1896
1952
2012
1912
1984
1968
1848
2036
1896
1988
1968
1928
1916
1928
1828
2000
1868
1948
1960
1916
1900
1928
1912
1996
1964
1960
2000
1892
2020
1924
1932
1904
1936
1900
2004
1884
1972
1900
1936
1904
1952
1924
1916
1876
1936
1912
1984
1936
1984
1948
1912
1944
1912
1916
1924
1920
1948
1988
1844
1980
1868
1940
1948
1920
1916
1960
1828
2020
1880
1916
1912
1852
1920
1908
1828
1984
1896
1868
1976
1820
1960
1876
1876
1976
1924
1860
2008
1796
2028
1872
1856
1980
1920
1880
2008
1804
1940
1864
1840
1980
1848
1908
1936
1840
1948
1948
1832
1996
1812
1920
1900
1868
1908
1936
1820
1964
1788
1864
1880
1880
1936
1892
1848
1944
1844
1852
1888
1804
1896
1804
1864
1888
1872
1828
1928
1836
1940
1836
1924
1820
1936
1876
1892
1836
1872
1856
1896
1820
1828
1852
1856
1956
1872
1872
1896
1852
1852
1884
1772
1952
1788
1860
1868
1884
1880
1892
1752
1928
1812
1864
1880
1788
1896
1884
1796
1896
1796
1796
1932
1784
1912
1808
1832
1876
1820
1812
1972
1768
1932
1788
1800
1940
1844
1788
1880
1752
1940
1852
1780
1888
1752
1844
1884
1820
1848
1812
1760
1948
1764
1840
1824
1828
1828
1868
1768
1904
1788
1836
1852
1832
1880
1836
1852
1888
1820
1808
1852
1792
1840
1784
1860
1828
1852
1812
1848
1752
1848
1752
1860
1768
1832
1796
1844
1824
1820
1808
1856
1768
1788
1820
1752
1852
1712
1808
1820
1812
1788
1860
1760
1924
1748
1836
1844
1792
1824
1836
1756
1892
1740
1816
1840
1740
1788
1788
1756
1940
1788
1744
1860
1692
1868
1768
1740
1800
1728
1748
1952
1716
1824
1716
1756
1848
1732
1728
1800
1684
1892
1844
1756
1852
1712
1820
1812
1732
1764
1792
1716
1856
1688
1844
1804
1768
1760
1812
1756
1884
1704
1772
1780
1756
1796
1776
1740
1812
1760
1788
1844
1760
1828
1728
1788
1768
1796
1752
1796
1712
1788
1728
1836
1748
1804
1784
1776
1764
1728
1684
1780
1732
1788
1832
1744
1784
1708
1756
1776
1704
1720
1748
1656
1844
1696
1800
1764
1704
1740
1800
1740
1796
1724
1728
1848
1692
1800
1672
1764
1816
1744
1736
1788
1648
1832
1756
1720
1788
1732
1688
1824
1572
1788
1724
1740
1752
1700
1736
1800
1612
1780
1724
1660
1756
1648
1772
1748
1676
1732
1764
1724
1860
1616
1740
1700
1724
1704
1776
1676
1808
1636
1776
1724
1724
1740
1692
1700
1756
1716
1768
1776
1712
1756
1676
1772
1708
1716
1672
1724
1680
1708
1644
1748
1668
1768
1724
1724
1712
1712
1688
1760
1672
1700
1680
1644
1780
1656
1696
1728
1648
1704
1752
1616
1800
1624
1736
1752
1684
1680
1712
1636
1804
1604
1676
1736
1632
1720
1696
1644
1744
1656
1660
1784
1576
1748
1656
1668
1732
1648
1648
1792
1556
1768
1640
1672
1752
1676
1688
1756
1588
1720
1644
1636
1744
1596
1708
1696
1648
1692
1688
1656
1784
1596
1704
1664
1648
1652
1660
1640
1736
1612
1700
1640
1620
1628
1640
1648
1660
1648
1676
1696
1624
1680
1632
1712
1648
1644
1640
1688
1612
1712
1636
1724
1656
1660
1608
1632
1640
1632
1648
1724
1616
1656
1660
1640
1708
1580
1688
1696
1604
1648
1704
1616
1768
1516
1668
1668
1656
1672
1660
1588
1752
1592
1676
1680
1588
1684
1612
1568
1664
1580
1600
1668
1528
1744
1640
1676
1708
1620
1632
1772
1532
1716
1588
1620
1668
1608
1608
1692
1540
1668
1604
1640
1760
1584
1660
1612
1556
1640
1640
1612
1708
1532
1676
1632
1600
1596
1604
1596
1672
1580
1660
1592
1604
1592
1612
1620
1616
1588
1632
1656
1580
1628
1604
1704
1592
1668
1596
1644
1576
1608
1564
1640
1544
1644
1604
1632
1660
1568
1604
1612
1564
1640
1652
1572
1732
1540
1660
1612
1576
1620
1596
1516
1692
1504
1692
1608
1568
1604
1624
1540
1700
1532
1640
1640
1548
1668
1632
1580
1612
1484
1584
1660
1464
1696
1552
1596
1612
1536
1548
1644
1504
1672
1512
1548
1640
1536
1552
1608
1508
1660
1620
1600
1608
1472
1636
1644
1556
1572
1548
1552
1700
1536
1652
1536
1560
1556
1624
1560
1632
1492
1588
1556
1612
1624
1612
1580
1576
1580
1596
1624
1564
1568
1532
1644
1536
1612
1556
1584
1528
1564
1548
1624
1484
1572
1492
1516
1592
1572
1612
1620
1504
1548
1564
1516
1624
1472
1588
1564
1540
1580
1612
1500
1660
1460
1620
1560
1548
1584
1580
1508
1660
1476
1596
1560
1484
1632
1548
1584
1580
1476
1556
1628
1536
1660
1532
1544
1584
1516
1520
1660
1484
1708
1532
1564
1588
1524
1552
1564
1500
1612
1552
1584
1660
1476
1564
1560
1552
1528
1524
1492
1592
1452
1560
1512
1548
1540
1540
1496
1548
1452
1536
1464
1540
1528
1544
1532
1508
1532
1544
1528
1520
1496
1504
1604
1452
1528
1440
1524
1524
1552
1524
1628
1500
1584
1516
1516
1516
1484
1516
1552
1468
1568
1496
1484
1628
1472
1552
1492
1444
1524
1560
1452
1612
1388
1544
1500
1472
1548
1524
1460
1632
1448
1584
1556
1432
1540
1480
1488
1564
1444
1520
1576
1396
1568
1444
1516
1548
1500
1512
1584
1432
1588
1432
1492
1524
1432
1508
1544
1440
1592
1492
1492
1512
1360
1496
1484
1484
1532
1552
1508
1572
1400
1524
1404
1516
1480
1544
1496
1532
1404
1492
1492
1512
1484
1480
1512
1452
1488
1468
1520
1476
1504
1456
1568
1436
1536
1452
1552
1524
1516
1464
1544
1420
1556
1460
1476
1500
1436
1484
1536
1420
1516
1476
1440
1556
1392
1524
1484
1432
1472
1504
1408
1564
1340
1540
1512
1436
1464
1464
1432
1564
1360
1516
1512
1436
1528
1452
1484
1532
1412
1480
1552
1412
1580
1412
1476
1492
1472
1436
1512
1356
1544
1428
1484
1480
1408
1480
1508
1428
1528
1448
1496
1532
1372
1524
1484
1476
1500
1476
1432
1508
1380
1496
1400
1468
1436
1492
1456
1492
1412
1476
1448
1468
1416
1452
1496
1460
1472
1440
1484
1456
1456
1420
1500
1360
1496
1388
1512
1464
1476
1412
1516
1364
1520
1400
1428
1472
1412
1536
1516
1396
1460
1420
1396
1540
1344
1456
1408
1392
1468
1460
1380
1536
1292
1480
1396
1408
1444
1460
1404
1476
1280
1468
1452
1368
1468
1380
1472
1508
1340
1400
1480
1392
1532
1356
1464
1416
1372
1464
1508
1332
1468
1372
1464
1452
1380
1452
1440
1324
1468
1432
1432
1484
1360
1476
1448
1464
1404
1420
1420
1500
1388
1488
1360
1420
1368
1460
1464
1464
1344
1432
1380
1436
1376
1408
1428
1364
1432
1428
1420
1412
1376
1364
1488
1360
1496
1344
1404
1384
1380
1404
1468
1368
1484
1380
1448
1452
1372
1392
1424
1332
1432
1356
1364
1480
1316
1484
1448
1372
1448
1400
1332
1492
1300
1480
1356
1360
1468
1384
1376
1504
1284
1444
1396
1340
1440
1340
1352
1460
1372
1400
1448
1280
1392
1404
1424
1476
1308
1360
1444
1304
1464
1284
1404
1404
1364
1412
1384
1364
1416
1404
1372
1404
1340
1428
1344
1356
1404
1404
1360
1396
1304
1448
1336
1436
1372
1432
1384
1392
1360
1416
1400
1436
1356
1396
1428
1344
1384
1356
1384
1408
1364
1372
1444
1348
1476
1340
1384
1380
1348
1340
1460
1336
1476
1332
1392
1420
1324
1404
1424
1316
1424
1380
1352
1424
1236
1420
1348
1340
1436
1352
1304
1444
1248
1444
1384
1348
1400
1336
1360
1472
1304
1436
1360
1272
1412
1292
1356
1396
1328
1424
1452
1304
1456
1280
1384
1372
1328
1408
1460
1288
1444
1292
1372
1356
1300
1360
1384
1320
1428
1348
1348
1360
1276
1380
