33810
33891
8473

596
596
736
576
616
724
604
744
624
596
664
684
652
756
576
704
636
692
692
716
624
748
612
708
684
712
680
628
640
700
684
660
680
672
704
668
672
608
708
600
676
620
688
688
716
588
732
560
664
648
584
692
680
632
708
568
616
720
536
732
632
640
716
644
656
788
568
780
612
608
704
636
624
752
568
760
656
588
780
612
712
748
560
660
648
568
796
560
684
704
568
628
684
508
756
560
720
692
568
668
656
616
700
648
596
692
604
748
712
628
668
596
612
736
544
692
624
744
692
724
644
724
620
668
664
676
688
660
632
640
620
604
668
640
668
604
664
576
680
536
680
644
636
604
640
608
728
572
676
700
620
740
716
620
732
576
652
724
568
720
620
668
732
628
636
760
552
760
608
632
688
640
616
768
548
732
620
576
740
580
652
728
584
704
712
560
800
528
668
680
624
692
732
572
788
560
692
688
596
656
660
608
744
628
672
708
608
748
684
708
688
668
608
736
604
708
624
676
644
672
620
720
604
668
652
668
652
656
644
628
660
608
708
628
660
600
700
604
764
556
688
644
644
648
704
604
764
572
688
676
608
736
680
648
772
628
640
716
524
756
588
632
708
624
640
772
556
760
652
604
684
568
636
724
552
688
632
600
772
548
672
692
588
652
708
596
804
528
684
712
612
660
648
568
764
552
704
716
636
696
696
600
728
644
704
716
572
708
604
680
708
672
596
708
620
716
608
652
616
676
656
756
604
648
640
716
656
684
640
636
652
592
696
628
628
616
664
600
736
580
692
612
620
676
712
620
740
572
692
668
564
652
648
640
736
588
676
728
556
760
592
672
732
604
640
780
536
764
580
648
712
592
636
708
532
744
652
628
720
548
664
700
548
652
696
604
748
548
704
696
636
684
660
576
776
568
700
652
604
700
664
628
708
564
640
724
672
780
616
636
640
684
664
708
512
624
564
720
628
664
604
704
644
700
664
692
596
628
616
680
732
608
648
616
660
660
724
596
764
580
704
640
676
652
672
580
800
596
696
656
572
732
680
616
720
552
668
676
500
700
588
652
688
604
628
760
528
764
604
684
760
564
604
704
552
772
620
624
744
564
676
696
552
684
652
588
792
564
704
644
628
688
720
612
792
580
720
708
628
648
612
608
744
600
668
728
588
736
640
608
688
644
648
660
608
680
592
684
560
696
648
696
564
612
624
644
604
652
596
644
708
636
728
676
668
652
688
628
756
568
756
668
644
636
652
588
756
540
684
680
568
680
636
628
744
592
692
676
548
716
568
620
692
580
676
736
520
772
564
620
700
568
664
732
544
740
616
640
728
548
684
660
568
684
644
588
768
532
700
640
600
628
640
568
736
540
700
676
636
672
648
612
680
576
688
704
652
716
620
668
648
640
580
704
632
692
616
724
628
716
612
720
636
624
636
700
612
640
584
656
672
576
700
668
632
652
648
620
744
552
724
652
644
668
652
612
744
540
712
656
584
728
624
648
708
572
632
688
520
728
552
604
676
584
664
724
572
788
600
660
692
528
656
716
560
724
620
628
748
588
708
676
580
696
692
620
748
508
664
648
628
676
692
648
800
596
732
644
612
684
600
628
724
572
596
628
620
720
608
628
604
704
700
744
600
668
636
724
604
684
596
716
656
656
636
692
616
672
620
644
704
596
696
632
636
680
644
620
732
568
748
620
612
668
668
600
748
524
692
692
596
748
644
636
728
552
712
728
556
800
588
668
692
600
660
708
488
772
576
708
684
568
648
724
580
764
620
676
760
584
680
668
604
704
704
628
788
484
700
672
632
624
624
596
772
556
716
636
636
664
680
648
692
632
704
696
644
688
628
660
584
684
636
680
596
628
600
720
600
728
592
700
632
680
636
676
580
676
596
664
704
544
668
620
604
736
676
624
744
528
776
684
648
676
608
588
744
556
748
672
604
748
624
644
732
552
668
684
532
772
568
616
692
572
704
720
508
788
604
704
672
548
648
708
548
700
552
656
756
600
728
704
600
688
632
592
756
572
740
652
632
676
660
548
672
508
696
644
632
672
660
636
692
648
700
688
688
640
652
680
652
668
604
588
712
696
688
684
592
712
588
720
624
652
704
696
572
668
596
680
716
576
744
660
624
672
624
636
760
548
748
616
636
700
644
572
728
532
768
668
604
752
636
644
732
568
700
680
556
788
556
656
700
564
668
696
540
764
556
700
676
580
628
692
540
756
580
688
740
584
704
640
624
732
668
644
756
568
740
648
672
656
644
632
764
600
732
632
636
640
668
640
684
612
680
716
668
664
604
636
600
684
604
652
604
632
632
680
592
744
596
688
636
604
644
652
584
692
592
688
712
580
728
652
628
684
620
624
716
524
768
636
620
680
636
644
756
532
716
624
580
700
648
652
736
552
752
664
568
756
552
684
708
580
680
700
564
748
528
672
652
616
684
652
580
772
588
692
704
596
688
640
596
680
624
636
720
580
728
644
684
696
636
604
760
588
676
628
676
688
664
604
648
620
692
652
576
628
648
720
624
652
604
744
664
684
600
684
608
752
568
700
652
616
644
664
600
748
620
692
712
568
748
620
652
728
668
668
744
516
748
608
632
700
620
612
720
504
768
624
628
716
588
652
692
536
732
664
592
808
564
728
712
580
680
696
548
764
532
740
684
596
676
676
564
728
572
684
668
624
720
668
640
672
624
604
704
564
720
592
624
668
644
600
724
596
688
600
672
664
708
652
668
612
660
676
648
636
620
692
620
680
596
700
632
644
672
724
604
720
540
716
724
680
708
676
620
764
628
748
672
512
732
664
660
716
608
628
704
508
764
592
620
676
632
644
764
516
720
576
616
740
632
680
732
552
736
668
580
756
532
676
704
640
744
676
564
756
508
676
640
652
756
684
588
760
604
712
688
600
728
680
632
668
656
660
692
544
704
628
676
628
664
648
772
616
676
584
640
612
648
660
700
652
644
644
632
636
672
676
636
652
660
696
652
572
596
632
628
796
536
732
632
632
684
644
588
740
592
716
676
532
744
572
624
692
636
664
740
532
776
580
640
680
632
672
776
496
744
584
588
696
540
612
672
504
676
620
584
780
560
740
704
632
704
692
580
764
564
724
608
596
652
640
560
716
548
684
660
600
704
628
644
684
668
676
736
576
700
652
708
660
656
572
688
604
708
668
676
620
684
636
644
624
616
656
648
660
692
692
612
716
588
720
632
628
648
688
644
768
560
680
612
568
660
652
604
732
584
724
712
564
732
612
632
704
580
604
700
532
792
624
668
680
636
660
748
560
792
628
616
708
596
684
708
532
724
676
628
772
584
748
708
616
700
656
584
748
520
724
644
620
680
672
608
744
584
680
684
624
716
676
652
664
580
628
732
572
696
604
700
668
696
576
640
568
716
616
620
552
704
632
680
624
652
704
644
612
656
696
652
716
536
700
652
684
652
668
592
776
572
732
656
612
728
684
616
732
560
708
680
548
768
600
644
692
608
680
728
524
752
580
652
668
588
632
740
532
768
600
632
708
568
648
692
580
744
660
632
776
556
744
700
632
680
620
540
760
548
740
632
616
680
640
624
720
568
708
676
604
668
628
668
668
648
624
660
572
716
620
656
596
676
612
716
612
700
656
680
616
724
644
636
612
640
720
652
664
676
648
620
732
568
680
620
592
684
724
620
748
504
732
668
644
712
620
564
728
564
716
644
524
724
604
660
712
584
684
748
572
772
580
636
680
608
688
700
516
736
588
644
748
596
668
704
576
748
672
608
700
504
748
664
624
680
676
580
748
524
772
692
632
684
684
644
752
564
640
692
660
656
556
604
664
684
616
636
552
704
648
704
640
732
632
704
548
652
648
684
576
676
652
740
688
576
616
636
644
684
640
624
748
572
752
636
604
680
644
624
700
476
744
624
652
676
680
636
764
548
712
692
584
792
572
636
696
544
716
704
492
744
504
668
676
580
648
688
524
764
564
668
692
588
684
676
544
724
580
624
736
556
712
620
596
660
624
584
756
516
716
584
600
644
636
596
732
568
728
660
636
672
648
672
632
632
644
688
616
668
628
660
604
708
584
696
604
684
644
684
624
704
584
660
688
632
704
636
596
668
656
652
712
548
732
628
656
704
668
608
756
564
752
592
564
676
620
640
740
548
664
644
600
812
636
652
720
596
704
684
560
760
544
656
688
604
676
676
544
792
592
664
692
584
672
680
576
728
596
604
700
544
728
628
584
672
676
620
732
520
720
600
648
700
692
636
684
484
688
660
648
620
596
648
664
668
604
628
568
720
652
684
580
684
616
696
592
664
652
704
620
732
640
672
652
580
684
636
648
704
676
652
732
572
716
596
664
732
708
616
748
508
760
632
604
700
612
604
728
556
768
668
568
732
564
668
680
576
748
712
568
816
568
692
636
588
636
692
540
764
548
676
668
600
696
672
580
764
636
660
732
584
764
628
612
672
632
584
724
552
748
580
628
696
680
636
688
552
676
676
976
1624
2304
3092
3796
4652
5628
6996
8132
8628
8780
8908
8892
9040
8972
9136
9064
9116
9148
9180
9124
9244
9148
9276
9196
9164
9296
9220
9124
9172
9120
9180
9204
9068
9196
9072
9096
9124
9040
8984
9148
8924
9160
8988
8972
9052
8896
8920
9060
8860
9032
8904
8824
9016
8828
8964
8924
8772
8924
8948
8856
9052
8760
8900
8908
8812
8932
8896
8764
8952
8724
8892
8884
8752
8880
8836
8764
8884
8776
8808
8876
8712
8896
8788
8784
8796
8760
8740
8888
8712
8876
8716
8756
8736
8776
8736
8772
8692
8776
8740
8728
8764
8736
8724
8676
8720
8668
8732
8692
8676
8620
8696
8660
8740
8584
8716
8644
8684
8644
8644
8572
8708
8588
8688
8640
8608
8708
8592
8568
8632
8588
8624
8668
8456
8684
8596
8584
8572
8532
8516
8732
8408
8660
8496
8464
8476
8552
8524
8656
8384
8648
8496
8444
8620
8360
8528
8536
8460
8568
8464
8364
8584
8400
8544
8452
8380
8492
8492
8360
8596
8332
8536
8444
8352
8452
8432
8348
8472
8416
8412
8468
8316
8448
8316
8316
8376
8360
8308
8444
8260
8436
8324
8372
8328
8328
8276
8372
8280
8404
8332
8336
8296
8284
8304
8284
8316
8268
8348
8276
8300
8292
8296
8200
8284
8176
8384
8300
8308
8324
8300
8216
8344
8188
8280
8228
8188
8300
8196
8180
8252
8168
8212
8268
8116
8300
8140
8180
8216
8180
8156
8228
7992
8268
8056
8128
8216
8132
8084
8260
8020
8272
8076
8128
8204
8092
8156
8132
7984
8164
8116
8024
8236
8032
8192
8092
8064
8128
8060
7936
8148
7932
8084
8048
7988
8076
8048
8020
8156
8008
7996
8088
7940
8120
7984
8028
8028
8012
7956
8044
7840
8060
7972
8020
7964
7984
7976
8044
7932
7992
7936
8008
7988
7928
7892
7900
8024
7940
7940
7836
7900
7924
7944
7856
7956
7808
7972
7840
7876
7944
7920
7848
7964
7812
7948
7916
7832
7932
7816
7812
7924
7784
7836
7868
7724
7952
7760
7808
7852
7784
7804
7852
7624
7880
7684
7740
7876
7740
7808
7832
7644
7884
7740
7756
7876
7644
7800
7816
7716
7848
7720
7676
7884
7648
7796
7708
7668
7772
7720
7620
7808
7588
7724
7688
7660
7744
7676
7624
7728
7600
7676
7656
7552
7720
7608
7636
7640
7676
7620
7704
7544
7708
7580
7636
7604
7652
7588
7628
7560
7604
7592
7596
7580
7592
7584
7568
7592
7520
7636
7588
7560
7580
7556
7492
7636
7456
7596
7448
7504
7572
7572
7496
7576
7388
7556
7476
7432
7580
7468
7496
7532
7448
7536
7532
7300
7548
7404
7488
7520
7468
7480
7544
7344
7588
7364
7392
7444
7380
7492
7508
7340
7532
7380
7372
7544
7360
7452
7420
7300
7460
7444
7348
7488
7228
7424
7348
7384
7428
7360
7260
7428
7268
7424
7344
7272
7372
7316
7320
7396
7308
7316
7360
7244
7388
7304
7344
7308
7328
7236
7336
7228
7384
7244
7300
7252
7320
7240
7288
7224
7276
7240
7264
7260
7308
7296
7260
7276
7188
7248
7176
7208
7232
7220
7172
7312
7148
7280
7148
7136
7204
7180
7172
7284
7080
7244
7188
7096
7236
7096
7144
7220
7088
7140
7180
7048
7288
7064
7112
7172
7100
7128
7164
6940
7292
6988
7164
7168
7120
7120
7200
6908
7264
7040
7092
7132
6928
7116
7076
7004
7064
6984
6988
7216
6972
7120
7000
7004
7100
7024
6948
7140
6932
7080
7004
6996
7052
6996
6968
7020
6980
7008
7000
6924
7052
7012
7052
7008
6996
6928
7004
6936
7012
6916
6960
6916
6988
6936
6992
6904
6944
6912
6952
6936
6940
6892
6872
6956
6848
6964
6900
6892
6900
6884
6820
6960
6764
6908
6816
6860
6948
6864
6812
6960
6776
6924
6844
6772
6924
6824
6836
6900
6776
6868
6860
6708
6932
6748
6844
6884
6796
6780
6864
6640
6940
6672
6808
6788
6760
6784
6812
6640
6912
6692
6744
6836
6708
6844
6768
6712
6804
6716
6684
6852
6628
6820
6684
6700
6776
6732
6632
6772
6636
6776
6676
6652
6712
6648
6668
6756
6680
6688
6664
6552
6656
6652
6692
6632
6652
6620
6732
6620
6684
6564
6628
6624
6700
6564
6648
6644
6664
6628
6604
6584
6692
6652
6592
6628
6564
6680
6556
6532
6588
6576
6568
6712
6464
6656
6508
6520
6596
6544
6524
6636
6448
6620
6540
6524
6644
6460
6484
6580
6464
6592
6544
6384
6628
6404
6548
6528
6432
6476
6536
6388
6620
6408
6516
6568
6456
6540
6524
6332
6564
6416
6452
6568
6396
6552
6476
6448
6516
6468
6396
6556
6304
6544
6384
6408
6452
6416
6376
6460
6324
6484
6396
6388
6428
6408
6384
6404
6372
6396
6432
6356
6452
6348
6384
6312
6396
6336
6428
6300
6396
6312
6392
6316
6404
6300
6388
6352
6380
6352
6384
6300
6368
6300
6300
6364
6268
6380
6284
6296
6332
6308
6224
6388
6188
6392
6252
6280
6332
6232
6188
6320
6148
6348
6236
6156
6304
6184
6240
6300
6152
6252
6240
6116
6336
6096
6220
6268
6172
6208
6256
6128
6392
6116
6236
6204
6128
6212
6212
6096
6284
6092
6152
6252
6112
6228
6144
6088
6212
6164
6140
6236
6040
6244
6184
6192
6212
6120
6068
6220
6100
6216
6104
6060
6132
6128
6148
6160
6152
6124
6140
6056
6172
6084
6112
6068
6132
6028
6140
5996
6064
6036
6104
6020
6128
6008
6076
6036
6068
6088
6056
6012
6116
6028
6016
6092
5964
6092
5996
6020
6088
6036
5988
6144
5920
6136
5964
5972
6072
5956
5932
6092
5884
6072
5956
5908
6068
5904
6000
6032
5900
6020
6044
5888
6112
5820
5988
5980
5892
5944
5988
5824
6084
5808
5908
5948
5876
5932
5964
5836
6120
5840
5840
5932
5872
6052
5852
5800
5916
5904
5884
5964
5736
5940
5888
5904
5868
5836
5780
5948
5840
5940
5828
5828
5864
5816
5832
5876
5876
5872
5856
5816
5924
5848
5824
5784
5876
5772
5860
5760
5832
5784
5848
5764
5876
5764
5844
5808
5800
5828
5776
5752
5844
5744
5772
5832
5680
5832
5720
5752
5776
5768
5716
5888
5648
5848
5692
5696
5788
5708
5696
5844
5632
5816
5724
5664
5792
5644
5712
5760
5620
5716
5732
5588
5828
5600
5736
5708
5672
5700
5736
5556
5820
5596
5692
5692
5640
5700
5700
5584
5768
5596
5652
5724
5580
5744
5656
5636
5704
5632
5572
5728
5540
5724
5576
5620
5608
5588
5604
5676
5588
5660
5580
5572
5628
5620
5592
5600
5628
5628
5648
5576
5612
5544
5640
5596
5640
5508
5628
5576
5620
5560
5540
5464
5636
5468
5536
5532
5528
5592
5508
5456
5584
5508
5516
5560
5404
5588
5480
5504
5576
5472
5480
5660
5388
5604
5448
5476
5552
5432
5452
5616
5392
5628
5440
5396
5568
5372
5480
5488
5404
5512
5480
5372
5600
5336
5440
5440
5388
5460
5452
5332
5588
5356
5464
5456
5364
5472
5424
5364
5528
5420
5404
5512
5360
5520
5380
5356
5448
5388
5332
5480
5312
5476
5344
5376
5384
5368
5328
5396
5304
5404
5324
5348
5372
5328
5356
5344
5380
5324
5416
5320
5376
5328
5308
5236
5380
5244
5368
5264
5360
5308
5364
5276
5400
5224
5328
5304
5316
5348
5300
5288
5356
5268
5300
5344
5184
5336
5208
5268
5312
5260
5208
5360
5132
5360
5208
5228
5336
5220
5228
5364
5160
5356
5212
5184
5352
5160
5240
5268
5132
5264
5264
5184
5368
5076
5212
5204
5176
5244
5220
5092
5340
5160
5240
5220
5136
5252
5220
5144
5292
5156
5204
5276
5092
5208
5124
5184
5228
5172
5156
5256
5052
5220
5124
5160
5156
5144
5072
5180
5112
5188
5100
5084
5120
5152
5160
5116
5160
5080
5140
5068
5124
5080
5120
5068
5164
5016
5160
5116
5112
5064
5068
5060
5196
5032
5120
5092
5040
5124
5092
5068
5124
5012
5036
5164
5004
5168
4964
4964
5060
5004
5032
5160
4944
5128
4988
5024
5100
4964
5016
5132
4972
5144
5024
4972
5116
4900
5016
5024
4900
5028
5000
4908
5172
4924
5100
5016
4940
5016
5024
4928
5120
4900
5040
5024
4920
4964
4948
4868
4964
4844
4904
5032
4908
4968
4836
4972
4972
5012
4812
4976
4828
5024
4892
4832
4876
4928
4916
4956
4860
4940
4848
4872
4880
4896
4916
4932
4940
4884
4968
4940
4956
4948
4916
4860
4980
4824
4924
4860
4924
4904
4932
4836
4988
4816
4928
4876
4840
4900
4852
4804
4920
4820
4796
4892
4704
4908
4780
4812
4828
4792
4768
4884
4656
4896
4716
4744
4868
4724
4804
4904
4732
4940
4824
4776
4900
4728
4820
4844
4724
4868
4812
4704
4944
4672
4844
4776
4784
4820
4824
4664
4900
4648
4844
4800
4724
4816
4772
4748
4860
4696
4720
4768
4664
4820
4696
4720
4716
4728
4700
4804
4660
4772
4620
4684
4752
4780
4648
4716
4668
4736
4692
4672
4656
4708
4716
4740
4720
4624
4708
4712
4732
4712
4712
4644
4824
4652
4740
4652
4728
4708
4720
4628
4796
4620
4700
4660
4604
4712
4652
4584
4676
4552
4652
4724
4520
4692
4492
4612
4648
4592
4580
4700
4496
4768
4516
4568
4684
4536
4572
4672
4516
4716
4596
4548
4728
4524
4668
4676
4588
4712
4644
4560
4764
4476
4660
4600
4552
4608
4596
4496
4700
4500
4604
4556
4516
4600
4552
4512
4604
4516
4544
4576
4456
4572
4488
4552
4560
4508
4476
4600
4448
4580
4448
4536
4484
4544
4456
4564
4508
4544
4492
4516
4508
4508
4516
4524
4576
4468
4544
4484
4492
4492
4500
4436
4572
4408
4544
4480
4472
4476
4476
4428
4604
4420
4496
4464
4388
4496
4440
4456
4552
4404
4460
4476
4336
4544
4372
4432
4512
4416
4448
4492
4264
4512
4336
4416
4516
4384
4408
4464
4324
4508
4360
4360
4516
4312
4444
4472
4388
4484
4412
4328
4536
4288
4496
4432
4412
4456
4400
4320
4516
4308
4436
4360
4332
4412
4388
4308
4360
4292
4348
4408
4308
4384
4292
4368
4368
4352
4280
4364
4292
4404
4244
4340
4320
4344
4260
4392
4360
4356
4300
4280
4300
4380
4360
4332
4336
4236
4372
4320
4296
4288
4280
4236
4432
4228
4352
4244
4224
4296
4280
4224
4376
4212
4340
4300
4220
4372
4232
4240
4352
4224
4264
4324
4152
4364
4204
4236
4316
4224
4224
4328
4132
4416
4200
4216
4288
4156
4204
4308
4132
4312
4152
4172
4312
4124
4292
4236
4148
4280
4224
4152
4372
4124
4288
4212
4176
4212
4180
4104
4308
4128
4256
4216
4176
4252
4212
4160
4224
4136
4192
4268
4092
4300
4112
4208
4188
4160
4024
4308
4080
4184
4052
4172
4120
4164
4060
4140
4132
4184
4148
4156
4140
4184
4152
4124
4132
4092
4208
4152
4152
4124
4124
4064
4172
3996
4172
4132
4120
4120
4052
4084
4264
4072
4188
4148
4104
4196
4072
4044
4148
4044
4092
4096
3976
4212
3984
4052
4068
4012
4048
4132
3940
4236
4016
4068
4140
4044
4108
4160
3956
4148
4012
4036
4168
3944
4080
4068
4016
4108
4044
3976
4192
3964
4120
4048
4044
4072
4020
3984
4084
3940
4032
4008
3972
4048
3996
3964
4048
3976
4000
4020
3952
4040
3928
3988
3988
4036
3944
4052
3992
4108
3996
4020
3952
4032
4032
4036
3956
3948
3976
4012
3932
3956
3880
3928
4024
3880
3984
3948
4012
4016
3956
3908
4076
3852
4036
3916
3892
3964
3924
3900
4032
3820
3988
3924
3908
4032
3916
3952
3996
3852
3956
3996
3832
4016
3812
3880
3964
3856
3924
3976
3768
4028
3788
3876
3936
3840
3884
3896
3788
3996
3832
3872
3988
3776
3956
3912
3856
3952
3844
3836
4024
3792
3968
3872
3868
3912
3900
3820
3964
3808
3924
3880
3872
3904
3848
3836
3912
3816
3852
3880
3808
3896
3836
3896
3836
3864
3764
3884
3808
3884
3792
3836
3748
3840
3748
3840
3800
3804
3788
3836
3776
3844
3772
3768
3836
3728
3832
3780
3760
3820
3816
3788
3896
3708
3872
3760
3804
3848
3752
3720
3856
3656
3836
3756
3720
3796
3712
3772
3828
3672
3780
3744
3652
3856
3700
3780
3816
3716
3784
3844
3632
3892
3656
3748
3804
3692
3740
