16744
16780
4195

1080
1080
988
1080
1048
1052
1028
1096
988
1116
972
1064
1040
1032
1064
1052
1000
1116
988
1072
1144
952
1144
972
1048
1068
1000
956
1152
960
1156
980
996
1072
1012
1000
1088
952
1196
980
984
1036
980
1048
1060
1012
1132
1048
1004
1128
952
1084
1040
1020
1060
1044
1012
1156
940
1084
1020
1024
1076
1044
1016
1116
988
1064
1028
964
1048
988
1024
1080
1020
1028
1052
984
1092
1020
1104
1052
1060
1028
1060
1004
1088
984
1064
1012
1068
1012
1024
1028
1004
1012
1028
1000
1024
1052
1020
1124
960
1056
1032
1048
1024
1036
956
1164
980
1052
1012
1016
1056
1044
1000
1120
952
1036
1064
944
1072
1008
1012
1080
980
988
1120
916
1164
944
1032
1064
996
992
1068
924
1132
960
1004
1092
944
1004
1056
1000
1096
988
948
1080
944
1092
1048
968
976
980
984
1116
960
1020
988
960
1100
1060
1036
1088
928
984
1060
1032
1052
920
996
1040
1028
956
1008
960
1072
976
1032
964
1052
1024
1064
996
1036
964
1036
940
1028
976
1024
1008
984
1036
1020
972
1004
992
960
1072
1000
1048
992
988
968
984
988
1148
900
1028
980
988
1020
964
904
1076
952
1044
1004
932
1092
984
1000
1064
964
968
1048
916
1100
912
980
1028
952
980
1060
952
1112
944
1024
1104
956
1024
1008
956
1048
972
996
1072
904
1044
992
980
1024
988
952
1076
920
1056
1004
1004
1024
984
944
1072
936
1028
1008
992
1016
932
988
1036
1012
1016
1036
1004
1056
956
1044
972
1020
944
988
960
1008
940
1024
948
1020
940
968
1028
980
964
980
956
1008
988
932
1036
908
1044
1012
988
1000
984
948
1096
944
1068
1000
980
1036
996
960
1100
916
996
976
888
1028
912
996
1096
968
984
1028
868
1104
908
984
1008
948
1000
1052
920
1084
904
980
1036
936
1024
1004
932
1060
948
948
1036
892
1028
944
944
1004
1012
984
1084
900
1028
948
992
984
944
932
1052
936
1004
988
984
1028
968
992
1004
980
952
1000
972
1028
908
1036
960
1080
968
1020
980
1016
940
1024
904
1004
924
972
1012
932
980
984
948
1020
960
908
1032
884
1052
976
1016
1008
968
888
1040
872
1040
952
940
988
924
868
1024
896
1028
1004
920
1064
944
976
1024
944
956
1024
824
1008
924
996
1060
884
988
984
892
1088
860
976
1040
948
1004
980
956
1024
924
928
1040
912
1072
960
1000
1012
988
932
1020
884
1036
960
1020
992
968
960
1016
896
976
956
952
988
936
944
968
944
952
1020
980
968
892
980
920
996
908
940
948
984
920
976
864
980
924
960
1004
968
972
960
908
968
936
896
1028
844
1024
948
980
972
924
876
1008
856
1036
948
940
968
916
916
1048
844
964
972
928
1016
876
924
1004
872
952
996
884
1020
792
928
984
948
984
988
820
1036
856
924
900
844
972
960
892
1024
908
960
952
856
1004
928
932
924
908
952
1052
896
964
888
960
972
948
940
972
900
980
960
972
932
892
900
908
952
956
972
940
956
884
1020
900
936
876
996
964
992
896
900
844
1060
956
932
920
924
1016
1012
908
960
900
976
1012
800
976
932
948
940
900
924
1080
828
1000
860
932
1004
924
904
1032
876
1012
976
892
1024
888
948
964
880
976
964
812
996
840
988
948
884
936
944
904
1052
856
952
952
892
980
892
892
1016
900
968
996
872
916
848
888
956
952
928
988
864
984
860
940
884
908
904
1020
932
988
900
924
928
920
952
884
908
932
948
932
936
856
916
860
980
860
944
920
924
892
980
900
1036
880
944
980
916
960
900
892
988
900
896
1004
860
988
884
932
928
884
876
1020
852
1032
896
924
976
892
900
996
832
988
920
908
984
856
944
944
856
964
972
856
1024
820
972
940
888
940
936
880
1036
844
980
940
892
976
956
896
988
884
924
928
824
928
844
904
892
912
884
972
844
996
896
1000
956
960
904
980
860
900
852
908
876
868
928
920
964
904
924
960
956
892
952
872
1008
872
908
860
852
860
928
884
1012
872
944
968
896
944
892
880
992
876
920
972
820
992
868
928
972
896
892
1012
856
1008
872
936
928
836
884
972
824
1004
876
856
976
816
936
940
840
948
872
900
1012
800
940
916
792
972
876
852
948
748
940
924
868
884
896
932
988
880
932
980
864
976
856
972
940
960
952
992
864
980
888
960
888
916
864
924
856
908
844
908
844
868
892
876
884
872
924
888
872
840
952
844
960
836
928
912
904
880
904
832
964
792
908
896
836
956
896
892
984
884
912
968
816
984
876
912
920
852
868
1000
812
1024
876
916
976
864
928
936
800
936
872
876
960
792
908
912
844
948
876
832
1000
788
956
904
936
944
864
824
968
860
912
892
820
944
888
900
908
836
876
932
868
968
852
920
848
844
892
940
820
892
848
972
924
928
868
916
868
900
852
892
828
868
868
884
932
904
924
884
888
852
888
868
980
816
904
888
900
900
888
808
932
784
968
880
788
920
916
932
976
768
872
944
804
940
784
900
952
844
896
960
816
1020
820
888
924
856
896
900
756
948
852
876
904
740
924
924
836
932
888
852
968
780
936
872
832
852
872
864
1024
804
924
856
832
900
840
840
864
784
904
892
812
896
824
888
876
900
876
924
828
956
832
948
840
872
836
908
840
844
844
932
908
952
892
860
916
860
900
880
872
896
932
864
1000
836
940
904
888
924
912
804
948
800
888
892
796
888
832
852
968
852
932
940
800
956
820
900
908
844
848
920
724
900
784
876
884
796
832
924
776
936
812
836
940
768
856
872
808
872
860
804
960
756
948
848
848
840
836
808
948
796
948
848
836
892
852
880
928
840
924
940
876
908
828
912
868
888
848
904
868
952
816
908
808
892
828
892
852
860
848
892
836
900
860
832
896
832
876
888
884
888
880
804
952
808
924
860
848
872
860
796
956
792
940
904
856
940
840
792
892
776
844
896
788
956
764
836
868
800
884
936
764
992
812
924
952
860
876
928
776
932
768
828
892
760
904
836
800
856
828
796
940
772
952
860
800
932
876
816
948
780
964
832
884
880
852
852
872
804
928
860
832
864
776
888
844
848
856
924
828
864
780
892
812
876
828
880
844
836
820
884
796
840
844
844
876
816
896
852
836
840
868
796
928
736
904
792
812
828
848
800
940
748
904
880
804
908
820
816
880
796
880
896
764
924
764
880
864
788
876
932
776
940
776
904
908
828
880
892
780
932
844
892
948
764
880
836
812
888
856
820
908
768
908
828
812
876
876
868
916
804
908
828
824
904
896
868
872
808
836
844
828
860
788
868
792
848
812
884
828
864
784
936
852
912
788
816
824
872
844
868
788
836
812
876
900
748
828
848
848
872
832
768
884
764
916
844
828
860
848
840
948
756
892
892
840
888
784
820
880
756
864
908
796
924
720
884
884
824
840
888
760
972
744
888
884
792
860
880
828
936
768
796
860
780
928
840
800
864
828
852
908
740
908
808
864
844
832
836
928
780
912
840
860
892
832
832
860
816
852
868
820
892
808
852
800
880
776
852
804
836
796
912
808
880
808
884
844
796
804
844
796
884
844
836
844
748
868
844
852
828
844
796
944
744
932
856
844
848
812
800
896
716
876
852
820
908
804
840
876
728
828
836
764
940
724
840
836
776
828
852
716
884
704
832
816
756
840
856
780
908
804
820
844
740
860
824
804
844
812
796
860
708
888
796
824
848
876
840
880
752
868
796
828
820
804
840
852
832
832
832
844
840
804
864
772
868
824
860
808
836
796
880
756
860
756
816
804
792
820
852
764
844
780
844
884
780
888
812
792
840
840
772
876
676
876
776
784
864
812
788
920
724
912
836
776
876
764
828
860
736
852
824
728
948
764
884
836
780
860
872
720
900
708
852
848
796
864
856
740
860
764
816
836
728
872
780
780
808
772
796
920
764
908
816
876
800
852
832
904
824
876
728
872
808
856
792
824
764
824
848
796
844
852
884
796
840
764
840
792
796
780
872
764
856
732
844
824
816
872
864
808
892
808
816
836
720
840
772
764
832
812
800
912
744
916
812
820
896
868
812
904
676
868
800
808
864
776
860
892
744
852
860
756
940
724
856
808
760
832
840
728
912
708
828
784
756
848
832
772
896
772
824
848
788
876
796
820
840
812
812
844
760
884
820
820
768
792
780
812
716
788
764
764
800
820
860
784
748
788
836
784
780
772
864
788
892
780
840
768
800
788
844
744
796
680
840
864
812
856
828
756
852
776
780
820
708
860
784
800
848
808
788
868
696
972
836
816
792
772
804
912
700
864
772
776
892
760
800
840
732
836
820
744
924
720
828
780
772
860
856
744
888
712
876
836
748
792
820
804
840
696
804
852
760
848
764
788
804
796
772
868
732
884
748
808
776
832
844
868
740
828
796
824
756
764
820
812
756
736
768
796
820
772
820
756
880
748
792
780
820
792
852
764
900
760
832
800
732
820
840
764
852
760
788
848
732
868
784
800
840
816
792
892
692
876
760
792
836
784
784
888
720
900
788
780
844
768
820
888
760
856
808
720
896
708
844
804
752
816
796
720
852
672
812
816
748
812
808
788
876
764
816
820
728
860
788
796
828
776
772
832
724
836
736
808
780
832
792
796
776
796
740
780
804
820
812
740
788
760
820
812
812
752
808
704
832
732
816
760
764
776
876
764
876
732
836
836
772
864
852
784
892
796
776
816
676
884
828
1076
1428
1752
2124
2584
2752
3320
3588
4000
4408
4584
4768
4916
4792
5012
4932
4928
5080
4940
5008
5052
4996
5084
5008
4924
5124
4936
5076
5032
5000
5060
5020
4932
5072
4888
5020
5008
4948
5012
4968
4912
4984
4888
4956
4936
4828
4944
4864
4916
4916
4892
4856
4932
4824
4956
4844
4920
4848
4880
4852
4916
4784
4908
4848
4884
4860
4852
4764
4908
4844
4864
4808
4848
4832
4812
4868
4760
4908
4772
4872
4852
4796
4796
4860
4776
4912
4752
4856
4832
4732
4808
4780
4760
4840
4752
4760
4840
4676
4828
4756
4784
4848
4756
4772
4876
4684
4868
4716
4728
4780
4712
4760
4800
4660
4812
4712
4716
4828
4720
4748
4772
4684
4804
4772
4664
4816
4608
4780
4732
4704
4744
4744
4656
4792
4620
4740
4728
4692
4704
4708
4680
4732
4648
4684
4700
4584
4728
4660
4700
4684
4696
4684
4744
4652
4704
4616
4700
4648
4672
4656
4712
4628
4676
4652
4716
4644
4656
4668
4648
4672
4588
4632
4688
4688
4592
4684
4572
4700
4508
4680
4596
4572
4564
4636
4548
4676
4508
4600
4604
4620
4692
4572
4516
4656
4588
4644
4636
4448
4660
4556
4592
4608
4532
4556
4636
4444
4664
4532
4556
4588
4480
4552
4648
4464
4604
4536
4564
4668
4500
4556
4540
4480
4616
4572
4468
4628
4448
4604
4524
4512
4532
4492
4436
4572
4384
4592
4532
4484
4504
4504
4492
4544
4456
4528
4544
4448
4540
4448
4516
4476
4440
4412
4500
4400
4528
4444
4508
4472
4492
4416
4444
4440
4488
4416
4444
4416
4484
4464
4416
4460
4436
4460
4428
4396
4404
4504
4416
4488
4352
4488
4460
4428
4460
4444
4328
4508
4348
4412
4416
4352
4500
4404
4332
4440
4352
4388
4432
4304
4504
4352
4348
4372
4324
4336
4416
4280
4488
4344
4352
4420
4328
4384
4436
4268
4436
4340
4316
4404
4284
4380
4360
4256
4368
4344
4252
4416
4236
4404
4296
4304
4352
4360
4252
4348
4236
4384
4296
4260
4316
4312
4308
4336
4292
4336
4312
4256
4356
4260
4372
4296
4324
4260
4304
4244
4340
4248
4344
4252
4288
4232
4296
4272
4308
4292
4292
4212
4292
4276
4220
4252
4192
4272
4244
4212
4208
4252
4224
4372
4180
4248
4208
4184
4292
4336
4200
4292
4132
4244
4256
4208
4324
4168
4136
4188
4140
4236
4284
4092
4280
4188
4204
4232
4148
4172
4236
4076
4300
4152
4168
4220
4112
4188
4240
4084
4228
4160
4128
4248
4088
4184
4160
4120
4216
4184
4136
4252
4076
4212
4124
4120
4152
4144
4088
4236
4076
4224
4140
4128
4176
4136
4136
4148
4100
4144
4180
4100
4152
4064
4132
4104
4144
4092
4172
4076
4180
4092
4164
4072
4168
4092
4100
4092
4092
4108
4156
4012
4124
4088
4088
4096
3996
4032
4132
4044
4088
4080
3956
4108
3948
4092
4020
4044
4100
4056
3980
4124
3960
4092
4072
3960
4116
4044
4008
4072
3964
4068
4080
3932
4128
3964
4048
4052
4004
4024
4096
3888
4100
3980
4056
4068
3956
4016
4064
3928
4068
3988
3948
4032
3936
4000
3992
3916
4020
4028
3948
4048
3904
4044
3968
3964
3968
3992
3960
4072
3924
4044
3980
3944
3972
3960
3944
3976
3932
3972
3956
3904
3940
3900
3964
3892
3948
3928
3956
3912
3988
3956
4016
3892
4012
3932
3944
3904
3888
3912
3964
3900
3924
3908
3892
3908
3820
3968
3936
3848
3892
3896
3852
4024
3832
3900
3844
3868
3948
3900
3816
3968
3832
3964
3896
3800
3936
3872
3852
3896
3836
3924
3924
3684
3948
3820
3956
3912
3772
3836
3968
3788
3972
3736
3836
3868
3824
3872
3868
3716
3848
3784
3784
3908
3764
3888
3812
3828
3888
3864
3792
3868
3684
3916
3808
3832
3828
3812
3740
3848
3744
3876
3788
3800
3820
3816
3816
3828
3812
3828
3792
3764
3836
3716
3808
3736
3824
3748
3800
3740
3808
3740
3820
3708
3796
3760
3804
3768
3740
3740
3780
3740
3800
3748
3744
3832
3700
3756
3740
3740
3784
3756
3668
3832
3696
3836
3720
3680
3756
3776
3708
3796
3604
3800
3756
3656
3796
3708
3700
3752
3660
3772
3796
3624
3836
3636
3720
3740
3688
3696
3748
3592
3824
3656
3708
3716
3648
3740
3768
3620
3736
3696
3692
3748
3600
3744
3704
3696
3704
3672
3644
3752
3572
3708
3620
3668
3700
3724
3664
3720
3568
3684
3620
3596
3636
3656
3668
3636
3612
3632
3628
3600
3632
3624
3692
3608
3648
3644
3672
3632
3612
3588
3644
3576
3680
3568
3604
3644
3588
3612
3624
3564
3612
3592
3552
3640
3516
3640
3580
3584
3636
3616
3528
3660
3484
3664
3584
3568
3640
3604
3532
3620
3468
3652
3620
3532
3644
3532
3568
3628
3500
3612
3628
3488
3644
3472
3560
3576
3508
3556
3580
3428
3648
3468
3552
3544
3468
3560
3568
3452
3596
3484
3512
3588
3480
3640
3544
3504
3540
3520
3472
3596
3444
3596
3484
3508
3532
3540
3508
3576
3452
3580
3536
3504
3508
3512
3552
3520
3480
3500
3496
3468
3492
3472
3548
3476
3556
3472
3508
3436
3488
3444
3516
3424
3520
3420
3476
3476
3452
3492
3496
3424
3508
3492
3468
3504
3420
3512
3500
3412
3448
3456
3436
3596
3348
3512
3396
3420
3516
3452
3408
3528
3340
3512
3460
3380
3492
3376
3408
3468
3368
3460
3440
3316
3496
3320
3384
3400
3332
3400
3452
3292
3500
3344
3440
3416
3352
3420
3428
3356
3452
3364
3340
3416
3304
3416
3372
3384
3384
3356
3380
3436
3324
3428
3352
3388
3408
3396
3340
3396
3308
3440
3344
3360
3336
3356
3344
3300
3324
3376
3352
3308
3344
3328
3384
3280
3384
3316
3364
3324
3332
3324
3436
3320
3428
3284
3344
3284
3312
3356
3336
3240
3340
3336
3340
3340
3176
3332
3288
3328
3348
3312
3268
3464
3268
3420
3260
3204
3344
3352
3260
3304
3192
3372
3348
3212
3380
3252
3312
3320
3248
3368
3356
3192
3380
3188
3332
3288
3212
3220
3272
3212
3424
3204
3252
3272
3236
3344
3292
3176
3252
3232
3276
3340
3172
3292
3188
3224
3256
3300
3220
3276
3136
3304
3260
3292
3248
3252
3228
3288
3204
3292
3200
3196
3228
3276
3256
3204
3212
3244
3300
3240
3232
3196
3252
3124
3292
3236
3284
3208
3188
3164
3220
3116
3276
3140
3200
3204
3176
3240
3196
3140
3228
3188
3164
3256
3120
3240
3156
3176
3228
3216
3100
3292
3092
3284
3136
3124
3236
3204
3128
3240
3056
3220
3156
3100
3264
3176
3204
3212
3048
3164
3212
3100
3212
3044
3196
3184
3072
3108
3156
3068
3244
3088
3192
3164
3092
3160
3156
3108
3240
3144
3128
3144
3056
3212
3144
3148
3144
3164
3092
3172
3012
3164
3068
3140
3108
3120
3068
3120
3076
3172
3100
3116
3088
3076
3084
3064
3124
3088
3124
3060
3080
3060
3152
3020
3164
3084
3132
3088
3072
3084
3116
3004
3132
3052
3096
3108
3036
3112
3092
3020
3088
3044
3052
3152
2980
3112
3048
3048
3152
3100
3064
3156
2948
3180
3084
3040
3068
2992
2980
3108
2972
3152
3012
2916
3080
2968
3092
3112
2968
3052
3048
2980
3180
2984
3052
2972
2956
3052
3100
2972
3104
2908
3036
3052
3012
3084
3032
2952
3040
2948
3040
3080
2964
3072
2968
2964
2976
2984
2940
3020
2908
3044
2936
3004
2972
3028
2964
2988
2944
3036
2976
3020
3012
2996
3004
2964
3008
2992
3004
2960
2968
2952
2988
2904
3024
2940
3008
2988
2960
2988
2992
2892
3024
2868
2948
2956
2924
3024
3004
2920
3012
2928
2908
3016
2868
3064
2876
2940
2984
2984
2980
3012
2660
3032
2860
3032
3044
2964
2880
2964
2848
3020
2936
2816
2912
2804
2972
3084
2964
2968
2796
2692
2952
2920
3108
3016
2904
2872
2880
2836
3012
2836
2868
2828
2828
2952
2940
2844
2916
2788
2884
2924
2884
2944
2876
2892
2864
2868
2876
2968
2840
2972
2808
2908
2824
2872
2820
2868
2828
2936
2876
2916
2860
2880
2872
2824
2924
2892
2908
2900
2892
2856
2872
2732
2912
2788
2932
2836
2864
2900
2896
2724
2872
2788
2888
2872
2752
2840
2836
2836
2940
2828
2848
2936
2764
2916
2780
2812
2932
2860
2804
2840
2700
2920
2768
2772
2848
2784
2824
2908
2696
2864
2844
2768
2860
2760
2828
2872
2740
2840
2792
2724
2908
2696
2804
2768
2784
2840
2816
2724
2900
2708
2772
2724
2720
2820
2796
2736
2796
2764
2804
2800
2684
2808
2716
2796
2780
2768
2728
2796
2684
2812
2700
2788
2732
2820
2740
2796
2760
2788
2732
2772
2708
2748
2760
2704
2764
2720
2792
2740
2736
2756
2812
2712
2844
2696
2780
2756
2756
2812
2812
2664
2824
2680
2756
2756
2708
2820
2756
2700
2808
2712
2740
2800
2636
2816
2672
2712
2760
2724
2692
2812
2624
2836
2692
2692
2752
2684
2720
2776
2644
2800
2696
2692
2792
2660
2736
2704
2668
2764
2716
2636
2812
2648
2768
2676
2684
2716
2704
2656
2764
2620
2728
2704
2668
2716
2696
2672
2728
2652
2688
2712
2672
2764
2652
2720
2700
2704
2620
2684
2640
2784
2652
2692
2632
2708
2664
2684
2640
2676
2660
2664
2624
2652
2672
2632
2696
2624
2656
2668
2620
2644
2692
2564
2708
2572
2668
2636
2612
2640
2640
2568
2760
2612
2684
2676
2572
2700
2588
2580
2652
2572
2616
2688
2556
2736
2604
2624
2684
2588
2576
2688
2524
2720
2560
2608
2664
2580
2612
2628
2496
2672
2604
2576
2724
2516
2620
2620
2580
2668
2596
2512
2688
2548
2668
2564
2576
2592
2596
2528
2668
2512
2652
2580
2556
2604
2596
2576
2604
2560
2596
2628
2560
2664
2544
2612
2572
2636
2560
2564
2496
2588
2528
2632
2520
2604
2560
2596
2580
2624
2584
2576
2516
2584
2564
2496
2588
2540
2592
2564
2560
2568
2568
2492
2656
2512
2616
2556
2524
2588
2556
2488
2632
2460
2560
2540
2448
2596
2512
2484
2604
2492
2544
2592
2456
2684
2512
2544
2564
2548
2488
2636
2408
2656
2448
2484
2488
2572
2520
2616
2448
2584
2472
2472
2564
2396
2528
2516
2480
2544
2480
2396
2556
2396
2548
2496
2532
2524
2520
2416
2568
2436
2588
2460
2504
2500
2464
2436
2512
2472
2500
2524
2480
2520
2420
2524
2440
2516
2448
2516
2468
2524
2440
2492
2396
2520
2432
2480
2484
2484
2484
2528
2468
2508
2468
2412
2520
2448
2468
2392
2456
2540
2496
2352
2524
2376
2520
2436
2400
2444
2500
2464
2544
2368
2460
2488
2364
2464
2372
2432
2548
2448
2452
2508
2364
2572
2368
2380
2448
2408
2396
2492
2316
2544
2376
2416
2476
2372
2468
2496
2396
2512
2412
2364
2524
2296
2428
2412
2400
2436
2368
2328
2492
2328
2468
2388
2428
2464
2464
2376
2464
2332
2412
2360
2356
2444
2420
2412
2388
2412
2440
2428
2348
2408
2384
2488
2428
2444
2356
2396
2360
2456
2348
2416
2332
2412
2344
2388
2384
2344
2356
2376
2348
2424
2380
2300
2376
2284
2368
2360
2368
2372
2348
2276
2448
2296
2396
2296
2304
2372
2396
2304
2428
2252
2356
2372
2308
2412
2296
2308
2388
2324
2380
2416
2248
2444
2272
2340
2360
2336
2332
2388
2244
2468
2300
2332
2392
2308
2356
2376
2264
2428
2300
2284
2380
2268
2372
2316
2292
2344
2316
2276
2380
2236
2368
2300
2324
2312
2304
2256
2380
2316
2352
2280
2332
2372
2316
2252
2296
2324
2308
2300
2272
2332
2280
2360
2244
2332
2252
2332
2268
2324
2256
2344
2240
2340
2256
2308
2328
2312
2320
2328
2268
2380
2300
2220
2324
2220
2300
2252
2232
2312
2300
2216
2352
2188
2340
2268
2296
2340
2308
2244
2384
2204
2328
2260
2208
2352
2244
2252
2348
2256
2304
2300
2168
2372
2184
2300
2300
2240
2252
2332
2188
2404
2200
2252
2256
2212
2288
2276
2172
2348
2244
2256
2328
2180
2288
2224
2224
2324
2256
2216
2304
2188
2308
2172
2240
2232
2220
2164
2284
2168
2284
2188
2252
2216
2208
2204
2248
2264
2244
2232
2244
2300
2204
2232
