6560
6572
1644

632
632
700
616
772
584
732
724
688
704
732
644
868
652
664
732
656
824
732
684
752
652
692
856
572
796
676
696
764
668
640
788
508
732
652
652
752
636
664
784
632
748
672
596
768
628
732
736
600
672
736
596
808
628
724
700
652
704
752
604
768
604
720
764
664
712
740
684
728
696
656
740
600
716
652
724
640
708
636
768
684
736
688
764
664
724
640
676
696
664
728
748
696
756
712
692
796
620
716
696
676
684
732
632
764
584
744
744
684
720
736
636
816
672
748
768
596
780
736
652
756
660
640
800
508
764
600
688
756
668
688
856
548
752
640
652
764
620
680
812
640
788
704
644
772
612
712
732
636
668
712
588
776
572
704
676
644
688
744
628
788
636
704
720
628
700
688
692
712
648
656
768
628
700
636
716
636
732
648
728
628
724
640
748
628
712
632
684
688
644
704
740
668
696
696
664
772
644
728
704
688
688
752
648
824
636
724
716
648
752
748
604
756
604
732
780
624
760
680
620
776
684
668
764
548
828
644
648
732
636
620
768
524
784
660
664
780
636
704
820
644
736
676
636
780
564
696
716
688
700
696
588
796
652
768
732
692
708
772
672
776
628
700
764
692
736
712
680
696
680
680
760
644
712
648
736
676
732
680
724
676
748
644
784
612
668
688
676
752
592
708
672
652
692
668
652
800
604
744
668
664
692
720
580
808
608
744
696
604
728
708
660
780
584
704
800
624
796
660
644
756
664
680
804
532
796
644
696
796
664
676
772
536
780
656
680
756
616
688
760
588
716
668
616
768
648
736
740
700
728
668
640
844
640
732
716
728
756
728
604
744
624
764
744
632
668
704
732
728
684
672
788
688
724
636
716
644
728
628
752
684
744
676
744
636
736
672
708
716
656
716
708
636
724
700
676
816
620
760
708
644
704
668
628
796
552
736
708
656
688
708
628
816
604
740
736
604
812
716
660
732
644
688
824
568
792
612
676
772
660
632
808
580
820
660
732
812
640
696
788
664
772
668
624
796
664
760
700
624
672
768
708
860
624
688
684
696
752
760
688
760
648
712
760
688
676
644
668
704
688
624
704
648
732
668
740
636
712
632
704
672
716
668
756
604
752
664
700
728
648
744
768
668
760
676
620
772
604
764
660
628
704
696
616
840
580
760
708
668
760
740
660
796
592
720
736
568
748
604
668
784
636
712
844
572
812
632
736
764
644
656
796
596
820
632
700
756
600
712
724
596
732
672
652
764
584
724
708
664
708
716
640
772
636
760
700
680
636
708
640
760
624
668
668
664
696
700
700
688
680
672
728
656
700
616
696
596
724
684
796
708
712
680
744
600
720
620
708
732
660
696
728
636
756
668
668
780
604
760
692
648
696
716
648
804
564
732
684
640
724
720
668
780
568
732
768
600
740
652
688
800
640
700
740
528
796
616
704
780
640
640
740
572
864
644
632
692
632
712
748
592
740
692
660
764
604
744
740
708
680
732
680
796
596
668
668
696
672
712
644
752
648
700
708
688
676
660
660
708
712
668
708
668
728
676
728
620
740
652
776
704
692
732
732
676
748
652
680
708
512
788
708
664
720
604
608
796
572
740
704
696
736
704
644
792
540
784
704
652
784
692
652
748
576
712
740
560
764
612
696
756
636
688
800
556
808
608
676
728
656
704
788
596
864
648
744
760
648
672
752
600
748
664
672
784
616
728
712
684
704
700
636
772
632
748
644
680
660
740
664
712
596
696
696
680
632
680
708
708
700
664
744
700
704
648
728
612
744
624
744
728
732
716
760
628
760
636
700
716
644
740
740
620
748
660
632
764
528
748
648
628
728
708
672
836
572
772
700
664
756
676
636
780
588
736
732
608
796
672
716
760
600
700
824
588
780
600
724
776
664
744
776
552
816
644
692
732
648
740
748
628
736
636
664
760
628
760
736
704
648
724
696
768
592
692
664
732
652
716
648
724
704
740
740
708
680
676
700
696
736
672
712
648
688
696
764
624
768
668
772
712
700
688
752
604
800
652
736
728
604
720
708
616
744
672
644
788
572
748
692
680
748
696
656
820
556
776
652
608
744
692
700
808
564
712
688
596
756
612
696
760
636
724
796
600
828
604
716
720
616
684
744
564
820
632
700
732
644
716
724
660
752
636
632
724
604
748
716
708
688
728
648
784
604
744
668
748
660
756
672
744
672
700
688
692
676
732
700
668
692
640
740
692
684
692
732
636
800
636
752
696
688
704
768
608
752
612
720
744
620
740
748
624
744
660
692
784
572
752
644
628
736
700
668
796
532
764
696
668
764
652
648
792
608
772
724
608
792
652
716
748
640
708
780
600
784
588
728
736
640
704
748
584
804
632
708
752
644
688
704
616
716
640
692
764
668
760
708
684
684
712
644
748
636
764
680
704
612
724
708
760
612
664
708
712
656
692
712
692
720
636
740
684
680
684
716
604
784
628
764
676
664
708
732
576
772
640
672
792
540
752
656
604
696
716
704
760
556
768
660
640
716
620
656
860
576
804
632
616
752
652
660
760
592
764
732
588
780
576
712
736
612
676
724
548
804
600
700
716
612
672
776
588
716
584
728
740
644
684
764
676
720
600
636
744
712
744
664
688
708
708
624
672
620
768
696
724
600
696
628
644
620
660
732
732
696
696
680
680
752
604
728
684
664
664
740
628
764
608
744
704
692
728
768
592
792
628
728
720
588
764
736
684
812
644
628
732
524
776
664
680
740
696
688
840
560
764
628
664
748
660
676
736
544
764
716
652
784
616
724
740
648
732
728
608
792
580
708
748
636
632
716
580
828
636
744
692
640
720
740
620
684
640
684
712
616
732
640
664
644
732
688
748
620
712
668
776
680
708
608
708
692
704
716
712
640
748
696
652
724
608
732
716
692
732
724
608
752
604
728
684
660
728
792
664
812
628
724
736
592
776
720
636
764
588
684
792
564
816
668
668
748
644
668
824
580
832
680
704
788
652
648
740
540
764
740
696
804
640
744
772
664
724
732
600
808
596
728
740
712
728
748
584
768
620
728
720
652
728
732
644
736
688
692
692
620
748
692
712
680
732
668
748
644
716
664
720
624
768
704
740
712
700
684
716
596
696
684
672
756
620
708
676
648
676
708
588
776
608
756
712
680
748
728
588
780
604
704
732
612
764
716
616
756
616
696
772
568
808
640
676
772
684
700
804
516
768
672
704
772
684
704
756
580
776
656
648
796
636
712
732
640
732
728
632
832
640
724
664
640
688
736
616
732
592
708
704
680
732
712
648
732
712
748
748
672
752
712
772
696
752
640
712
644
676
620
708
624
792
668
700
696
692
700
712
656
772
728
672
752
580
732
708
688
740
768
660
804
572
752
712
704
732
688
596
792
616
648
668
596
792
632
664
728
684
648
688
572
824
700
672
752
600
696
812
536
828
688
696
740
604
684
756
624
760
688
684
812
612
712
748
668
764
712
572
756
628
792
688
636
684
796
668
788
632
724
764
716
704
680
692
736
700
704
732
696
796
688
712
648
756
664
708
616
716
692
752
592
736
676
708
676
616
708
740
628
740
652
672
756
600
744
684
648
716
688
636
828
612
768
676
616
716
708
612
824
596
764
716
604
772
704
668
768
628
748
768
520
796
636
672
736
596
624
768
556
836
616
668
720
632
712
776
580
772
664
680
788
680
740
744
652
732
724
616
756
612
768
724
684
696
708
592
796
644
724
664
656
732
700
664
692
696
724
764
660
692
676
760
656
772
684
732
652
696
716
776
632
760
636
716
736
700
692
712
632
804
732
712
752
576
760
700
644
728
704
620
780
600
812
724
620
728
740
684
844
592
728
676
596
768
640
636
764
620
756
772
540
780
592
680
776
672
700
764
528
816
640
708
740
628
692
740
592
800
704
660
756
616
744
684
648
756
764
672
804
632
732
664
660
660
724
628
772
620
708
712
680
716
740
700
732
712
724
688
640
676
704
736
644
752
676
740
664
716
692
744
604
764
640
716
716
668
732
716
628
768
668
644
728
580
748
668
636
708
712
664
816
580
768
660
632
712
708
628
800
584
752
708
572
768
696
652
788
616
720
780
584
876
668
732
712
656
744
792
604
840
628
732
748
612
696
684
556
744
636
636
716
612
756
712
668
712
712
644
788
648
824
700
724
684
740
604
732
620
720
644
708
732
756
692
684
688
676
712
664
748
724
756
660
764
652
732
676
672
660
736
600
804
652
704
700
604
708
720
632
792
700
716
824
644
788
664
604
768
676
652
780
584
768
672
580
716
644
636
752
556
776
760
628
796
640
688
844
604
804
728
604
840
636
620
828
620
704
680
532
856
652
712
704
680
780
804
596
752
644
608
680
592
736
692
624
696
720
668
760
532
676
712
764
696
748
636
788
652
732
648
708
732
748
716
716
760
724
756
632
704
676
740
628
768
600
752
652
668
648
712
584
788
644
732
688
624
712
668
576
740
636
664
756
604
768
624
636
744
756
792
1052
924
1292
1320
1444
1656
1776
1900
2220
2116
2364
2324
2252
2376
2276
2304
2360
2192
2316
2408
2236
2452
2208
2316
2368
2316
2408
2436
2232
2468
2284
2368
2376
2276
2356
2356
2224
2408
2304
2316
2384
2268
2348
2304
2284
2340
2340
2272
2368
2248
2356
2260
2296
2268
2308
2216
2312
2244
2344
2252
2264
2260
2340
2260
2252
2304
2308
2348
2284
2300
2296
2324
2244
2388
2204
2292
2280
2312
2292
2328
2188
2380
2192
2296
2300
2200
2248
2260
2212
2416
2292
2288
2348
2180
2380
2268
2220
2304
2252
2196
2368
2164
2404
2252
2208
2304
2264
2240
2356
2132
2328
2228
2168
2300
2200
2244
2312
2172
2276
2260
2100
2348
2152
2252
2272
2204
2224
2284
2112
2372
2172
2260
2260
2204
2280
2284
2156
2300
2160
2224
2300
2212
2272
2212
2196
2268
2224
2152
2284
2160
2292
2172
2232
2196
2276
2188
2292
2172
2248
2216
2252
2192
2260
2188
2204
2212
2152
2196
2188
2180
2180
2216
2124
2296
2112
2240
2148
2168
2180
2252
2132
2316
2140
2236
2216
2140
2228
2192
2100
2284
2132
2180
2236
2100
2280
2132
2112
2200
2144
2140
2280
2060
2288
2128
2160
2240
2164
2156
2288
2056
2252
2156
2120
2232
2072
2132
2212
2080
2212
2180
2092
2316
2132
2208
2172
2100
2172
2232
2108
2336
2096
2208
2148
2076
2148
2140
2056
2212
2132
2164
2212
2120
2212
2152
2152
2168
2216
2116
2208
2084
2188
2088
2152
2116
2188
2068
2160
2112
2172
2120
2132
2128
2152
2116
2148
2164
2112
2180
2148
2148
2152
2164
2060
2208
2052
2152
2148
2116
2140
2168
2032
2216
2040
2132
2148
2052
2184
2132
2024
2192
2032
2068
2164
1984
2176
2100
2076
2156
2072
2088
2200
1984
2220
2100
2092
2200
2076
2060
2160
2020
2200
2036
1988
2188
2076
2120
2136
2000
2152
2140
2008
2132
2048
2124
2184
2032
2080
2140
2068
2280
2012
2116
2092
2132
2124
2052
1972
2212
2140
2080
2040
1964
2112
2136
2064
2040
2116
2084
2152
1992
2092
2016
2084
2032
2108
1972
2112
2068
2108
2028
2064
2052
2128
2052
2064
2124
2072
2104
2024
2036
2108
2168
2044
2176
1968
2136
2036
2032
2020
2104
1964
2148
1936
2076
2048
1976
2100
2068
1980
2148
1972
2028
2084
1924
2164
2016
2008
2060
1972
1996
2100
1916
2220
2012
2040
2112
2008
2004
2108
1940
2156
2040
2012
2148
2028
2032
2060
1892
2004
2036
1956
2152
1976
2108
2088
2044
2068
2052
1892
2104
1916
2060
2016
1988
2036
2012
1928
2044
1984
2008
2012
1932
2028
2000
1996
1972
1980
1952
2052
1992
2052
1976
2024
1936
2048
1948
2032
1996
1996
1988
2032
1964
2044
2012
1968
2016
1952
2092
2004
1928
1940
2008
1932
2144
1956
2052
1984
1996
2016
2004
1888
2120
1924
2064
2048
1956
2068
1984
1916
2108
1944
1960
1988
1804
2084
1976
1940
2008
1884
1928
2056
1840
2092
1896
1912
2004
1964
1988
2068
1848
2048
1932
1924
2056
1904
1972
1952
1872
1996
2008
1856
2064
1868
1984
1952
1916
1956
2012
1884
2064
1868
2000
1936
1916
1956
1968
1892
1980
1868
1916
1928
1900
1964
1908
1908
1916
2004
1916
1980
1880
1976
1908
1964
1872
2004
1900
1984
1948
1976
1916
1944
1868
2028
1940
1916
1964
1884
1980
1952
1944
1940
1904
1812
2004
1844
1976
1916
1868
1944
1932
1820
2028
1792
1932
1948
1836
1960
1916
1840
2016
1848
1900
1984
1812
2040
1844
1876
1968
1884
1892
1972
1772
2020
1848
1912
1960
1868
1876
1996
1812
2000
1852
1860
1996
1852
1932
1916
1812
1936
1924
1836
2012
1804
1932
1924
1880
1892
1904
1772
1960
1804
1908
1832
1860
1916
1916
1836
1936
1868
1896
1872
1872
1928
1844
1916
1860
1928
1856
1904
1828
1880
1812
1908
1800
1932
1820
1904
1896
1876
1916
1912
1856
1916
1868
1872
1924
1836
1920
1892
1864
1920
1868
1780
1968
1788
1948
1892
1828
1880
1876
1740
1948
1756
1904
1908
1796
1920
1852
1828
1992
1840
1904
1964
1752
2004
1804
1832
1960
1844
1884
1948
1744
1972
1796
1828
1912
1804
1848
1932
1748
1948
1796
1768
1908
1736
1848
1836
1768
1896
1852
1744
1908
1748
1828
1804
1800
1952
1836
1788
1908
1748
1932
1836
1848
1820
1932
1820
1860
1812
1828
1868
1816
1844
1788
1868
1816
1856
1764
1836
1816
1888
1804
1868
1812
1984
1800
1808
1804
1824
1856
1832
1776
1856
1808
1784
1852
1696
1812
1756
1720
1812
1776
1736
1900
1720
1868
1768
1784
1852
1840
1712
1932
1708
1852
1788
1676
1832
1748
1736
1912
1720
1784
1832
1688
1928
1744
1784
1852
1776
1836
1904
1684
1948
1788
1804
1876
1784
1796
1824
1704
1900
1784
1744
1828
1692
1784
1804
1740
1828
1792
1668
1860
1684
1836
1780
1772
1808
1828
1688
1868
1712
1836
1784
1752
1780
1760
1740
1816
1800
1800
1776
1752
1832
1808
1828
1740
1836
1756
1844
1804
1812
1716
1800
1660
1828
1684
1792
1764
1720
1756
1788
1708
1864
1784
1772
1832
1708
1832
1740
1716
1768
1764
1724
1916
1652
1780
1720
1724
1804
1776
1652
1864
1644
1812
1756
1656
1820
1748
1720
1860
1680
1788
1772
1604
1860
1708
1700
1760
1636
1712
1828
1628
1880
1652
1716
1776
1712
1732
1772
1584
1796
1700
1724
1824
1684
1752
1784
1720
1784
1764
1608
1764
1632
1804
1748
1740
1752
1768
1636
1796
1660
1772
1712
1732
1764
1784
1700
1720
1676
1680
1720
1692
1748
1664
1712
1664
1784
1660
1728
1680
1744
1704
1732
1616
1812
1636
1708
1716
1676
1716
1712
1660
1784
1664
1704
1788
1628
1768
1736
1688
1752
1716
1644
1820
1672
1832
1696
1680
1764
1716
1604
1812
1596
1752
1676
1604
1804
1668
1652
1776
1612
1728
1708
1552
1824
1612
1672
1736
1640
1672
1740
1532
1812
1628
1688
1724
1660
1728
1732
1628
1760
1632
1616
1700
1612
1688
1676
1620
1736
1720
1676
1820
1648
1760
1656
1680
1692
1744
1632
1760
1636
1756
1692
1708
1684
1704
1664
1724
1716
1676
1700
1684
1676
1628
1688
1600
1708
1564
1660
1676
1684
1632
1708
1588
1788
1612
1696
1700
1644
1684
1676
1604
1772
1632
1620
1688
1564
1716
1660
1592
1692
1632
1556
1740
1540
1748
1692
1624
1672
1628
1596
1784
1588
1676
1644
1564
1732
1616
1596
1700
1544
1648
1696
1516
1800
1544
1636
1696
1608
1648
1708
1516
1780
1592
1652
1692
1612
1632
1656
1528
1728
1616
1612
1724
1604
1652
1668
1644
1724
1676
1604
1780
1628
1680
1576
1580
1648
1724
1528
1692
1620
1712
1596
1640
1488
1696
1580
1736
1580
1644
1596
1656
1644
1548
1596
1536
1676
1524
1592
1560
1604
1652
1652
1520
1716
1536
1644
1628
1564
1624
1636
1552
1716
1580
1576
1660
1508
1676
1564
1532
1664
1612
1564
1732
1500
1700
1568
1540
1660
1588
1512
1684
1500
1688
1596
1492
1676
1516
1556
1696
1528
1640
1656
1524
1764
1536
1644
1668
1540
1604
1644
1468
1700
1512
1636
1640
1604
1688
1684
1568
1672
1552
1596
1688
1604
1624
1580
1568
1620
1572
1508
1628
1508
1612
1540
1564
1536
1580
1520
1628
1528
1588
1520
1556
1564
1612
1568
1556
1580
1572
1580
1592
1604
1564
1596
1512
1684
1544
1608
1596
1608
1608
1616
1512
1720
1520
1568
1556
1504
1576
1568
1504
1656
1528
1540
1640
1476
1668
1576
1536
1612
1556
1488
1660
1420
1668
1512
1540
1644
1516
1400
1636
1476
1672
1532
1492
1656
1548
1560
1656
1476
1612
1572
1424
1692
1488
1532
1540
1472
1544
1612
1468
1660
1412
1544
1592
1552
1536
1572
1484
1676
1552
1540
1588
1500
1548
1528
1532
1584
1588
1492
1584
1476
1584
1524
1568
1516
1560
1488
1604
1500
1556
1512
1568
1552
1564
1516
1528
1568
1528
1548
1532
1520
1536
1560
1460
1604
1508
1580
1532
1516
1516
1572
1448
1652
1468
1548
1588
1524
1624
1584
1500
1624
1488
1512
1600
1452
1652
1516
1504
1600
1496
1460
1604
1376
1588
1448
1504
1576
1488
1428
1616
1440
1628
1520
1448
1604
1456
1468
1580
1428
1580
1528
1372
1644
1428
1548
1552
1472
1516
1496
1384
1608
1412
1560
1532
1500
1504
1524
1460
1604
1472
1500
1548
1496
1564
1500
1472
1480
1528
1480
1604
1472
1532
1476
1540
1476
1532
1436
1524
1496
1532
1468
1532
1488
1508
1492
1476
1540
1464
1476
1520
1472
1512
1544
1440
1580
1420
1524
1496
1480
1476
1540
1396
1600
1392
1484
1508
1432
1532
1488
1420
1608
1440
1460
1584
1364
1540
1416
1420
1548
1456
1424
1588
1344
1532
1416
1424
1552
1456
1412
1552
1360
1528
1480
1388
1560
1412
1480
1560
1388
1484
1476
1368
1632
1412
1504
1516
1440
1492
1496
1340
1596
1356
1456
1444
1388
1440
1516
1440
1516
1380
1480
1516
1440
1464
1412
1452
1516
1508
1384
1528
1436
1544
1424
1480
1448
1528
1416
1520
1420
1548
1412
1544
1400
1492
1400
1428
1396
1464
1480
1500
1468
1412
1412
1384
1564
1340
1440
1436
1428
1468
1448
1340
1572
1384
1484
1452
1400
1528
1444
1348
1480
1308
1408
1508
1320
1508
1380
1396
1476
1328
1360
1512
1336
1564
1400
1416
1496
1420
1412
1568
1404
1576
1456
1384
1532
1364
1424
1500
1420
1516
1492
1340
1532
1316
1476
1436
1396
1452
1484
1372
1564
1368
1492
1452
1412
1448
1448
1380
1508
1388
1436
1488
1456
1484
1400
1420
1428
1448
1408
1472
1392
1452
1368
1492
1412
1468
1356
1452
1396
1440
1396
1440
1376
1444
1388
1404
1428
1396
1452
1444
1400
1432
1408
1356
1540
1328
1448
1448
1432
1452
1456
1348
1568
1332
1464
1408
1340
1436
1380
1336
1508
1308
1440
1472
1316
1516
1340
1384
1484
1360
1376
1492
1260
1500
1316
1364
1464
1372
1352
1456
1264
1556
1396
1356
1500
1380
1400
1448
1296
1420
1372
1296
1508
1288
1404
1408
1376
1424
1436
1304
1492
1272
1436
1428
1400
1388
1380
1332
1480
1372
1392
1384
1332
1400
1360
1420
1364
1380
1348
1452
1384
1428
1340
1372
1308
1424
1324
1436
1368
1388
1316
1400
1356
1452
1344
1384
1420
1324
1372
1388
1376
1396
1356
1316
1500
1272
1408
1364
1364
1420
1364
1276
1460
1204
1416
1404
1348
1444
1348
1304
1500
1296
1372
1400
1280
1492
1340
1368
1468
1344
1352
1452
1248
1516
1284
1356
1432
1344
1352
1468
1252
1472
1332
1332
1452
1304
1360
1400
1304
1424
1328
1276
1488
1284
1388
1376
1332
1368
1388
1336
1488
1252
1384
1356
1356
1388
1360
1300
1380
1300
1348
1408
1392
1368
1304
1352
1356
1396
1328
1404
1368
1420
1336
1400
1284
1412
1276
1412
1384
1384
1312
1368
1292
1412
1292
1308
1388
1312
1376
1368
1312
1348
1352
1300
1468
1252
1400
1340
1292
1332
1352
1260
1492
1264
1396
1360
1292
1428
1340
1236
1452
1244
1388
1372
1232
1412
1280
1308
1448
1304
1340
1404
1224
1440
1280
1308
1364
1280
1300
1424
1228
1420
1248
1292
1380
1244
1280
1380
1284
1436
1332
1280
1476
1236
1368
1340
1252
1280
1352
1276
1400
1192
1348
1304
1324
1284
1292
1284
1424
1336
1332
1336
1376
1368
1308
1312
1276
1384
1324
1420
1308
1352
1356
1384
1248
1372
1260
1376
1312
1304
1320
1376
1316
1396
1224
1372
1356
1324
1292
1296
1304
1420
1372
1268
1432
1140
1364
1284
1244
1296
1284
1220
1428
1200
1364
1316
1304
1360
1276
1292
1444
1236
1340
1336
1212
1396
1264
1300
1380
1280
1340
1408
1188
1400
1224
1332
1376
1256
1288
1384
1180
1400
1220
1300
1420
1260
1368
1304
1264
1308
1276
1204
1392
1200
1368
1280
1304
1312
1328
1240
1396
1220
1352
1308
1308
1280
1284
1300
1364
1224
1252
1284
1292
1308
1288
1320
1272
1344
1280
1352
1280
