5185
5194
1298

756
756
616
796
660
692
704
628
664
724
596
780
676
684
696
608
684
680
624
788
704
644
732
568
748
696
668
748
716
668
812
608
764
656
676
708
700
676
788
604
728
672
640
720
648
668
700
668
696
700
632
744
656
756
668
672
660
704
636
760
680
708
668
744
672
680
636
680
688
728
688
692
732
656
728
676
768
680
692
668
692
604
760
588
728
668
660
748
756
660
712
584
692
744
636
768
600
628
668
660
652
772
572
780
588
688
620
704
668
748
528
816
692
744
756
616
732
760
636
764
608
648
756
596
720
648
644
732
684
648
764
580
780
692
676
708
692
688
712
596
744
684
684
744
676
676
692
648
708
712
628
740
604
732
616
728
688
708
608
756
668
748
644
724
668
708
712
688
684
684
668
708
728
676
740
620
704
640
700
704
728
616
744
612
764
708
688
736
672
616
720
612
732
712
636
796
684
660
672
656
728
700
544
776
684
764
704
636
700
752
628
804
660
740
752
656
704
696
600
720
588
628
736
588
740
636
624
744
732
632
752
556
768
636
668
676
680
656
764
640
744
700
684
692
644
704
700
684
716
712
668
740
624
676
604
712
648
716
676
716
708
692
604
732
708
580
620
692
764
724
672
700
700
652
724
592
684
724
692
684
692
676
820
556
708
668
720
788
680
640
796
688
788
680
576
760
636
676
688
620
700
728
612
836
692
716
668
628
704
716
612
776
612
732
748
652
676
664
616
764
656
660
752
600
780
680
672
720
664
648
752
572
788
636
660
696
704
672
760
596
724
656
668
736
668
700
668
692
712
724
660
760
648
740
640
716
624
700
660
752
688
744
640
728
664
700
700
652
692
692
676
736
732
664
712
588
708
636
664
700
716
672
756
576
756
688
652
720
664
632
716
572
740
668
636
764
608
684
724
632
736
752
632
768
568
684
628
620
684
688
604
768
612
684
688
648
740
688
640
780
652
676
696
592
752
664
656
732
700
676
740
600
776
640
708
712
684
664
712
596
712
636
648
696
644
696
652
688
692
680
628
712
672
740
676
732
664
720
636
688
636
704
632
728
668
700
684
652
684
676
636
676
656
644
752
612
736
656
656
680
668
640
772
596
756
668
644
736
664
664
764
608
760
680
612
748
604
708
716
632
740
660
556
792
532
744
628
672
692
700
548
824
636
696
692
604
732
684
600
696
616
712
772
608
756
640
668
700
652
668
712
580
732
628
712
748
716
704
712
612
720
620
636
684
640
708
664
692
700
696
668
716
672
724
652
744
668
716
628
704
640
684
600
704
588
676
692
668
700
668
656
700
668
640
712
596
740
644
668
724
680
656
752
584
756
648
664
716
684
676
764
596
740
664
640
756
600
688
700
628
744
668
588
804
592
728
700
684
772
716
576
788
632
724
696
596
724
712
596
700
644
680
732
592
736
664
680
704
608
640
736
628
752
624
656
652
664
648
676
648
796
672
672
672
684
716
684
680
684
692
652
684
600
756
612
748
676
680
632
708
704
724
644
736
660
688
696
616
732
772
708
668
600
672
768
632
764
644
668
724
676
612
724
596
776
624
660
728
676
664
728
612
804
676
636
732
600
716
704
612
712
680
612
744
524
712
668
664
712
688
604
776
612
748
716
700
760
684
632
712
652
704
704
576
764
676
732
720
684
664
760
636
784
644
736
692
708
668
740
656
716
636
656
672
676
720
668
712
688
728
708
728
652
704
592
728
616
724
660
688
680
740
660
744
620
704
700
688
756
736
704
776
660
656
676
536
756
624
680
700
680
668
732
572
812
636
636
716
624
684
724
580
788
652
676
764
624
692
704
628
760
700
648
788
596
692
652
628
700
684
620
776
584
688
608
604
732
704
648
720
628
676
688
600
732
608
668
708
668
688
732
628
752
600
680
676
712
656
696
644
740
668
692
672
700
684
624
668
620
684
672
700
640
684
624
756
628
716
648
700
700
728
608
748
644
704
664
636
724
680
652
708
660
684
728
588
764
644
700
704
632
628
736
556
788
608
656
732
640
656
704
588
776
644
668
768
604
720
668
608
760
700
604
748
576
708
696
628
768
708
628
780
584
660
720
628
756
628
660
704
664
696
656
628
796
680
688
628
636
616
668
572
740
600
700
648
668
652
684
612
672
616
680
644
640
656
636
704
680
696
676
708
696
732
628
732
636
740
636
644
696
680
612
760
612
720
676
632
760
676
684
708
604
676
732
632
752
608
696
716
684
672
744
576
788
620
656
704
612
708
708
600
756
636
676
772
636
712
620
620
736
684
640
788
584
752
668
664
748
636
616
724
604
724
664
604
700
612
636
696
656
684
648
616
756
636
660
652
708
712
728
604
704
584
712
628
648
684
712
652
668
632
704
668
696
640
656
716
704
648
648
716
756
704
576
744
628
740
644
632
680
712
600
684
600
748
700
608
672
604
628
724
604
616
692
672
804
600
644
724
688
660
712
568
816
632
664
708
624
704
708
564
748
620
644
732
568
764
712
640
696
628
624
796
588
720
600
648
704
660
656
772
604
716
628
664
748
652
644
712
636
700
664
608
716
624
672
640
656
644
696
624
748
612
684
612
684
644
668
636
728
648
704
660
688
684
672
736
644
700
672
676
696
704
628
756
616
724
612
648
696
684
632
748
628
732
688
632
732
644
664
700
636
656
688
588
764
580
648
676
660
652
696
576
776
588
672
684
648
664
672
572
804
624
632
752
620
744
664
652
744
648
636
736
580
760
632
668
740
660
624
732
628
748
652
676
724
660
676
684
596
624
644
632
724
632
708
628
668
688
736
648
740
620
716
640
732
676
668
632
692
624
644
624
700
676
632
704
632
712
668
668
716
732
648
724
588
704
660
668
724
696
636
720
592
724
652
604
716
616
632
692
592
640
664
588
792
600
660
672
652
680
748
592
796
612
724
740
668
696
672
552
760
620
636
728
556
712
668
636
712
660
660
780
612
788
636
652
680
640
644
648
596
660
604
624
712
556
740
672
700
660
700
616
700
652
704
688
700
680
708
648
736
596
700
612
708
628
648
636
668
676
700
656
692
704
672
764
688
744
688
668
712
696
636
756
600
720
616
652
708
660
620
704
564
672
612
612
748
632
676
712
664
716
700
572
760
560
676
692
596
636
680
556
776
596
704
696
648
716
732
644
792
624
688
740
600
708
644
612
744
660
624
700
620
756
660
712
744
636
672
744
636
748
640
688
696
636
608
648
596
664
636
592
692
620
708
652
692
636
692
688
756
668
692
604
760
664
700
668
700
636
720
616
744
648
652
724
632
700
660
652
716
680
596
724
572
712
616
636
692
640
656
760
604
740
648
620
712
600
656
700
608
676
648
576
736
544
628
680
728
780
764
608
840
660
716
720
640
724
684
608
720
536
612
676
572
692
636
660
692
620
628
724
576
712
608
712
756
692
632
644
588
748
640
648
668
620
644
688
668
652
620
596
664
640
724
664
724
636
704
644
748
636
676
588
716
664
680
676
660
660
628
632
736
704
684
732
612
724
644
660
724
632
596
696
556
736
600
660
740
692
636
732
568
728
616
664
736
620
692
732
604
692
656
612
796
584
724
696
668
724
732
612
820
588
720
692
640
720
708
612
764
644
664
676
588
732
580
604
680
636
644
732
616
772
596
636
672
660
640
720
588
736
632
684
676
624
636
672
668
676
660
676
720
636
700
600
672
616
692
672
740
652
732
648
736
624
636
636
656
640
684
632
704
664
672
736
668
752
644
660
700
684
616
756
556
724
604
672
716
660
668
724
628
764
648
596
712
596
680
684
604
720
676
592
764
552
680
684
652
668
664
576
756
556
700
672
600
652
588
588
748
596
676
708
600
736
624
656
716
608
612
692
584
740
608
700
692
680
636
732
644
700
648
644
752
628
668
588
648
620
704
652
676
620
680
668
752
608
652
636
692
604
672
620
736
640
728
712
688
664
692
636
720
660
680
700
600
764
656
684
696
672
660
752
600
748
616
652
668
592
604
704
552
720
628
636
736
568
672
664
620
704
668
576
756
568
724
644
620
692
672
580
748
572
712
672
652
724
664
616
812
608
684
716
656
704
620
640
764
664
716
712
604
736
644
732
716
696
644
688
636
716
616
648
624
616
644
632
648
648
656
624
660
596
684
592
748
640
716
676
676
588
712
640
736
588
668
700
692
692
636
628
800
748
696
652
620
768
644
636
692
704
712
764
548
752
652
708
708
632
648
788
620
740
632
664
756
572
636
684
652
716
632
564
768
564
688
636
612
680
692
588
716
556
756
676
596
652
660
704
764
632
700
732
636
744
620
672
712
668
640
720
640
764
580
640
680
700
644
668
604
732
684
732
636
584
636
652
708
628
636
628
692
676
712
644
728
604
692
660
716
644
664
620
760
644
708
632
600
676
668
640
748
636
660
696
624
748
620
648
688
644
644
728
592
804
600
676
704
632
644
692
548
720
592
612
696
564
648
652
624
716
644
632
824
764
1068
1168
1320
1532
1644
1676
1916
1764
1944
1900
1864
1956
1940
1936
2092
1972
2056
2012
1948
2072
1960
2036
2008
1960
1968
2024
1916
2008
1892
1992
1948
1956
1948
2000
1952
2036
1964
2000
1928
1944
1956
1916
1916
1940
1944
1968
1932
1920
1948
1908
1968
1880
1960
1928
1920
1924
1952
1868
1984
1868
1976
1932
1900
1964
1948
1916
1968
1884
1900
1916
1784
1996
1892
1892
1928
1880
1924
1996
1796
2036
1868
1924
1940
1880
1924
1948
1788
1972
1884
1916
1952
1836
1972
1924
1860
1960
1884
1852
1952
1804
1976
1932
1884
1920
1880
1840
1948
1756
1900
1812
1812
1904
1880
1844
1928
1836
1944
1900
1824
1936
1852
1908
1884
1912
1920
1932
1828
1948
1840
1928
1844
1876
1868
1920
1860
1908
1860
1912
1844
1924
1868
1900
1896
1860
1924
1844
1788
1848
1832
1832
1860
1808
1888
1888
1892
1876
1912
1868
1984
1764
1884
1836
1772
1868
1860
1856
1948
1828
1876
1888
1796
1932
1772
1860
1864
1832
1856
1916
1744
1960
1796
1876
1876
1796
1868
1900
1772
1920
1752
1852
1944
1800
1900
1852
1784
1888
1824
1812
1928
1724
1876
1836
1832
1876
1812
1776
1928
1736
1952
1848
1856
1824
1824
1800
1900
1756
1876
1820
1796
1880
1836
1868
1836
1800
1820
1856
1792
1880
1768
1876
1788
1804
1788
1820
1772
1820
1820
1932
1832
1868
1824
1832
1888
1788
1852
1844
1776
1780
1840
1804
1860
1692
1836
1792
1804
1784
1816
1776
1932
1736
1820
1784
1784
1868
1812
1780
1828
1748
1840
1832
1728
1884
1752
1768
1828
1760
1800
1860
1728
1924
1724
1808
1816
1748
1784
1800
1712
1920
1764
1800
1820
1688
1800
1764
1732
1788
1724
1708
1808
1648
1812
1724
1772
1772
1732
1708
1864
1668
1820
1744
1788
1776
1756
1740
1820
1708
1756
1764
1740
1828
1764
1796
1728
1720
1736
1796
1700
1804
1740
1884
1780
1800
1736
1772
1748
1796
1764
1812
1728
1756
1732
1772
1792
1704
1756
1712
1736
1756
1760
1716
1820
1688
1816
1740
1776
1780
1760
1716
1840
1724
1848
1772
1744
1760
1704
1736
1804
1660
1756
1776
1688
1816
1676
1752
1768
1656
1740
1808
1648
1828
1616
1768
1796
1692
1760
1768
1668
1820
1676
1736
1748
1640
1740
1700
1684
1780
1688
1724
1828
1632
1812
1708
1752
1756
1708
1724
1804
1648
1828
1696
1700
1728
1684
1708
1768
1672
1756
1720
1700
1736
1628
1728
1700
1732
1704
1740
1712
1800
1684
1784
1688
1752
1716
1740
1708
1732
1684
1716
1668
1744
1664
1632
1704
1668
1728
1724
1676
1708
1656
1652
1796
1660
1756
1672
1700
1728
1724
1660
1756
1596
1748
1676
1652
1732
1648
1644
1732
1648
1728
1660
1612
1820
1640
1732
1728
1676
1724
2056
2540
3292
3664
4428
5096
5756
6520
7160
7572
8048
8128
8372
8496
8468
8608
8588
8572
8700
8640
8652
8720
8572
8748
8664
8680
8648
8604
8580
8712
8564
8716
8584
8600
8608
8612
8592
8620
8532
8584
8552
8552
8592
8512
8532
8488
8480
8476
8476
8428
8480
8428
8500
8396
8496
8452
8456
8404
8440
8408
8452
8360
8456
8400
8408
8408
8396
8376
8452
8380
8444
8352
8364
8376
8384
8464
8348
8312
8316
8360
8324
8420
8216
8412
8300
8316
8372
8272
8320
8372
8260
8380
8332
8244
8400
8240
8316
8280
8208
8276
8272
8164
8388
8172
8288
8244
8200
8312
8264
8168
8324
8176
8280
8268
8172
8292
8188
8164
8220
8164
8184
8228
8072
8280
8156
8204
8204
8156
8148
8188
8064
8236
8104
8148
8100
8148
8128
8188
8104
8172
8072
8044
8132
8108
8116
8040
8064
8076
8104
8044
8076
8036
8116
8004
8152
8008
8084
8020
8048
8032
8088
7928
8088
8036
8036
8020
7944
8092
8036
7996
7980
7980
8000
8140
7948
8056
7968
8044
8048
7936
7884
7980
7884
8076
7896
7892
7980
7912
7920
7924
7812
7980
7916
7856
7980
7852
7964
7936
7848
7928
7904
7788
8004
7752
7892
7880
7836
7912
7888
7792
7964
7772
7884
7848
7780
7924
7788
7780
7900
7800
7816
7824
7744
7936
7764
7812
7800
7828
7800
7844
7716
7860
7720
7772
7744
7716
7756
7776
7732
7792
7708
7700
7804
7708
7700
7692
7740
7732
7732
7700
7772
7696
7712
7632
7732
7660
7752
7692
7696
7700
7704
7624
7724
7644
7692
7700
7576
7692
7620
7640
7704
7636
7592
7676
7536
7724
7576
7572
7616
7576
7596
7684
7532
7708
7516
7516
7596
7536
7596
7620
7476
7632
7536
7516
7660
7476
7556
7544
7512
7576
7540
7444
7652
7420
7572
7516
7484
7560
7496
7436
7588
7404
7516
7528
7436
7536
7432
7420
7516
7436
7472
7516
7412
7544
7380
7444
7436
7440
7400
7468
7384
7500
7344
7420
7404
7388
7396
7416
7364
7408
7368
7408
7420
7376
7428
7340
7404
7332
7380
7364
7404
7312
7396
7300
7376
7300
7356
7292
7332
7328
7356
7276
7372
7308
7348
7396
7264
7344
7272
7284
7328
7276
7260
7344
7216
7388
7236
7280
7292
7208
7208
7292
7132
7316
7156
7204
7292
7180
7232
7272
7164
7304
7248
7196
7300
7104
7244
7212
7180
7216
7160
7088
7240
7064
7220
7192
7140
7204
7148
7096
7224
7044
7176
7172
7116
7196
7100
7108
7176
7096
7124
7124
7052
7204
7068
7164
7128
7080
7068
7160
7068
7172
7020
7108
7060
7052
7072
7088
7060
7044
7012
7020
7048
7000
7064
7004
7068
6980
7076
7028
7052
6980
7052
6968
7100
6988
7040
7000
6992
6984
7028
6980
7064
6916
6988
7024
6932
7064
6948
6980
7028
6884
6976
6980
6904
6996
6868
6944
7004
6948
6892
6988
6796
7016
6844
6880
6948
6840
6932
6948
6856
6932
6840
6824
6984
6812
6956
6912
6852
6880
6820
6808
6988
6760
6916
6860
6848
6872
6812
6780
6928
6740
6912
6832
6784
6864
6816
6816
6880
6780
6828
6860
6764
6908
6768
6820
6804
6760
6752
6768
6684
6812
6740
6852
6764
6744
6692
6732
6712
6760
6716
6744
6740
6716
6772
6708
6760
6648
6784
6740
6764
6708
6712
6612
6792
6656
6736
6684
6668
6712
6708
6620
6712
6600
6700
6724
6576
6672
6616
6684
6708
6604
6648
6700
6556
6716
6552
6648
6692
6628
6608
6696
6544
6756
6556
6596
6644
6532
6612
6632
6516
6624
6572
6548
6608
6440
6604
6568
6528
6572
6548
6508
6628
6412
6620
6524
6568
6604
6544
6484
6612
6472
6604
6564
6496
6584
6496
6540
6548
6500
6500
6512
6420
6540
6412
6560
6516
6508
6448
6528
6508
6520
6372
6464
6444
6508
6448
6440
6416
6428
6452
6516
6376
6400
6464
6400
6508
6396
6472
6388
6412
6372
6488
6364
6512
6284
6428
6388
6428
6432
6376
6344
6476
6376
6428
6404
6304
6428
6340
6376
6392
6316
6384
6420
6268
6484
6300
6348
6360
6296
6388
6404
6240
6404
6220
6288
6368
6228
6312
6276
6172
6340
6268
6284
6372
6160
6356
6272
6276
6316
6268
6176
6332
6116
6336
6240
6216
6264
6220
6228
6292
6136
6252
6248
6204
6296
6196
6268
6260
6220
6256
6284
6188
6284
6148
6268
6188
6180
6160
6208
6132
6220
6116
6196
6136
6156
6164
6180
6144
6156
6156
6164
6140
6148
6152
6104
6168
6096
6212
6156
6140
6064
6120
6072
6196
6044
6148
6092
6072
6108
6124
6076
6132
6028
6136
6144
6044
6156
6036
6064
6108
6032
6124
6140
5964
6184
5996
6096
6068
5988
6052
6144
6012
6188
6012
6052
6048
5976
6084
6064
5972
6080
5956
5996
6128
5932
6076
5980
5980
6044
6012
5988
6096
5908
6072
5972
5972
6004
5988
5964
6032
5888
6044
5992
5944
6004
5904
5968
5924
5884
5896
5936
5860
6004
5876
5988
5884
5928
5940
6004
5900
5932
5852
5972
5896
5964
5896
5892
5868
5872
5896
5892
5872
5896
5916
5872
5900
5768
5888
5860
5860
5876
5884
5824
5912
5740
5884
5840
5844
5868
5852
5848
5932
5776
5892
5836
5756
5884
5788
5864
5872
5776
5864
5884
5704
5888
5744
5796
5824
5700
5748
5860
5688
5920
5636
5780
5796
5720
5836
5756
5712
5852
5788
5764
5800
5680
5808
5752
5724
5788
5704
5724
5816
5596
5820
5680
5736
5716
5732
5696
5808
5612
5760
5672
5680
5724
5660
5700
5708
5676
5692
5700
5624
5744
5628
5748
5628
5692
5644
5684
5644
5692
5636
5672
5600
5680
5676
5680
5676
5624
5684
5640
5620
5636
5596
5564
5732
5588
5656
5552
5608
5628
5624
5564
5628
5488
5672
5644
5552
5592
5556
5604
5652
5476
5592
5620
5568
5656
5512
5636
5640
5512
5544
5576
5468
5648
5484
5580
5596
5528
5584
5580
5428
5624
5484
5584
5576
5440
5568
5528
5464
5572
5468
5512
5568
5388
5556
5468
5500
5516
5484
5464
5548
5384
5560
5432
5472
5492
5476
5484
5528
5384
5512
5480
5464
5512
5440
5484
5408
5392
5428
5524
5440
5492
5396
5476
5404
5440
5384
5436
5440
5460
5392
5452
5372
5412
5368
5424
5424
5376
5372
5400
5420
5428
5368
5316
5420
5344
5480
5368
5336
5360
5404
5364
5436
5236
5424
5332
5308
5360
5340
5328
5380
5252
5396
5356
5304
5388
5244
5332
5388
5268
5300
5328
5212
5444
5208
5328
5296
5292
5396
5384
5232
5396
5200
5348
5360
5228
5336
5292
5236
5356
5232
5264
5288
5108
5272
5252
5280
5272
5236
5208
5332
5164
5332
5188
5212
5224
5208
5228
5284
5180
5276
5212
5216
5260
5196
5276
5224
5204
5188
5188
5160
5228
5152
5232
5200
5244
5148
5188
5148
5180
5152
5248
5132
5228
5124
5156
5140
5140
5176
5120
5100
5148
5136
5176
5192
5040
5164
5112
5132
5160
5120
5112
5200
5044
5224
5124
5132
5180
5116
5112
5160
5020
5180
5140
5060
5216
5092
5104
5072
5012
5108
5144
5000
5188
5028
5168
5104
5008
5096
5116
5020
5148
4972
5120
5104
4968
5100
5028
5028
5080
4988
5044
5116
4964
5108
5004
5064
5056
5008
5012
5092
4952
5116
5020
5040
5000
4984
4972
4992
4940
5064
5008
5004
5004
4956
5008
4984
4980
4972
5000
4956
5004
4948
5004
4912
4960
4920
5004
4972
4996
4940
4988
4880
4976
4916
4944
4940
4876
4980
4976
4964
4944
4908
4892
4988
4844
5020
4916
4940
4948
4928
4908
4988
4812
4984
4892
4892
4928
4860
4888
4948
4768
4940
4892
4808
4956
4788
4924
4900
4844
4900
4908
4804
4956
4744
4940
4844
4848
4844
4900
4744
4924
4664
4948
4864
4824
4852
4824
4780
4892
4800
4828
4892
4756
4940
4744
4780
4776
4800
4784
4876
4704
4892
4732
4812
4748
4780
4756
4848
4740
4844
4824
4820
4816
4724
4812
4744
4748
4740
4800
4760
4796
4724
4792
4680
4772
4664
4732
4712
4776
4788
4804
4692
4752
4652
4716
4752
4724
4772
4688
4696
4760
4748
4700
4720
4592
4808
4728
4692
4700
4724
4736
4800
4592
4764
4684
4716
4740
4640
4672
4748
4632
4756
4648
4600
4768
4560
4668
4676
4640
4724
4700
4620
4764
4568
4724
4612
4588
4664
4664
4604
4704
4492
4644
4632
4584
4672
4608
4588
4636
4552
4616
4648
4508
4676
4568
4636
4636
4580
4584
4632
4512
4660
4564
4620
4580
4576
4612
4624
4572
4608
4588
4604
4588
4540
4580
4532
4604
4564
4596
4548
4576
4492
4572
4492
4600
4532
4624
4536
4548
4544
4596
4492
4600
4516
4588
4584
4488
4576
4508
4500
4556
4496
4508
4532
4364
4584
4484
4540
4548
4472
4476
4604
4400
4572
4452
4524
4556
4428
4480
4492
4396
4512
4472
4416
4576
4408
4556
4476
4396
4548
4528
4420
4576
4380
4552
4476
4420
4512
4512
4440
4492
4320
4500
4484
4376
4460
4396
4432
4520
4416
4452
4432
4356
4556
4408
4452
4416
4412
4396
4480
4356
4496
4368
4412
4356
4404
4428
4440
4360
4412
4380
4400
4396
4356
4412
4368
4404
4348
4404
4396
4424
4380
4424
4300
4396
4312
4396
4316
4328
4360
4388
4320
4408
4328
4388
4348
4292
4388
4316
4292
4328
4260
