19769
19797
4949

3876
3876
3948
3928
3936
3884
3932
3864
3980
3888
3864
3908
3912
3848
3908
3884
3852
3956
3908
3932
3884
3836
3900
3920
3848
3864
3852
3908
3884
3832
3828
3972
3828
3980
3768
3884
3884
3868
3836
3928
3764
3968
3812
3848
3912
3820
3908
3892
3728
3932
3868
3808
3944
3708
3912
3888
3812
3844
3804
3760
3964
3732
3912
3876
3820
3824
3832
3748
3936
3708
3840
3848
3700
3864
3760
3728
3884
3732
3780
3876
3676
3880
3736
3788
3800
3720
3716
3856
3676
3872
3704
3796
3808
3740
3784
3800
3720
3792
3768
3768
3816
3732
3796
3768
3804
3780
3820
3700
3776
3672
3736
3704
3748
3652
3792
3732
3768
3688
3752
3712
3792
3716
3740
3740
3708
3780
3724
3736
3732
3664
3692
3804
3616
3820
3664
3740
3740
3692
3736
3804
3580
3804
3624
3688
3776
3640
3728
3748
3604
3784
3676
3648
3792
3608
3772
3692
3628
3692
3668
3616
3832
3560
3740
3676
3624
3732
3688
3600
3784
3564
3720
3716
3592
3724
3640
3624
3732
3604
3676
3736
3528
3736
3600
3696
3696
3592
3620
3708
3516
3700
3568
3628
3628
3580
3636
3640
3592
3672
3644
3608
3672
3576
3664
3588
3608
3552
3688
3592
3644
3516
3616
3592
3636
3560
3600
3524
3596
3612
3588
3536
3612
3552
3624
3644
3540
3612
3520
3536
3612
3592
3544
3600
3460
3604
3488
3620
3580
3472
3520
3660
3464
3680
3452
3516
3588
3564
3636
3580
3412
3588
3496
3552
3648
3420
3628
3596
3516
3564
3520
3484
3652
3416
3636
3580
3500
3540
3484
3452
3620
3404
3560
3524
3420
3612
3508
3464
3580
3436
3476
3540
3368
3572
3408
3492
3524
3468
3476
3604
3420
3580
3412
3484
3468
3448
3472
3528
3448
3480
3476
3444
3472
3436
3492
3452
3500
3452
3516
3460
3484
3424
3468
3440
3504
3388
3524
3452
3448
3452
3456
3464
3516
3352
3404
3468
3416
3484
3376
3452
3484
3420
3456
3496
3332
3540
3340
3428
3440
3372
3396
3484
3304
3576
3384
3436
3492
3320
3420
3456
3316
3488
3348
3364
3488
3292
3484
3428
3348
3420
3376
3332
3516
3224
3436
3336
3308
3420
3392
3300
3468
3268
3424
3384
3304
3428
3348
3332
3400
3300
3376
3440
3248
3440
3276
3356
3356
3336
3384
3460
3276
3396
3276
3372
3324
3320
3316
3372
3336
3396
3352
3348
3372
3308
3344
3324
3364
3288
3348
3276
3328
3300
3356
3308
3356
3224
3352
3352
3280
3336
3260
3272
3368
3260
3408
3300
3296
3332
3236
3312
3300
3244
3308
3372
3176
3388
3204
3308
3340
3220
3284
3360
3200
3388
3184
3268
3384
3224
3292
3264
3184
3380
3260
3248
3336
3172
3372
3288
3204
3292
3240
3220
3348
3084
3336
3240
3216
3280
3200
3212
3388
3124
3276
3300
3236
3364
3192
3228
3244
3164
3228
3276
3156
3356
3212
3300
3248
3228
3228
3268
3112
3268
3132
3260
3204
3208
3192
3224
3160
3204
3192
3220
3208
3180
3188
3196
3252
3160
3252
3196
3208
3152
3188
3168
3276
3116
3260
3120
3172
3180
3192
3180
3228
3076
3200
3196
3140
3212
3100
3180
3212
3100
3172
3208
3068
3288
3068
3192
3180
3108
3164
3244
3068
3248
3020
3156
3188
3060
3204
3180
3060
3220
3084
3100
3200
3004
3192
3128
3148
3224
3144
3100
3232
3020
3216
3088
3072
3172
3148
3116
3216
3032
3172
3124
3076
3172
3068
3132
3152
3036
3116
3156
3064
3212
3048
3156
3112
3092
3108
3148
3024
3164
3040
3124
3064
3040
3084
3088
3060
3072
3056
3084
3096
3060
3092
3064
3132
3028
3116
3036
3100
3024
3064
3052
3212
2980
3112
3008
3072
3056
3036
3048
3112
3024
3148
3108
3028
3056
2972
3140
3124
3012
3068
3084
2940
3156
2936
3040
3036
2972
3056
3076
2916
3188
2928
3036
3044
2924
3108
3064
2916
3068
2952
3056
3136
2868
3040
2960
2980
3080
2968
2964
3116
2888
3124
3012
3020
3068
2956
2936
3044
2892
3068
3008
2920
3024
2964
3012
3032
2932
2992
3060
2904
3048
2916
3004
2964
2952
2944
3028
2920
3028
2880
3000
2956
2980
2924
2980
2944
2948
2968
2976
2972
2972
2984
2972
3040
2896
3024
2948
2984
2940
2948
2924
3036
2856
3012
2928
2948
2976
2956
2964
3020
2872
3020
2928
2884
3020
2876
2984
2980
2892
2972
2972
2812
3024
2824
2972
2952
2888
2944
2964
2812
3036
2808
2972
2952
2796
2960
2920
2804
2980
2824
2892
2984
2764
2972
2880
2900
2984
2892
2872
2992
2776
2992
2840
2884
2944
2888
2840
2948
2804
2972
2892
2844
2948
2872
2924
2948
2844
2884
2904
2828
2984
2848
2904
2836
2844
2852
2944
2820
2900
2812
2920
2848
2828
2840
2864
2832
2844
2856
2868
2856
2876
2864
2876
2900
2796
2892
2816
2864
2864
2840
2836
2928
2780
2952
2804
2884
2788
2820
2832
2912
2736
2880
2728
2864
2892
2800
2860
2852
2756
2844
2884
2716
2956
2748
2892
2836
2736
2864
2860
2700
2916
2692
2852
2872
2716
2884
2836
2776
2872
2676
2768
2908
2660
2852
2748
2784
2884
2784
2768
2852
2636
2884
2724
2744
2816
2788
2812
2892
2696
2844
2812
2768
2856
2744
2788
2824
2724
2756
2812
2716
2828
2696
2764
2732
2732
2712
2772
2676
2788
2724
2800
2724
2760
2728
2768
2744
2732
2792
2784
2764
2780
2744
2760
2824
2680
2812
2740
2768
2804
2756
2716
2828
2652
2856
2716
2704
2748
2700
2732
2796
2620
2780
2680
2612
2760
2612
2712
2704
2640
2744
2760
2648
2820
2584
2760
2720
2620
2736
2724
2624
2844
2584
2736
2716
2588
2768
2692
2616
2788
2620
2712
2792
2616
2804
2624
2664
2760
2656
2680
2764
2560
2812
2684
2712
2688
2664
2672
2764
2620
2748
2684
2640
2704
2620
2668
2660
2648
2664
2696
2608
2712
2580
2684
2604
2648
2600
2688
2564
2672
2600
2680
2608
2652
2620
2652
2644
2608
2680
2644
2636
2668
2644
2644
2688
2568
2696
2616
2660
2676
2604
2660
2724
2576
2772
2608
2636
2672
2616
2640
2704
2520
2716
2608
2616
2708
2552
2648
2688
2572
2636
2580
2524
2760
2484
2652
2556
2544
2668
2664
2524
2700
2488
2672
2624
2496
2708
2604
2528
2684
2512
2644
2652
2444
2676
2564
2652
2708
2612
2616
2680
2508
2716
2540
2600
2588
2520
2540
2588
2476
2628
2548
2536
2572
2536
2576
2620
2560
2568
2564
2516
2604
2516
2580
2556
2600
2524
2612
2512
2608
2516
2612
2532
2616
2556
2620
2580
2564
2556
2556
2548
2580
2532
2544
2580
2472
2616
2508
2556
2564
2528
2564
2628
2428
2648
2504
2560
2580
2476
2552
2580
2432
2592
2484
2496
2612
2444
2596
2580
2496
2628
2596
2516
2652
2412
2620
2528
2452
2568
2544
2408
2604
2368
2560
2528
2440
2588
2496
2452
2568
2424
2552
2568
2404
2612
2456
2500
2524
2448
2508
2588
2380
2588
2456
2508
2492
2476
2492
2548
2408
2556
2492
2504
2528
2484
2520
2508
2476
2488
2524
2396
2460
2400
2508
2472
2520
2420
2496
2432
2528
2452
2552
2460
2508
2420
2544
2476
2456
2480
2456
2468
2524
2436
2492
2500
2384
2572
2432
2500
2460
2400
2472
2524
2344
2548
2348
2452
2440
2396
2456
2524
2296
2604
2384
2468
2460
2348
2468
2524
2424
2500
2444
2336
2564
2324
2524
2464
2388
2520
2460
2364
2540
2304
2504
2452
2356
2492
2404
2352
2472
2304
2452
2464
2300
2488
2356
2472
2464
2348
2428
2480
2288
2476
2332
2448
2436
2376
2388
2428
2356
2452
2340
2372
2352
2340
2380
2360
2380
2428
2452
2400
2416
2364
2468
2376
2404
2340
2448
2376
2428
2348
2428
2352
2428
2308
2384
2332
2340
2400
2368
2356
2428
2332
2412
2424
2288
2476
2332
2380
2364
2316
2352
2400
2244
2500
2304
2392
2372
2304
2408
2408
2260
2440
2296
2316
2428
2264
2440
2348
2260
2380
2340
2276
2468
2236
2448
2348
2288
2372
2328
2256
2452
2204
2404
2332
2256
2400
2340
2324
2444
2276
2384
2372
2236
2424
2248
2288
2332
2288
2312
2364
2216
2396
2232
2340
2308
2300
2296
2328
2296
2364
2308
2296
2344
2268
2340
2304
2292
2260
2344
2240
2324
2304
2392
2268
2320
2232
2364
2268
2332
2280
2324
2280
2360
2244
2324
2276
2240
2284
2236
2248
2308
2228
2304
2352
2200
2372
2184
2240
2224
2256
2332
2372
2136
2360
2176
2300
2288
2168
2272
2288
2212
2480
2240
2248
2316
2164
2360
2260
2244
2356
2292
2228
2412
2168
2372
2228
2236
2348
2284
2188
2344
2092
2340
2268
2248
2304
2220
2184
2324
2188
2312
2260
2120
2340
2212
2300
2288
2172
2208
2256
2156
2348
2168
2204
2188
2212
2216
2272
2164
2244
2172
2260
2260
2220
2204
2204
2208
2216
2256
2192
2236
2188
2276
2204
2260
2188
2272
2160
2212
2184
2220
2176
2284
2152
2268
2180
2172
2200
2176
2216
2256
2148
2232
2236
2104
2304
2140
2224
2236
2140
2204
2268
2140
2392
2136
2240
2272
2164
2252
2204
2060
2308
2156
2196
2268
2120
2288
2192
2120
2244
2200
2156
2304
2040
2272
2148
2128
2208
2176
2128
2268
2040
2264
2188
2144
2276
2172
2176
2264
2124
2204
2200
2052
2264
2092
2168
2168
2172
2184
2236
2048
2224
2092
2208
2148
2152
2156
2216
2132
2212
2148
2152
2164
2148
2148
2112
2160
2136
2208
2112
2188
2184
2200
2120
2196
2124
2220
2104
2160
2152
2136
2092
2172
2056
2204
2136
2104
2188
2120
2160
2180
2084
2188
2184
2040
2244
2060
2172
2140
2056
2124
2172
2008
2292
2032
2156
2132
2032
2140
2124
2036
2224
2096
2136
2204
2044
2164
2104
2000
2092
2104
2064
2252
1928
2200
2076
2108
2204
2108
2072
2228
2012
2164
2060
2060
2204
2116
2076
2168
2000
2120
2120
2016
2176
2036
2104
2092
2076
2132
2168
2012
2148
2012
2104
2072
2128
2092
2144
2052
2136
2120
2132
2124
2084
2060
2056
2124
2032
2064
2032
2104
2120
2084
2040
2072
1988
2140
2016
2060
2084
2108
2056
2136
1996
2132
2052
2012
2112
2028
2076
2144
2028
2068
2092
1976
2180
1972
2060
2048
2016
2084
2096
1960
2236
1996
2044
2072
1968
2156
2092
1992
2152
2064
2056
2112
1908
2132
2040
2000
2108
2036
2004
2140
1892
2164
2004
1976
2060
2020
1964
2112
1896
2084
2012
1984
2104
2036
2028
2068
1932
2052
2040
1936
2112
1996
2068
2044
2004
2008
2048
1972
2056
1936
1988
1996
2016
2032
2032
1976
1996
1992
1992
1988
1988
2008
1980
2012
1988
2116
1980
2012
2008
2028
2004
2084
1940
2112
1988
2012
1988
1988
1968
2040
1916
2060
2004
1936
2028
1932
1988
1960
1940
2060
2028
1860
2076
1908
2072
2028
1924
2044
2076
1936
2112
1824
1996
2052
1936
2036
1944
1876
2112
1924
1976
2012
1860
2092
1992
1900
1980
1928
1924
2052
1880
2140
1944
1948
2004
1956
1928
2060
1868
2032
1972
1936
2024
1904
1896
1972
1932
2048
2000
1872
2044
1928
2020
1948
1920
1924
2000
1904
2020
1888
1960
1892
1912
1888
1972
1888
1964
1920
1992
1968
1976
1944
1932
1996
1956
2048
1920
1924
1916
1920
1940
2044
1868
2032
1880
1928
1956
1936
1920
1968
1864
2008
1952
1896
1984
1876
1960
1980
1876
2000
1964
1864
2092
1864
1964
1956
1868
1932
1964
1832
2084
1848
1988
1964
1852
2004
1932
1836
2008
1828
1916
1972
1804
2020
1864
1892
2024
1912
1892
2000
1772
2040
1888
1908
1948
1888
1844
1984
1812
1984
1868
1852
1948
1844
1876
1900
1844
1920
1928
1816
1952
1852
1904
1852
1912
1904
1952
1836
1948
1868
1948
1880
1920
1876
1928
1860
1900
1880
1880
1864
1884
1872
1872
1904
2068
2740
3296
4028
4656
5296
5828
6276
6400
6728
6600
6716
6780
6756
6772
6852
6708
6892
6808
6812
6932
6840
6912
6916
6836
6936
6888
6764
6984
6752
6900
6868
6772
6864
6844
6704
6928
6648
6832
6820
6700
6832
6756
6652
6820
6636
6692
6756
6600
6836
6592
6684
6744
6628
6636
6732
6472
6852
6588
6684
6652
6620
6592
6688
6540
6704
6628
6688
6720
6588
6596
6684
6596
6656
6632
6552
6720
6600
6680
6616
6632
6612
6652
6556
6652
6552
6648
6584
6652
6592
6604
6524
6572
6556
6564
6532
6572
6520
6508
6584
6460
6596
6452
6504
6552
6512
6504
6596
6440
6616
6436
6536
6580
6476
6476
6552
6436
6612
6428
6420
6524
6404
6480
6472
6404
6552
6476
6364
6564
6372
6520
6456
6336
6448
6440
6372
6572
6292
6464
6460
6372
6520
6420
6332
6524
6360
6456
6432
6288
6496
6352
6364
6436
6380
6380
6460
6252
6500
6324
6368
6396
6296
6304
6412
6276
6440
6344
6332
6376
6264
6268
6336
6328
6364
6328
6284
6360
6248
6300
6312
6312
6300
6300
6248
6368
6300
6328
6240
6332
6256
6300
6268
6280
6300
6260
6236
6284
6256
6232
6252
6188
6392
6216
6260
6252
6208
6236
6292
6128
6320
6184
6236
6268
6204
6200
6180
6072
6308
6160
6120
6224
6140
6248
6220
6100
6196
6180
6144
6316
6040
6220
6180
6128
6192
6128
6052
6340
6048
6168
6136
6088
6244
6108
6020
6220
6092
6172
6148
6040
6260
6072
6096
6144
6052
6112
6228
6000
6156
6004
6084
6140
6048
6024
6124
6036
6204
6064
6024
6080
6044
6060
6076
6036
6084
6032
5996
6116
6032
6092
5992
5996
5952
6084
6020
6084
5932
5984
5956
6064
5968
6012
5944
5996
6020
6048
6044
6092
5972
5956
6000
5928
6064
5896
5928
5948
5900
5964
6012
5872
6056
5852
5948
6012
5948
5972
6000
5852
6048
5900
5880
5976
5840
5980
5944
5828
5972
5896
5824
6024
5784
5940
5872
5800
5932
5924
5800
6012
5772
5956
5892
5820
5980
5872
5824
5996
5788
5888
5884
5792
5968
5808
5832
5888
5792
5816
5868
5696
5916
5760
5836
5836
5820
5816
5868
5708
5872
5744
5772
5848
5800
5784
5824
5788
5812
5764
5692
5824
5732
5812
5748
5784
5708
5828
5724
5780
5712
5804
5724
5832
5720
5788
5708
5732
5800
5740
5684
5736
5648
5728
5756
5668
5828
5652
5728
5740
5676
5700
5740
5596
5864
5632
5740
5708
5632
5692
5740
5556
5756
5584
5640
5740
5600
5724
5680
5608
5752
5640
5564
5744
5528
5696
5592
5528
5660
5628
5576
5748
5500
5700
5604
5548
5700
5596
5548
5684
5524
5668
5628
5552
5700
5528
5588
5640
5612
5532
5676
5500
5724
5500
5588
5496
5620
5508
5644
5484
5660
5528
5540
5580
5540
5564
5564
5524
5528
5508
5496
5568
5508
5532
5512
5568
5492
5540
5492
5596
5564
5520
5444
5548
5404
5516
5440
5468
5512
5456
5444
5512
5420
5488
5480
5376
5560
5432
5472
5476
5416
5448
5468
5356
5600
5380
5448
5456
5400
5492
5524
5340
5520
5388
5436
5516
5344
5420
5428
5360
5496
5380
5332
5544
5324
5484
5368
5328
5428
5372
5264
5480
5280
5476
5352
5292
5460
5380
5312
5456
5296
5416
5400
5268
5452
5284
5372
5404
5336
5328
5416
5292
5464
5292
5340
5332
5320
5300
5372
5256
5436
5304
5340
5280
5320
5292
5364
5276
5356
5304
5276
5284
5288
5272
5252
5304
5264
5340
5208
5260
5232
5280
5208
5348
5228
5320
5232
5256
5288
5204
5212
5272
5216
5276
5268
5148
5312
5200
5280
5280
5180
5224
5196
5112
5372
5148
5228
5196
5164
5248
5252
5052
5264
5120
5248
5284
5096
5240
5164
5104
5268
5152
5148
5288
5052
5232
5116
5116
5240
5124
5072
5276
5080
5280
5120
5068
5168
5100
5068
5200
5028
5180
5164
5072
5228
5068
5144
5176
5112
5124
5132
5032
5240
4996
5120
5136
5152
5080
5088
5004
5184
5076
5100
5056
5064
5096
5124
5064
5044
5084
5052
5116
5052
5088
4996
5088
4996
5132
5032
5076
5000
5008
4972
5112
4988
5068
4960
4984
5096
5036
4988
5052
4972
5052
5052
4952
5136
4932
4992
5016
4992
5020
5052
4876
5104
4908
5036
4984
4936
5016
5024
4868
5124
4952
5008
5020
4908
5032
5016
4888
5048
4888
4920
5028
4836
5044
4932
4880
5000
4920
4856
5052
4820
5036
4908
4892
5000
4892
4864
4964
4828
4960
4920
4816
4932
4840
4884
4932
4884
4912
4956
4812
5024
4836
4924
4864
4888
4876
4896
4804
4948
4864
4912
4892
4888
4864
4876
4844
4860
4928
4844
4848
4860
4908
4848
4892
4784
4924
4796
4852
4860
4844
4772
4840
4732
4892
4796
4796
4868
4760
4804
4852
4756
4848
4832
4732
4912
4704
4804
4844
4772
4844
4844
4684
4916
4652
4792
4772
4696
4784
4752
4648
4880
4732
4836
4860
4696
4856
4752
4700
4840
4732
4728
4840
4628
4840
4692
4708
4804
4736
4684
4836
4612
4824
4680
4664
4776
4664
4672
4764
4632
4760
4724
4660
4816
4628
4668
4708
4668
4700
4696
4608
4804
4608
4788
4656
4760
4636
4708
4608
4744
4652
4628
4648
4648
4636
4648
4636
4628
4692
4640
4664
4624
4636
4616
4700
4596
4740
4620
4652
4652
4612
4564
4672
4568
4684
4588
4580
4644
4560
4592
4620
4548
4628
4636
4528
4740
4496
4644
4624
4572
4616
4632
4496
4756
4480
4636
4624
4544
4608
4624
4488
4732
4488
4576
4600
4476
4636
4604
4540
4620
4488
4496
4636
4428
4636
4504
4560
4588
4476
4468
4616
4404
4620
4480
4508
4604
4504
4500
4576
4472
4588
4512
4416
4620
4496
4516
4508
4500
4540
4548
4436
4584
4452
4552
4460
4492
4424
4504
4444
4548
4428
4452
4412
4476
4404
4420
4444
4460
4508
4448
4476
4480
4460
4408
4460
4372
4540
4384
4456
4436
4440
4400
4492
4368
4528
4428
4440
4524
4424
4436
4472
4368
4456
4392
4388
4584
4332
4392
4388
4412
4476
4396
4236
4504
4316
4488
4392
4268
4444
4428
4308
4496
4272
4400
4428
4244
4420
4332
4364
4480
4272
4300
4428
4232
4444
4272
4308
4460
4372
4324
4396
4224
4440
4316
4316
4424
4340
4336
4356
4236
4364
4320
4272
4400
4240
4336
4352
4316
4304
4324
4220
4348
4240
4352
4288
4332
4272
4304
4248
4316
4308
4292
4240
4296
4308
4300
4304
4276
4284
4208
4256
4320
4240
4184
4336
4220
4368
4192
4244
4212
4220
4280
4352
4200
4344
4148
4216
4316
4212
4232
4252
4144
4296
4268
4172
4348
4140
4244
4220
4188
4244
4236
4068
4356
4068
4236
4212
4112
4240
4224
4156
4344
4128
4188
4216
4104
4272
4156
4140
4252
4172
4156
4284
4040
4256
4100
4180
4256
4176
4132
4268
4088
4236
4096
4100
4228
4136
4144
4216
4100
4200
4152
4064
4168
4056
4172
4128
4124
4092
4116
4056
4204
4072
4132
4040
4128
4108
4164
4100
4140
4080
4080
4108
4172
4116
4096
4120
4096
4224
4084
4116
4108
4048
4044
4156
4020
4136
4044
4100
4104
4084
4060
4160
4020
4160
4044
4084
4136
4008
4072
4116
3996
4108
4024
3928
4156
3932
4088
4036
3972
4084
4052
3940
4204
3900
4084
4048
3992
4092
4012
3928
4124
3900
4048
4056
3960
4120
3960
3968
4088
3972
3984
4056
3896
4104
3964
3976
4060
3956
3924
4036
3884
4072
3936
3952
4020
3940
3964
4024
3912
4008
3972
3940
4056
3936
4020
3996
3956
3928
3972
3884
3992
3884
3980
3924
3988
3884
3980
3864
3988
3912
3896
3932
3984
3972
3932
3968
3880
3984
3884
3944
3968
3952
3924
3964
3812
4024
3812
3900
3896
3876
3884
3992
3832
3972
3840
3868
3956
3800
3892
3920
3808
3988
3900
3848
4044
3780
3932
3900
3852
3952
3884
3788
4052
3780
3924
3868
3812
3876
3868
3780
4008
3768
3924
3888
3832
3944
3812
3788
3948
3808
3824
3888
3732
3952
3764
3840
3884
3832
3820
3904
3744
3916
3776
3836
3840
3780
3780
3868
3776
3860
3796
3780
3832
3764
3828
3792
3860
3816
3820
3744
3848
3784
3820
3740
3852
3740
3820
3704
3748
3764
3836
3748
3800
3704
3808
3836
3760
3836
3692
3764
3780
3724
3732
3832
3680
3880
3708
3788
3788
3736
3704
3812
3696
3840
3680
3776
3852
3704
3764
3772
3660
3820
3660
3608
3836
3676
3832
3720
3652
3800
3772
3644
3836
3544
3792
3744
3688
3748
3648
3608
3800
3580
3712
3728
3648
3812
3652
3684
3788
3636
3632
3720
3600
3788
3580
3640
3676
3672
3696
3760
3568
3716
3592
3672
3708
3628
3640
3708
3628
3684
3644
3612
3712
3612
3664
3632
3688
3660
3680
3632
3700
3640
3692
3612
3676
3568
3680
3604
3660
3632
3620
3624
3672
3544
3668
3644
3544
3652
3580
3696
3672
3620
3612
3668
3556
3752
3504
3584
3648
3584
3580
3644
3492
3668
3532
3564
3672
3544
3580
3584
3492
3668
3596
3544
3672
3448
3644
3580
3528
3620
3564
3492
3744
3468
3672
3588
3528
3608
3572
3556
3712
3488
3600
3552
3468
3660
3500
3544
3608
3532
3556
3608
3476
3636
3460
3552
3568
3528
3500
3572
3456
3612
3516
3568
3552
3484
3492
3564
3476
3524
3520
3500
3584
3484
3536
3504
3544
3488
3532
3448
3520
3500
3556
3488
3552
3416
3520
3440
3528
3540
3484
3468
3548
3456
3516
3516
3408
3548
3412
3496
3528
3456
3464
3516
3364
3576
3356
3428
3488
3416
3444
3504
3392
3588
3388
3444
3520
3372
3460
3484
3384
3532
3420
3388
3540
3336
3524
3432
3388
3480
3376
3344
3576
3284
3516
3408
3368
3472
3416
3428
3580
3328
3460
3436
3344
3516
3356
3384
3452
3348
3400
3468
3300
3468
3304
3404
3416
3376
3376
3456
3364
3500
3356
3396
3448
3400
3384
3412
3340
3380
3352
3368
3424
3356
3392
3368
3428
3388
3404
3316
3376
3320
3380
3324
3428
3308
3396
3348
3316
3416
3352
3336
3356
3256
3284
3460
3308
3456
3264
3336
3352
3276
3316
3356
3244
3464
3232
3336
3344
3284
3320
3372
3204
3412
3204
3300
3400
3236
3344
3320
3268
3392
3264
3284
3464
3228
3384
3304
3228
3348
3240
3228
3420
3160
3344
3260
3244
3352
3208
3204
3360
3192
3356
3308
3248
3408
3296
3352
3360
3268
3288
3356
3216
3372
3168
3256
3244
3228
3196
3272
3148
3328
3204
3288
3244
3276
3248
3296
3240
3288
3236
3228
3252
3204
3264
3228
3256
3180
3256
3192
3300
3184
3176
3112
3276
3180
3316
3232
3284
3308
3256
3228
3304
3128
3236
3216
3144
3288
3132
3220
3208
3156
3252
3280
3132
3280
3104
3316
3320
3164
3188
3264
3148
3332
3064
3148
3220
3124
3244
3124
3068
3276
3148
3112
3240
3020
3260
3172
3140
3196
3160
3120
3252
2968
3220
3136
3140
3212
3084
3116
3256
3068
3208
3152
3108
3252
3108
3164
3220
3108
3172
3176
3052
3232
3076
3168
3128
3132
3092
3208
3084
3188
3072
3132
3168
3132
3076
3116
3116
3116
3112
3076
3152
3092
3096
3084
3164
3100
3132
3004
3104
3108
3152
3092
3220
3068
3156
3036
3072
3092
3080
3072
3168
3044
3128
3108
3056
3132
3000
3132
3164
3036
3072
3112
3040
3212
2956
3072
3052
3028
3116
3144
2972
3184
2956
3084
3100
2968
3096
3036
2980
3164
3000
3044
3124
2856
3056
2992
3048
3080
2992
2992
3180
2940
3164
3036
3004
3112
3016
3036
3148
2952
3080
3024
2968
3124
3016
3064
3064
2964
3020
3072
2988
3112
2948
3052
3020
3052
2972
3028
2912
3008
2924
3028
3028
3024
2980
3048
3032
3028
3020
2976
3020
2972
3000
2972
3052
2956
3056
2956
3024
2948
2980
2972
3084
2920
3036
2940
2980
3020
2904
2936
3004
2856
3012
2968
2912
3076
2884
3000
3036
2920
3012
2976
2868
3120
2872
3044
3004
2944
2992
2960
2852
3068
2808
2928
3020
2872
2988
2904
2872
3000
2856
2936
3076
2820
2996
2888
2908
3008
2932
2892
3036
2768
3000
2884
2892
2964
2880
2932
3048
2868
3020
2912
2836
