21614
21670
5417

600
600
684
632
736
648
668
712
628
676
668
636
656
672
632
816
568
720
656
692
736
728
608
808
580
716
704
688
760
672
588
764
604
676
716
584
756
620
652
756
640
652
768
564
808
600
644
716
620
676
764
564
772
624
612
728
580
652
716
624
740
660
628
796
612
716
648
644
704
716
608
796
588
728
668
660
676
700
604
748
624
728
748
668
700
668
676
708
696
604
696
628
700
600
692
660
664
660
672
720
664
644
676
704
820
676
668
676
612
700
644
644
688
684
612
796
588
752
668
640
668
656
592
744
536
716
652
600
716
640
632
772
572
684
664
508
764
620
632
688
588
676
780
564
788
564
716
816
660
692
812
604
780
580
588
756
608
696
684
604
764
684
636
768
588
772
708
664
716
708
624
772
564
712
676
688
676
656
640
760
632
688
724
656
704
660
672
704
716
656
736
632
720
652
736
644
740
652
732
684
688
652
700
596
716
652
700
724
600
660
636
636
708
624
628
768
588
756
660
684
676
648
592
820
568
764
684
656
728
672
616
760
608
712
728
596
768
632
668
772
616
664
764
564
812
616
672
724
632
684
756
552
744
560
636
784
636
724
716
628
732
664
632
768
568
704
640
668
712
704
612
740
572
716
640
652
636
676
628
764
660
696
696
660
700
688
696
672
668
608
744
668
696
628
764
616
704
588
720
676
676
636
700
588
756
620
652
704
624
696
660
660
708
620
576
752
596
772
624
652
728
704
636
780
512
712
668
672
768
652
632
760
580
716
716
596
804
620
648
692
564
652
756
588
820
508
600
724
672
744
796
492
668
504
640
812
604
684
624
576
708
672
680
780
532
716
644
700
708
696
560
728
576
736
648
688
684
700
624
740
692
696
696
688
736
688
716
700
728
652
728
636
664
660
740
616
712
588
736
704
684
616
680
604
772
588
640
700
608
720
672
648
748
644
632
780
572
760
648
660
740
668
660
796
536
764
688
676
736
616
644
776
608
720
696
572
792
628
700
784
640
704
724
556
768
512
648
740
668
680
760
564
784
612
680
680
564
672
716
644
708
612
600
732
588
736
636
676
676
680
572
748
584
748
652
684
636
676
648
744
640
680
680
652
652
660
704
692
708
628
692
620
688
636
704
596
724
592
704
620
652
652
680
632
696
520
716
732
660
668
656
580
692
616
568
732
544
788
636
600
716
624
664
764
556
772
636
612
760
656
632
740
572
736
700
572
748
516
704
788
604
676
768
632
824
564
684
720
668
700
760
620
760
560
616
708
604
768
684
668
748
700
704
740
596
732
628
668
664
688
636
760
624
724
652
720
692
708
632
732
632
644
636
708
716
688
688
672
708
616
716
664
688
644
676
580
740
600
748
696
648
700
740
636
768
600
684
748
612
736
668
644
764
672
668
804
576
732
604
644
688
588
588
768
512
760
656
628
732
624
676
808
588
712
684
620
752
544
636
684
596
684
688
532
772
584
748
728
612
664
724
604
820
596
688
756
640
708
684
644
744
636
664
728
612
720
636
692
680
668
616
744
632
760
664
736
676
732
692
752
684
680
684
644
668
668
652
608
680
604
688
636
684
644
692
612
764
620
748
760
664
652
672
580
752
576
648
692
604
720
676
620
736
664
688
780
520
752
628
632
720
640
624
760
484
748
636
660
764
612
636
756
588
756
652
560
744
560
676
716
600
664
704
568
780
584
724
716
636
636
672
560
764
584
660
716
612
724
692
692
752
668
664
732
608
752
692
716
636
652
624
744
628
684
624
700
632
644
644
724
648
604
664
680
684
676
700
648
720
624
708
652
668
660
728
624
772
544
716
700
684
704
732
612
732
584
740
764
596
728
660
692
804
644
636
756
584
808
596
632
760
680
628
752
528
776
636
660
720
596
648
756
568
728
676
624
792
572
700
716
600
644
684
604
820
572
696
704
636
684
692
596
780
624
716
720
636
716
696
640
712
636
648
724
572
700
616
668
628
688
588
696
620
692
636
740
680
684
656
724
668
596
708
688
696
692
676
616
700
568
708
660
636
648
692
632
772
560
668
660
620
688
724
584
836
564
700
748
596
664
716
640
756
616
656
796
556
820
552
668
812
680
644
744
584
812
612
588
716
620
716
748
520
736
708
656
764
536
688
752
676
712
700
572
804
564
700
684
628
648
672
552
756
552
680
676
600
732
664
664
684
616
672
804
644
732
624
724
656
700
644
748
608
668
616
712
624
692
616
676
692
688
700
708
636
696
688
660
724
580
732
660
644
660
700
616
752
540
716
688
624
684
644
552
744
592
716
764
604
748
632
640
748
612
680
772
568
804
636
700
716
604
652
772
520
780
612
620
700
600
692
756
580
720
652
628
784
592
720
680
632
712
708
580
776
564
740
708
644
688
688
604
760
608
700
664
632
676
684
684
736
652
672
756
652
728
608
672
640
688
652
748
660
716
696
756
636
760
660
676
628
600
672
688
636
676
636
628
752
636
764
652
640
648
672
604
820
600
732
656
624
720
652
620
780
608
712
656
540
768
640
644
752
612
676
756
484
772
592
688
752
636
720
808
540
752
628
664
708
528
632
724
596
752
632
580
736
556
700
668
620
692
700
628
816
620
740
668
632
680
696
604
740
544
688
700
668
676
636
620
652
604
628
684
640
700
612
708
620
676
604
748
652
716
664
760
632
744
620
684
652
644
672
668
616
712
684
644
716
552
692
632
640
692
664
636
800
576
724
656
592
680
668
608
760
552
732
708
584
776
644
672
744
600
692
812
544
776
660
696
712
632
680
812
600
820
632
684
760
664
708
680
564
716
612
576
716
568
672
640
616
700
716
604
748
600
748
688
644
644
692
628
764
600
632
660
664
704
660
684
712
692
676
732
640
724
680
760
608
672
656
716
628
648
652
692
644
700
580
620
676
604
724
700
616
692
648
680
756
592
740
680
628
668
664
584
732
524
764
660
592
684
656
620
780
576
756
684
668
736
592
628
756
596
708
776
580
836
552
668
700
612
700
776
528
768
620
696
752
584
724
792
628
756
616
632
796
596
680
672
668
692
676
576
724
548
728
644
652
648
708
628
764
628
744
720
660
668
692
688
688
680
648
716
660
684
668
716
624
704
628
724
672
668
640
720
616
764
616
696
704
612
708
652
612
680
636
632
752
572
756
636
676
696
684
624
780
556
756
656
636
704
620
584
748
568
716
700
576
744
644
684
732
564
708
740
564
828
624
720
696
588
680
788
572
780
576
672
720
576
708
696
580
692
592
604
764
592
732
684
640
660
676
604
764
564
716
688
708
680
744
644
716
600
676
656
644
684
680
708
680
660
624
684
604
668
640
736
624
748
616
724
644
676
660
708
588
704
560
676
704
604
680
656
628
716
652
664
744
572
744
644
636
704
696
632
788
540
772
668
628
732
664
620
764
576
752
716
552
764
660
632
636
540
680
780
572
784
556
700
748
636
668
716
548
772
564
700
732
604
684
668
604
752
652
620
724
584
728
668
628
668
692
628
764
584
708
664
664
660
692
636
696
588
692
708
676
688
700
680
684
720
684
704
624
672
644
724
600
688
576
684
648
680
656
724
596
764
628
692
680
596
676
700
648
784
648
668
776
584
788
656
636
700
648
636
760
516
756
676
644
728
648
652
760
556
720
668
576
720
588
704
728
612
732
748
580
816
576
672
696
604
656
672
560
796
560
692
712
556
680
712
612
700
596
712
792
588
696
632
672
684
652
628
780
644
764
648
680
652
676
580
700
624
728
664
648
636
712
732
680
652
672
692
648
644
648
660
612
684
604
700
696
628
672
696
600
704
592
676
684
588
704
696
636
764
648
648
736
548
756
656
660
716
652
636
756
540
780
668
652
696
600
668
808
548
732
692
608
780
548
636
700
604
772
732
484
876
568
764
644
572
660
740
564
760
596
764
736
572
660
732
628
732
560
632
756
620
728
620
664
676
688
644
752
596
724
636
684
648
712
620
700
620
680
668
688
656
692
684
700
696
660
708
692
668
676
712
616
708
588
704
680
608
648
684
596
768
624
696
712
584
708
676
612
700
632
652
772
556
792
636
636
696
620
600
752
544
780
640
656
704
632
668
756
528
756
716
632
776
600
684
732
604
728
696
572
776
572
736
688
604
696
748
580
756
600
752
704
604
700
688
604
740
664
692
712
580
712
664
680
652
680
628
716
604
752
644
680
636
716
652
696
616
696
700
708
672
680
692
652
696
600
700
652
676
648
724
584
744
580
724
680
668
720
760
616
764
580
660
688
596
752
684
640
748
648
652
752
536
776
604
668
760
684
684
792
520
748
624
636
696
596
648
732
524
780
700
632
732
588
708
712
580
712
776
572
740
536
724
732
612
696
720
568
788
592
708
668
628
720
684
624
672
596
688
732
668
748
632
620
652
716
688
752
560
700
664
720
644
676
572
668
644
700
672
664
624
708
692
676
744
652
728
648
656
684
720
580
728
608
772
644
636
672
712
584
760
636
1156
1776
2372
3252
3904
4496
5100
5328
5660
5932
5800
6084
5952
6032
6108
6028
6088
6228
6024
6280
6092
6112
6180
6100
6140
6244
6048
6244
6108
6040
6168
6024
6128
6112
5988
6116
6092
5964
6176
5932
6064
6020
5968
6036
6020
5884
6088
5896
5964
5924
5884
6012
5972
5896
5980
5932
5948
5928
5856
5980
5900
5916
5860
5924
5928
5984
5824
5940
5888
6020
5908
5948
5864
5908
5908
5956
5892
5904
5876
5956
5900
5864
5924
5828
5888
5860
5836
5884
5908
5828
5912
5784
5924
5872
5788
5852
5888
5764
5932
5752
5876
5880
5760
5868
5800
5776
5892
5732
5804
5848
5688
5912
5752
5784
5784
5712
5796
5884
5608
5876
5708
5796
5856
5732
5740
5828
5688
5908
5744
5696
5864
5720
5784
5744
5708
5752
5832
5612
5856
5640
5828
5660
5708
5732
5788
5660
5804
5620
5772
5716
5628
5720
5712
5628
5700
5632
5668
5704
5628
5708
5648
5692
5632
5688
5608
5676
5596
5708
5628
5684
5588
5720
5604
5672
5604
5588
5632
5668
5576
5644
5620
5608
5664
5552
5636
5540
5548
5604
5604
5548
5700
5512
5688
5572
5596
5636
5644
5516
5708
5524
5644
5596
5468
5632
5564
5540
5640
5488
5592
5640
5440
5652
5492
5520
5592
5508
5532
5636
5396
5656
5476
5512
5560
5468
5512
5556
5396
5588
5472
5460
5568
5400
5540
5516
5404
5504
5496
5404
5592
5384
5572
5496
5476
5440
5496
5392
5588
5372
5528
5468
5452
5508
5484
5428
5452
5388
5440
5448
5388
5488
5428
5492
5424
5452
5372
5432
5332
5436
5372
5468
5356
5456
5332
5400
5392
5412
5392
5372
5328
5460
5404
5372
5428
5312
5436
5372
5324
5396
5392
5292
5440
5256
5452
5384
5360
5396
5396
5300
5452
5244
5372
5348
5248
5436
5324
5284
5388
5260
5328
5388
5160
5432
5268
5304
5356
5244
5296
5344
5116
5392
5188
5268
5312
5220
5308
5324
5144
5356
5228
5220
5328
5176
5340
5264
5184
5288
5276
5164
5356
5100
5304
5284
5244
5236
5244
5164
5372
5164
5252
5196
5196
5244
5272
5196
5216
5204
5224
5256
5160
5244
5152
5176
5116
5244
5176
5220
5096
5140
5140
5216
5128
5228
5100
5164
5168
5176
5216
5176
5108
5212
5148
5132
5208
5060
5212
5128
5116
5180
5148
5060
5196
4984
5160
5104
5084
5172
5128
5044
5192
5004
5164
5120
5012
5188
5044
5036
5136
5000
5100
5168
4964
5220
5012
5088
5116
5044
5100
5144
4900
5156
4980
5080
5116
5000
5084
5156
4972
5140
5016
5000
5092
4960
5100
5068
4996
5076
5044
4964
5168
4944
5116
4992
4980
5044
5028
4940
5040
4936
5072
4996
4968
4984
4972
4980
4980
4936
4988
5004
4908
5024
5000
5028
4904
4992
4940
5000
4952
4980
4880
4960
4852
5000
4892
4964
4940
4880
4964
4988
4884
4956
4860
4912
4980
4848
4972
4880
4860
4952
4908
4860
5016
4812
5000
4876
4852
4980
4948
4844
4980
4764
4968
4928
4812
4944
4828
4856
4916
4792
4936
4980
4724
4960
4776
4856
4896
4792
4804
4892
4784
4988
4732
4792
4872
4772
4852
4844
4716
4924
4792
4764
4884
4768
4904
4800
4708
4812
4832
4804
4864
4660
4864
4748
4780
4716
4760
4812
4892
4756
4768
4768
4760
4832
4788
4708
4760
4776
4760
4724
4656
4780
4732
4776
4672
4808
4716
4820
4708
4732
4744
4804
4692
4812
4676
4764
4748
4672
4712
4700
4664
4760
4668
4664
4748
4612
4772
4692
4684
4744
4716
4648
4804
4560
4812
4680
4636
4724
4696
4620
4816
4540
4748
4676
4572
4732
4608
4620
4700
4576
4680
4724
4500
4788
4572
4668
4708
4604
4664
4688
4476
4748
4532
4644
4660
4552
4628
4636
4504
4696
4568
4568
4656
4544
4668
4608
4576
4668
4648
4560
4676
4488
4664
4608
4632
4604
4592
4512
4636
4500
4612
4536
4520
4568
4572
4564
4596
4552
4524
4580
4548
4604
4556
4600
4488
4588
4472
4556
4476
4556
4528
4572
4448
4604
4456
4528
4548
4468
4560
4508
4452
4568
4512
4512
4608
4404
4620
4492
4484
4528
4504
4448
4616
4372
4592
4484
4456
4552
4456
4424
4576
4344
4528
4496
4372
4516
4396
4464
4548
4388
4484
4500
4316
4588
4364
4480
4476
4408
4468
4516
4348
4564
4388
4480
4504
4368
4440
4476
4372
4540
4396
4424
4516
4368
4468
4448
4376
4456
4440
4364
4488
4332
4488
4436
4420
4436
4424
4352
4448
4332
4416
4348
4384
4380
4384
4364
4332
4372
4340
4408
4320
4344
4332
4392
4320
4416
4304
4376
4312
4296
4336
4416
4280
4424
4280
4384
4400
4344
4396
4328
4248
4412
4316
4324
4396
4220
4436
4332
4296
4372
4316
4284
4416
4176
4408
4288
4232
4276
4256
4224
4404
4164
4372
4300
4236
4396
4252
4312
4380
4236
4328
4316
4152
4380
4156
4248
4252
4180
4256
4320
4124
4376
4156
4292
4284
4204
4328
4340
4192
4336
4212
4232
4300
4172
4300
4236
4220
4264
4260
4180
4292
4148
4264
4148
4192
4204
4264
4200
4244
4128
4224
4196
4192
4200
4220
4172
4184
4200
4208
4188
4188
4148
4156
4244
4180
4256
4148
4208
4168
4168
4188
4252
4084
4248
4140
4248
4208
4124
4196
4172
4092
4268
4172
4172
4220
4052
4268
4144
4136
4172
4108
4096
4228
3972
4192
4096
4152
4212
4108
4040
4108
4008
4244
4152
4000
4216
4120
4160
4152
3976
4128
4164
4056
4216
3976
4140
4156
4076
4088
4116
3976
4232
3992
4096
4108
4116
4152
4084
3968
4152
4080
4092
4100
3972
4088
4052
4036
4076
4056
4020
4136
3980
4088
4028
3996
4036
4108
4012
4120
4028
3984
4112
4024
4088
4024
3984
3948
4012
3992
4044
4036
4044
4040
4068
3948
4092
3940
4052
3944
4016
4000
4060
3956
4116
3952
4036
4004
3932
4068
4028
3952
4096
3960
4000
4068
3892
4084
3940
3912
4028
3924
3912
4032
3816
4088
3920
3944
4020
3956
3932
4076
3836
4048
3920
3872
4036
3888
3928
3956
3844
3996
3984
3852
4044
3840
3928
3944
3900
3960
3944
3776
4024
3820
3948
3932
3868
3932
3912
3844
4000
3868
3932
3948
3828
3984
3884
3908
3904
3904
3824
3912
3796
3936
3852
3892
3864
3920
3832
3900
3836
3912
3848
3848
3824
3856
3880
3848
3880
3804
3860
3816
3852
3868
3892
3788
3944
3808
3912
3832
3844
3856
3896
3784
3968
3788
3872
3816
3780
3888
3840
3752
3892
3708
3812
3880
3708
3908
3752
3768
3872
3772
3764
3884
3672
3900
3724
3756
3872
3772
3744
3844
3684
3904
3792
3736
3876
3740
3800
3828
3716
3852
3804
3652
3896
3692
3820
3804
3728
3784
3784
3648
3856
3660
3776
3756
3740
3792
3768
3696
3804
3704
3752
3796
3652
3764
3688
3752
3756
3808
3700
3776
3636
3796
3716
3744
3688
3796
3708
3756
3708
3776
3720
3672
3672
3772
3720
3668
3780
3684
3812
3716
3676
3704
3696
3624
3732
3572
3696
3684
3668
3704
3708
3568
3720
3544
3720
3716
3668
3764
3644
3580
3740
3628
3688
3720
3512
3756
3624
3628
3700
3612
3588
3740
3504
3792
3580
3612
3708
3604
3612
3752
3524
3740
3612
3596
3720
3552
3616
3612
3528
3656
3644
3528
3736
3504
3676
3608
3588
3664
3676
3532
3708
3544
3640
3628
3544
3668
3592
3592
3660
3572
3596
3628
3520
3664
3592
3596
3592
3616
3552
3632
3524
3644
3568
3628
3548
3612
3512
3592
3552
3584
3548
3596
3548
3604
3524
3552
3576
3536
3572
3552
3524
3568
3576
3476
3668
3484
3624
3552
3548
3580
3568
3480
3656
3456
3584
3544
3456
3596
3516
3460
3620
3484
3588
3640
3420
3632
3468
3476
3596
3492
3492
3584
3384
3640
3412
3440
3512
3472
3496
3576
3360
3548
3460
3508
3604
3388
3492
3548
3460
3552
3484
3364
3592
3392
3472
3428
3456
3548
3500
3344
3564
3448
3552
3464
3404
3500
3496
3428
3492
3428
3480
3496
3432
3484
3396
3448
3452
3496
3416
3508
3380
3460
3380
3440
3384
3516
3428
3380
3452
3440
3460
3412
3372
3396
3484
3428
3496
3356
3428
3392
3420
3436
3396
3364
3556
3340
3464
3352
3372
3416
3392
3316
3524
3344
3452
3400
3324
3484
3416
3376
3480
3324
3420
3460
3268
3488
3308
3356
3432
3348
3372
3456
3252
3488
3304
3372
3424
3324
3404
3416
3232
3448
3308
3304
3428
3284
3372
3364
3300
3388
3340
3276
3436
3224
3368
3312
3304
3364
3340
3212
3404
3228
3356
3304
3312
3348
3356
3308
3356
3304
3304
3320
3228
3352
3284
3320
3264
3324
3252
3340
3292
3352
3260
3328
3244
3380
3268
3316
3324
3312
3292
3312
3244
3328
3236
3236
3312
3220
3332
3276
3272
3316
3264
3184
3352
3176
3324
3252
3236
3316
3304
3228
3404
3192
3332
3288
3172
3308
3200
3172
3320
3212
3276
3284
3104
3356
3156
3204
3284
3216
3248
3312
3112
3376
3156
3248
3304
3208
3216
3308
3128
3328
3184
3180
3304
3172
3240
3220
3152
3252
3208
3088
3292
3116
3256
3184
3216
3236
3208
3124
3296
3132
3224
3220
3176
3240
3208
3168
3220
3172
3188
3196
3136
3204
3156
3208
3180
3256
3100
3164
3136
3208
3168
3204
3116
3236
3136
3180
3148
3128
3128
3152
3136
3236
3140
3136
3172
3080
3196
3144
3080
3144
3168
3140
3264
3060
3216
3100
3088
3180
3140
3044
3220
3004
3192
3144
3056
3196
3056
3004
3212
3088
3160
3164
2964
3236
3064
3088
3136
3028
3100
3208
3040
3272
3012
3076
3144
3068
3172
3188
3000
3168
3040
3064
3164
3008
3096
3076
3040
3120
3068
2988
3156
2972
3112
3060
3060
3112
3108
2992
3164
3004
3116
3056
3052
3076
3100
3056
3120
3072
3052
3084
3028
3068
3020
3036
2972
3116
3004
3084
3032
3040
3004
3148
2996
3152
3004
3076
3052
3080
3000
3048
2956
3112
2972
3000
3048
2968
3056
3008
2996
3084
3040
2932
3084
2944
3104
3024
2984
3048
3028
2908
3080
2908
3064
2948
2912
3128
3036
2952
3084
2952
3012
3032
2940
3172
2968
3016
3068
2960
3020
3036
2828
3104
2960
3028
3012
2908
3016
3084
2896
3024
2892
2960
3088
2928
3000
2996
2944
3004
2980
2896
3064
2876
2984
2956
2948
2988
2980
2904
3056
2940
3048
2932
2928
2948
2976
2908
2980
2952
2948
2960
2904
2960
2948
2956
2892
2996
2896
3004
2936
2960
2940
3020
2900
3008
2848
2924
2904
2876
2940
2892
2896
2948
2916
2852
2928
2812
3008
2916
2884
2984
2880
2860
3008
2780
2976
2900
2904
2956
2896
2824
3032
2800
2936
2876
2836
3008
2852
2836
2964
2844
2956
2936
2776
3028
2788
2912
2916
2852
2900
2940
2776
3020
2776
2876
2908
2836
2884
2916
2804
2964
2848
2840
2928
2796
2892
2832
2824
2888
2876
2800
2956
2796
2928
2816
2832
2828
2840
2772
2900
2772
2876
2840
2852
2820
2844
2820
2872
2820
2796
2800
2808
2860
2816
2888
2820
2892
2760
2848
2792
2840
2812
2848
2748
2900
2772
2832
2820
2788
2788
2824
2772
2932
2796
2848
2888
2752
2864
2788
2756
2820
2772
2764
2924
2708
2880
2764
2760
2844
2796
2724
2864
2656
2848
2772
2696
2868
2748
2728
2844
2688
2812
2820
2688
2924
2708
2792
2796
2708
2764
2796
2644
2928
2696
2792
2788
2700
2756
2780
2656
2840
2668
2720
2780
2692
2776
2752
2700
2792
2736
2664
2812
2660
2796
2704
2736
2768
2764
2688
2792
2676
2772
2700
2748
2788
2776
2716
2756
2744
2708
2756
2720
2748
2676
2752
2652
2812
2640
2772
2672
2696
2708
2736
2608
2800
2660
2748
2748
2688
2752
2708
2652
2800
2680
2684
2772
2632
2800
2692
2708
2708
2624
2636
2840
2552
2740
2616
2680
2772
2688
2612
2764
2584
2820
2704
2616
2792
2656
2652
2760
2608
2712
2692
2552
2800
2572
2684
2688
2620
2724
2720
2572
2816
2564
2660
2692
2632
2668
2652
2544
2724
2608
2664
2704
2600
2676
2588
2584
2668
2660
2580
2720
2540
2676
2584
2624
2596
2652
2564
2720
2624
