29317
29415
7353

432
432
696
588
540
636
600
616
692
532
640
648
512
740
588
652
624
604
628
656
456
684
524
640
604
588
568
656
548
652
572
632
616
592
616
640
608
604
628
600
688
576
680
616
644
560
612
472
628
600
660
604
664
548
636
548
540
580
624
664
664
524
616
648
524
644
512
644
648
592
604
652
492
728
500
652
668
608
656
668
512
744
552
584
620
492
680
612
548
684
600
608
736
484
668
576
580
640
608
564
752
476
692
600
564
660
572
576
684
488
636
628
564
740
564
632
640
556
584
652
484
684
512
660
608
596
596
656
532
672
548
624
600
568
620
660
612
640
620
596
624
572
596
612
648
568
660
568
656
580
648
576
640
512
660
588
620
636
592
636
684
556
640
676
588
724
552
684
668
580
640
684
512
728
516
644
628
548
612
668
524
752
564
620
664
500
644
612
544
668
588
584
668
452
688
572
580
632
568
532
708
484
696
584
568
648
592
584
672
504
668
660
540
724
572
652
624
584
616
644
508
708
596
708
556
568
552
688
560
636
552
624
624
648
624
644
616
588
600
560
652
624
660
580
628
552
696
576
632
572
640
600
664
516
688
604
616
636
596
624
636
548
620
644
504
676
512
648
652
588
592
736
524
828
480
632
572
540
640
632
524
728
516
628
620
488
624
612
588
704
572
628
716
456
668
540
524
640
852
1884
2940
3452
4296
4744
5220
5812
6156
6592
7076
7252
7664
7804
7884
8088
7988
8116
8116
8056
8144
8152
8084
8224
8048
8168
8132
8160
8168
8180
7964
8068
8016
8148
8076
8044
8012
8036
8016
8036
8036
7972
7968
7936
7968
7924
7992
7880
7992
7884
7968
7900
7932
7884
7964
7828
7940
7812
7832
7912
7872
7900
7940
7804
7884
7856
7772
7928
7744
7852
7804
7740
7836
7868
7724
7960
7708
7828
7788
7720
7836
7804
7696
7928
7708
7808
7808
7676
7824
7728
7700
7828
7704
7712
7828
7656
7844
7680
7704
7792
7712
7724
7784
7572
7792
7704
7660
7796
7652
7652
7720
7620
7740
7700
7612
7744
7604
7696
7668
7632
7624
7704
7556
7732
7564
7664
7612
7688
7628
7696
7592
7676
7596
7648
7616
7624
7636
7580
7572
7564
7576
7488
7592
7572
7556
7500
7636
7564
7692
7484
7544
7504
7584
7536
7544
7400
7592
7484
7504
7524
7448
7520
7560
7428
7528
7456
7428
7608
7412
7524
7480
7416
7492
7464
7332
7608
7332
7516
7468
7444
7516
7460
7348
7508
7332
7436
7468
7372
7516
7432
7372
7508
7364
7404
7480
7296
7492
7344
7368
7436
7348
7356
7472
7248
7440
7308
7332
7432
7332
7324
7420
7260
7400
7312
7244
7384
7252
7320
7324
7300
7304
7284
7220
7364
7200
7328
7288
7340
7276
7324
7232
7336
7244
7292
7284
7284
7208
7232
7232
7228
7244
7176
7220
7204
7208
7184
7276
7180
7296
7152
7220
7212
7244
7148
7264
7132
7292
7116
7188
7196
7116
7160
7192
7104
7204
7136
7068
7264
7040
7156
7132
7084
7156
7128
7044
7272
6984
7168
7112
7040
7128
7108
7028
7216
6980
7148
7116
6992
7160
7036
7040
7136
7004
7052
7152
6956
7156
6972
7068
7092
7020
7012
7124
6896
7120
6952
6984
7036
6988
6988
7064
6908
7044
6988
6984
7068
6924
7008
7012
7020
7016
7008
6936
7064
6908
7000
6932
7012
6936
6980
6848
7028
6900
6932
6876
6936
6864
6924
6888
6860
6916
6876
6936
6916
6892
6888
6932
6796
6952
6816
6944
6908
6852
6800
6908
6772
6924
6740
6820
6888
6804
6876
6860
6724
6924
6812
6784
6924
6736
6932
6800
6836
6812
6836
6676
6920
6592
6972
6808
6756
6756
6732
6696
6884
6648
6776
6788
6704
6868
6732
6688
6820
6680
6764
6796
6620
6856
6672
6760
6800
6708
6700
6812
6524
6784
6676
6764
6716
6588
6680
6812
6628
6728
6648
6624
6748
6628
6696
6620
6628
6664
6724
6584
6716
6580
6656
6604
6700
6636
6712
6556
6624
6596
6684
6660
6652
6524
6600
6624
6608
6620
6544
6600
6580
6556
6568
6640
6488
6644
6524
6608
6572
6552
6516
6576
6460
6644
6512
6520
6540
6492
6572
6564
6480
6608
6528
6488
6596
6400
6596
6500
6420
6476
6476
6412
6624
6344
6528
6448
6416
6548
6496
6404
6576
6364
6524
6456
6368
6520
6404
6432
6484
6396
6452
6484
6288
6516
6352
6412
6448
6408
6428
6496
6340
6496
6340
6388
6404
6356
6424
6460
6372
6468
6408
6376
6424
6304
6396
6372
6424
6368
6396
6288
6408
6280
6376
6292
6376
6316
6392
6324
6368
6248
6320
6284
6376
6272
6332
6316
6300
6364
6276
6288
6256
6284
6328
6300
6156
6364
6188
6284
6224
6232
6296
6332
6144
6328
6212
6248
6296
6128
6252
6256
6140
6268
6188
6200
6328
6112
6304
6184
6156
6224
6208
6100
6308
6116
6316
6196
6124
6240
6168
6124
6248
6024
6240
6172
6072
6268
6164
6172
6236
6100
6176
6232
6020
6280
6080
6196
6152
6108
6116
6160
6000
6216
6084
6116
6128
6084
6100
6140
6060
6156
6092
6076
6124
6040
6120
6092
6068
6076
6116
5980
6136
6028
6120
6016
6092
6052
6156
6080
6104
6076
6096
6016
6044
5992
6048
6012
5956
6052
5964
6036
6012
5956
5984
6048
5916
6096
5948
6080
6008
5996
6004
6112
5916
6128
5932
5960
6028
5896
5984
5952
5872
6032
5924
5912
6056
5796
5984
5884
5884
5992
5964
5856
6076
5796
6020
5860
5832
5944
5920
5836
5976
5788
5948
5880
5780
5948
5832
5864
5956
5868
5932
5964
5792
5980
5808
5904
5880
5852
5840
5904
5740
5944
5776
5848
5832
5788
5836
5872
5792
5908
5852
5820
5832
5736
5828
5792
5824
5784
5860
5772
5860
5764
5860
5756
5824
5716
5848
5760
5800
5784
5812
5760
5796
5724
5796
5780
5744
5868
5752
5768
5780
5764
5724
5756
5624
5856
5684
5780
5700
5700
5752
5760
5576
5804
5636
5756
5756
5632
5716
5728
5640
5792
5676
5672
5816
5608
5756
5672
5668
5796
5724
5568
5816
5504
5824
5604
5580
5700
5700
5668
5732
5532
5700
5652
5564
5712
5608
5636
5680
5552
5632
5652
5504
5728
5520
5636
5636
5644
5620
5640
5496
5684
5532
5600
5624
5568
5620
5644
5592
5596
5544
5536
5588
5524
5552
5560
5548
5540
5608
5500
5548
5480
5616
5528
5624
5484
5600
5476
5556
5520
5588
5528
5552
5440
5572
5544
5460
5540
5424
5516
5548
5500
5516
5556
5420
5608
5412
5524
5500
5452
5484
5504
5368
5592
5400
5500
5476
5372
5500
5452
5352
5504
5404
5468
5564
5336
5536
5420
5380
5480
5392
5368
5536
5268
5512
5388
5380
5468
5400
5372
5496
5324
5480
5376
5340
5500
5356
5400
5448
5336
5428
5428
5280
5476
5284
5392
5396
5328
5344
5388
5260
5468
5340
5380
5336
5352
5372
5384
5304
5368
5312
5316
5328
5300
5332
5284
5356
5352
5388
5268
5372
5252
5348
5308
5384
5208
5336
5236
5340
5320
5284
5224
5316
5276
5372
5236
5192
5376
5252
5300
5232
5188
5284
5300
5156
5376
5184
5308
5248
5176
5256
5312
5148
5372
5152
5264
5268
5180
5264
5204
5124
5316
5156
5180
5288
5084
5320
5156
5128
5208
5184
5116
5284
5096
5352
5168
5148
5224
5152
5144
5268
5068
5288
5212
5120
5256
5120
5144
5196
5100
5172
5188
5060
5256
5080
5216
5108
5108
5132
5184
5072
5212
5100
5156
5128
5112
5092
5144
5116
5140
5132
5112
5132
5064
5100
5036
5116
5028
5144
5044
5132
5068
5104
4988
5068
4968
5116
5024
5068
5084
5084
5048
5092
5004
5092
5032
4996
5116
5020
5112
5072
4992
5080
5064
4956
5152
4944
5068
5048
4988
5084
5056
4932
5140
4936
5012
4988
4916
5052
5016
4936
5112
4956
4992
5076
4880
5092
4952
4932
5016
4972
4924
5060
4852
5104
4940
4924
5000
4956
4952
5056
4868
5032
4936
4904
4996
4872
4944
4972
4904
4952
4948
4856
4992
4860
4988
4936
4940
4924
4952
4840
5028
4852
4940
4884
4892
4872
4884
4840
4908
4904
4852
4868
4868
4924
4876
4888
4816
4932
4808
4900
4868
4892
4768
4892
4776
4964
4840
4864
4844
4844
4840
4864
4756
4872
4832
4808
4928
4760
4836
4812
4764
4876
4864
4724
4944
4704
4864
4816
4764
4812
4780
4676
4972
4732
4852
4780
4676
4860
4756
4724
4860
4732
4808
4864
4652
4880
4744
4724
4784
4716
4708
4840
4652
4824
4672
4708
4788
4764
4680
4736
4692
4844
4760
4628
4808
4664
4728
4728
4648
4788
4788
4676
4764
4636
4744
4668
4676
4684
4796
4620
4776
4620
4696
4708
4752
4684
4688
4636
4724
4708
4640
4644
4684
4660
4592
4604
4580
4724
4616
4736
4632
4684
4612
4700
4460
4652
4556
4700
4664
4660
4604
4640
4512
4692
4652
4612
4696
4532
4632
4608
4568
4656
4580
4476
4700
4508
4668
4580
4536
4604
4600
4492
4688
4476
4616
4584
4488
4656
4564
4500
4624
4504
4572
4636
4452
4636
4480
4504
4612
4548
4532
4604
4436
4612
4468
4512
4608
4496
4528
4580
4456
4580
4504
4472
4596
4488
4580
4544
4476
4564
4548
4444
4608
4408
4556
4472
4528
4496
4528
4388
4536
4436
4516
4444
4504
4484
4492
4484
4512
4476
4436
4440
4396
4464
4472
4508
4420
4516
4440
4528
4444
4420
4384
4524
4472
4600
4380
4420
4500
4444
4420
4448
4340
4508
4400
4368
4508
4348
4416
4396
4344
4476
4452
4348
4544
4312
4484
4428
4356
4416
4380
4264
4524
4308
4412
4384
4324
4512
4360
4324
4472
4324
4364
4444
4244
4444
4320
4344
4408
4328
4320
4456
4248
4496
4304
4356
4400
4332
4332
4420
4252
4392
4288
4248
4392
4268
4368
4360
4296
4332
4352
4252
4368
4264
4348
4272
4336
4324
4356
4240
4376
4280
4328
4264
4336
4296
4344
4268
4280
4272
4268
4284
4268
4260
4248
4284
4212
4352
4212
4296
4260
4276
4248
4312
4160
4364
4196
4248
4264
4220
4256
4288
4212
4332
4228
4196
4324
4156
4296
4228
4160
4268
4252
4152
4356
4076
4248
4184
4160
4252
4216
4132
4348
4116
4280
4212
4160
4316
4208
4168
4280
4132
4188
4244
4100
4324
4124
4196
4208
4148
4124
4248
4060
4292
4132
4184
4208
4116
4088
4168
4032
4212
4096
4096
4188
4100
4164
4164
4140
4156
4140
4056
4172
4064
4188
4100
4212
4144
4180
4068
4176
4092
4168
4112
4180
4088
4156
4116
4124
4124
4092
4120
4132
4116
4104
4144
4040
4164
4024
4076
4080
4084
4056
4124
3984
4160
4032
4080
4128
4044
4048
4096
3980
4128
4028
4012
4164
4004
4092
4068
3980
4080
4052
3976
4212
3964
4128
4032
3972
4104
4036
3948
4156
3904
4076
4036
3964
4096
3980
3988
4128
4000
4020
4072
3900
4116
3940
3964
4044
3988
3980
4036
3844
4096
3932
3956
4016
3912
4036
4020
3868
3988
3924
3884
4088
3896
4028
3952
3968
3972
3972
3904
4020
3932
4060
3932
3976
3896
4028
3916
4024
3920
4020
3960
4008
3928
3948
3908
3940
3968
3912
3944
3964
3948
3956
3924
3860
4060
3932
3932
3908
3916
3944
3984
3836
3996
3820
3900
3920
3844
3880
3916
3828
4016
3872
3860
3996
3784
3956
3932
3888
3956
3872
3776
3996
3804
4004
3848
3788
3900
3884
3816
4004
3724
3912
3816
3812
3948
3852
3832
3944
3776
3864
3900
3816
3924
3724
3788
3872
3796
3836
3848
3740
3920
3772
3824
3992
4576
5516
6504
7280
8188
8700
9316
10016
10468
10816
10916
10980
11052
11124
11044
11212
11124
11228
11140
11260
11172
11272
11224
11280
11228
11240
11176
11208
11156
11212
11160
11088
11140
11112
11116
11096
11012
11032
11116
11024
11108
10884
11044
11048
11008
10948
10976
10884
11104
10876
10972
10972
10900
10968
10932
10804
10976
10864
10876
10972
10756
10916
10860
10804
10904
10860
10816
10972
10648
10864
10792
10820
10920
10780
10748
10936
10676
10860
10792
10700
10864
10712
10724
10828
10684
10784
10788
10640
10872
10688
10756
10728
10692
10716
10776
10624
10840
10616
10708
10724
10688
10672
10720
10588
10720
10620
10628
10672
10612
10668
10612
10620
10584
10624
10568
10680
10552
10644
10564
10620
10528
10588
10476
10564
10504
10516
10520
10572
10456
10524
10440
10468
10516
10452
10512
10520
10500
10496
10488
10352
10588
10388
10516
10460
10476
10452
10508
10360
10516
10320
10432
10460
10332
10424
10436
10304
10472
10328
10360
10444
10300
10452
10376
10268
10424
10320
10224
10436
10156
10416
10288
10308
10416
10328
10236
10436
10168
10344
10244
10240
10360
10192
10216
10316
10184
10264
10256
10168
10360
10152
10260
10228
10204
10188
10256
10112
10308
10140
10244
10220
10180
10184
10216
10132
10232
10112
10116
10148
10132
10172
10132
10108
10104
10132
10068
10192
10056
10132
10064
10140
10044
10108
9984
10076
10028
10080
10020
10084
9996
10120
10032
10016
10056
9972
9988
10028
9980
9996
9996
9900
10116
9884
10016
9960
9932
9948
10016
9908
10100
9868
9960
9964
9868
9972
9964
9852
10012
9852
9896
9968
9764
9952
9884
9852
9920
9856
9832
10012
9712
9960
9780
9772
9864
9788
9728
9924
9700
9896
9784
9732
9864
9724
9784
9860
9676
9780
9808
9684
9876
9672
9772
9780
9748
9716
9792
9668
9880
9664
9696
9684
9672
9660
9696
9640
9668
9700
9608
9736
9608
9732
9660
9700
9668
9672
9580
9640
9572
9644
9572
9676
9564
9688
9544
9624
9588
9576
9536
9624
9548
9644
9544
9532
9644
9528
9564
9600
9512
9580
9544
9448
9640
9432
9580
9524
9468
9484
9584
9380
9556
9336
9496
9548
9416
9492
9432
9380
9540
9464
9420
9516
9332
9548
9372
9400
9484
9384
9312
9532
9296
9564
9372
9384
9468
9404
9384
9508
9256
9432
9300
9372
9416
9312
9308
9444
9288
9400
9364
9228
9400
9252
9332
9304
9260
9284
9308
9180
9376
9260
9316
9264
9264
9260
9308
9228
9284
9196
9212
9252
9208
9256
9184
9212
9208
9256
9212
9244
9156
9188
9108
9172
9112
9248
9112
9132
9112
9172
9124
9212
9072
9156
9136
9136
9192
9020
9128
9156
9084
9132
9116
9016
9252
9044
9152
9076
9056
9108
9112
8956
9204
8964
9072
9040
8952
9092
9080
8956
9136
8944
8984
9064
8912
9100
8968
8988
9076
8968
8924
9104
8820
9036
8924
8924
9016
8932
8916
9000
8812
9020
8920
8844
8996
8872
8924
8956
8844
8908
8900
8780
8972
8788
8888
8844
8884
8848
8896
8748
8912
8732
8828
8804
8868
8828
8840
8784
8828
8776
8788
8828
8804
8832
8784
8792
8788
8860
8740
8772
8712
8760
8716
8816
8708
8844
8700
8732
8732
8716
8704
8792
8660
8796
8724
8684
8768
8628
8700
8696
8644
8700
8688
8572
8780
8540
8692
8640
8624
8652
8676
8568
8796
8580
8724
8724
8608
8672
8628
8540
8692
8520
8560
8660
8472
8700
8568
8524
8632
8512
8496
8668
8472
8692
8504
8516
8604
8536
8476
8656
8424
8640
8488
8488
8616
8460
8564
8552
8500
8520
8524
8404
8580
8368
8508
8472
8476
8444
8512
8384
8532
8372
8468
8416
8460
8404
8468
8376
8428
8384
8420
8424
8368
8376
8356
8372
8292
8404
8324
8400
8364
8396
8320
8404
8264
8420
8312
8360
8340
8336
8296
8364
8252
8412
8284
8300
8376
8204
8340
8332
8276
8336
8272
8224
8448
8192
8364
8268
8240
8300
8284
8176
8380
8124
8252
8264
8184
8304
8216
8140
8336
8144
8184
8276
8072
8292
8140
8168
8244
8144
8128
8268
8032
8296
8120
8128
8232
8120
8104
8220
8028
8208
8100
8084
8184
8068
8124
8148
8060
8152
8124
8060
8208
8028
8136
8076
8100
8068
8136
8000
8168
8024
8124
8036
8092
8060
8092
8004
8064
8020
8044
8024
8016
8028
7956
8032
7952
8000
7948
8020
8076
8020
7988
8024
7916
8076
7920
7980
7952
7988
7992
8020
7856
7988
7896
7912
8028
7896
7960
7940
7832
7940
7932
7832
8036
7748
7924
7876
7856
7936
7924
7796
8036
7732
7908
7864
7800
7872
7808
7780
7984
7756
7844
7936
7716
7964
7792
7792
7832
7792
7820
7928
7712
7940
7724
7784
7780
7792
7748
7864
7604
7864
7700
7772
7816
7712
7716
7788
7724
7800
7748
7676
7824
7664
7760
7708
7720
7668
7732
7652
7812
7652
7728
7660
7728
7668
7732
7652
7704
7640
7688
7688
7696
7684
7636
7608
7640
7712
7600
7672
7676
7676
7620
7644
7488
7668
7568
7688
7628
7544
7552
7672
7524
7636
7512
7524
7664
7524
7580
7572
7556
7636
7564
7472
7708
7472
7648
7560
7508
7564
7556
7412
7636
7380
7564
7528
7420
7532
7492
7492
7612
7392
7448
7516
7368
7596
7440
7460
7548
7452
7424
7516
7324
7536
7328
7420
7476
7412
7408
7464
7336
7512
7372
7396
7484
7364
7420
7456
7416
7448
7416
7344
7452
7332
7400
7364
7392
7344
7424
7344
7452
7324
7396
7340
7400
7308
7356
7292
7360
7320
7284
7316
7340
7304
7320
7340
7272
7364
7236
7332
7316
7264
7252
7328
7180
7380
7216
7280
7272
7184
7212
7284
7228
7360
7164
7168
7296
7140
7280
7252
7152
7260
7196
7148
7336
7096
7284
7188
7168
7284
7240
7160
7372
7068
7252
7188
7140
7244
7152
7100
7256
7076
7188
7192
7044
7228
7060
7100
7164
7072
7124
7204
7036
7256
7056
7136
7156
7040
7056
7180
7032
7184
7020
7020
7100
7020
7056
7060
7012
7076
7088
7048
7136
6976
7092
7044
7084
7024
7092
6984
7116
7000
7056
6952
7060
6948
7024
6940
6988
6992
6968
7012
7036
6960
6988
7012
6932
7044
6924
7008
6988
6952
6908
7000
6884
7068
6908
6944
6932
6892
6900
6952
6812
7004
6884
6896
6976
6792
6920
6904
6848
6936
6864
6836
7052
6772
6968
6884
6840
6916
6876
6800
6976
6708
6908
6840
6804
6908
6800
6784
6936
6772
6880
6876
6756
6916
6732
6812
6864
6780
6780
6892
6720
6912
6724
6780
6824
6772
6764
6852
6688
6848
6772
6780
6832
6764
6748
6768
6732
6772
6756
6696
6824
6696
6780
6672
6752
6680
6768
6656
6788
6688
6760
6704
6780
6684
6720
6672
6696
6700
6672
6716
6724
6644
6688
6640
6652
6772
6632
6680
6624
6532
6684
6700
6624
6720
6508
6620
6708
6640
6592
6644
6532
6792
6608
6556
6624
6472
6656
6616
6572
6672
6564
6524
6716
6492
6664
6552
6548
6648
6580
6456
6692
6420
6612
6548
6484
6632
6464
6500
6660
6504
6540
6516
6416
6636
6504
6532
6528
6476
6500
6640
6400
6540
6348
6508
6560
6520
6440
6500
6368
6540
6432
6492
6524
6380
6428
6444
6476
6492
6428
6332
6464
6416
6536
6424
6444
6352
6428
6404
6472
6364
6452
6348
6460
6360
6416
6380
6412
6440
6368
6388
6412
6364
6392
6384
6288
6444
6312
6416
6336
6296
6344
6452
6264
6428
6212
6376
6412
6328
6336
6384
6288
6436
6244
6252
6356
6208
6344
6304
6244
6364
6276
6204
6428
6156
6388
6252
6252
6300
6272
6240
6396
6132
6324
6272
6212
6320
6224
6272
6380
6216
6268
6268
6144
6352
6140
6220
6220
6164
6192
6316
6152
6356
6144
6232
6204
6184
6208
6272
6152
6268
6176
6156
6220
6140
6144
6132
6128
6152
6160
6140
6220
6108
6212
6152
6204
6100
6192
6104
6188
6104
6160
6108
6176
6008
6140
6088
6124
6120
6084
6124
6184
6108
6104
6064
6028
6132
6028
6128
6092
6068
6096
6148
6000
6212
5980
6108
6096
6012
6068
6112
5976
6164
6024
6036
6132
5944
6108
6044
6004
6120
6000
5960
6140
5880
6108
5996
5996
6052
6008
5928
6088
5860
6100
5996
5948
6056
5928
5952
6020
5912
6016
6028
5892
6040
5884
5964
6004
5912
5912
5988
5860
6044
5876
5996
5964
5916
5900
6012
5864
6000
5880
5924
5940
5856
5892
5896
5900
5896
5884
5860
5964
5840
5896
5812
5948
5832
5948
5860
5920
5848
5876
5808
5916
5788
5876
5856
5876
5928
5804
5856
5868
5772
5836
5868
5744
5900
5720
5840
5816
5824
5836
5916
5728
5956
5728
5820
5788
5756
5768
5804
5668
5888
5716
5764
5848
5656
5804
5772
5724
5844
5772
5708
5892
5604
5828
5732
5716
5780
5720
5692
5876
5620
5780
5692
5696
5784
5652
5728
5828
5668
5740
5772
5620
5788
5628
5696
5692
5668
5648
5740
5604
5752
5588
5720
5676
5672
5644
5736
5604
5712
5608
5644
5684
5628
5636
5608
5632
5624
5668
5608
5704
5608
5688
5624
5712
5572
5660
5560
5652
5624
5648
5600
5696
5572
5644
5540
5540
5632
5544
5604
5628
5520
5592
5624
5516
5668
5492
5524
5612
5508
5596
5584
5460
5600
5540
5596
5628
5476
5544
5544
5444
5612
5404
5492
5604
5420
5572
5412
5448
5564
5480
5396
5624
5384
5596
5480
5420
5540
5468
5460
5616
5364
5572
5476
5412
5500
5372
5420
5524
5344
5452
5480
5400
5540
5372
5468
5436
5432
5420
5488
5356
5528
5352
5476
5440
5412
5400
5480
5416
5476
5352
5436
5444
5380
5360
5364
5400
5368
5364
5292
5420
5348
5460
5340
5424
5300
5356
5300
5428
5396
5340
5324
5432
5332
5432
5356
5308
5372
5352
5432
5368
5248
5340
5352
5248
5412
5220
5388
5348
5284
5320
5372
5232
5416
5152
5320
5356
5288
5372
5312
5196
5400
5228
5264
5380
5200
5372
5268
5252
5316
5220
5208
5364
5124
5352
5204
5240
5284
5188
5156
5348
5124
5328
5224
5232
5332
5200
5212
5288
5152
5260
5260
5184
5328
5164
5232
5180
5188
5156
5220
5116
5272
5136
5248
5236
5204
5120
5208
5132
5208
5152
5176
5204
5148
5156
5164
5188
5156
5220
5136
5180
5132
5156
5108
5196
5056
5172
5072
5160
5120
5100
5096
5168
5056
5164
5092
5076
5184
5084
5148
5172
5064
5112
5116
5020
5156
4968
5144
5136
5044
5108
5120
5000
5216
4968
5128
5112
5004
5096
5092
5000
5196
4968
5032
5124
4964
5116
5044
5012
5112
4980
4980
5092
4864
5124
4968
5012
5052
5012
4980
5100
4900
5080
4936
4944
5080
4960
4988
5032
4944
5012
4992
4888
5068
4916
5044
4996
4932
4968
5020
4892
5044
4904
4988
4956
4976
4944
5012
4956
4996
4904
4932
4988
4952
4960
4960
4992
4912
4956
4896
4980
4904
4952
4888
4984
4872
5008
4876
4916
4908
4860
4876
4940
4832
4968
4864
4864
4972
4856
4876
4924
4848
4900
4872
4824
5004
4784
4944
4900
4828
4876
4896
4784
5016
4780
4888
4876
4844
4896
4868
4760
4944
4760
4852
4892
4704
4900
4780
4800
4872
4796
4796
4956
4648
4904
4768
4772
4804
4760
4796
4884
4668
4852
4764
4760
4848
4748
4816
4844
4684
4800
4780
4720
4852
4684
4768
4756
4764
4744
4800
4684
4808
4708
4808
4776
4796
4732
4824
4748
4788
4708
4716
4748
4748
4744
4740
4776
4720
4748
4668
4768
4704
4716
4688
4800
4640
4768
4624
4724
4712
4664
4668
4788
4632
4760
4676
4676
4784
4648
4724
4732
4636
4732
4664
4576
4748
4556
4708
4672
4604
4680
4640
4608
4732
4552
4636
4624
4556
4700
4672
4560
4732
4500
4604
4684
4488
4712
4628
4656
4692
4580
4592
4732
4484
4680
4532
4604
4676
4592
4536
4668
4508
4672
4544
4568
4652
4604
4636
4624
4520
4580
4588
4532
4632
4488
4656
4548
4528
4492
4644
4532
4628
4460
4572
4600
4608
4560
4580
4528
4568
4572
4492
4496
4524
4564
4544
4564
4460
4504
4460
4588
4540
4512
4472
4588
4456
4584
4460
4500
4468
4476
4492
4548
4416
4596
4460
4432
4508
4416
4528
4532
4400
4504
4520
4416
4580
4284
4496
4492
4444
4484
4476
4372
