14431
14463
3616

652
652
756
556
768
648
660
732
644
644
788
536
764
620
660
732
636
628
764
580
736
632
580
744
604
664
716
620
708
704
588
764
552
688
680
652
660
708
588
712
540
656
672
640
668
668
652
684
632
632
688
636
656
636
708
624
672
592
684
628
688
644
704
612
768
588
660
680
644
656
720
628
748
668
608
700
572
700
688
588
668
668
580
780
564
732
672
596
708
688
572
796
560
696
724
588
708
612
564
736
568
672
748
544
756
628
668
692
616
636
764
540
776
596
632
668
592
592
740
536
700
608
620
752
628
688
692
604
688
652
584
764
552
724
668
664
636
692
588
736
580
724
604
708
652
680
592
664
532
692
644
676
612
580
664
556
644
564
704
664
688
624
680
600
732
588
636
652
596
648
700
588
724
676
640
732
564
688
676
604
668
648
560
752
520
712
692
596
676
684
560
772
516
684
648
540
704
656
600
740
528
640
728
580
800
624
652
700
604
584
724
508
772
544
676
712
648
652
748
556
720
628
628
728
604
708
732
604
640
684
588
748
564
700
700
692
652
696
608
736
588
676
636
676
644
700
684
660
596
652
648
608
588
624
720
632
676
576
644
668
700
652
700
588
788
604
636
616
568
660
716
552
692
648
596
704
504
684
708
688
740
660
492
696
556
816
752
628
676
596
540
784
664
812
648
412
596
700
800
848
488
448
540
492
848
752
740
660
468
440
696
580
888
660
636
664
624
696
788
556
684
632
704
788
640
676
664
616
700
712
680
796
600
692
624
644
640
684
600
728
628
716
676
688
644
604
584
632
676
692
724
668
644
640
704
620
740
604
708
684
668
644
744
552
752
588
692
716
672
652
636
552
728
680
664
748
564
704
716
632
720
676
636
796
552
752
676
576
676
668
604
780
516
668
680
584
732
588
596
716
604
720
744
524
740
604
640
764
640
640
768
552
792
628
656
728
636
644
732
584
764
644
628
712
564
688
700
640
684
684
632
748
580
696
644
668
620
684
596
712
596
716
660
676
640
692
680
684
680
632
648
644
648
648
712
588
740
612
732
668
660
660
728
568
760
620
720
708
640
652
660
580
740
624
636
716
532
676
668
604
684
632
560
752
528
780
672
600
672
660
616
792
532
724
700
584
748
628
632
740
564
692
752
572
760
588
668
684
588
636
696
508
752
600
728
736
636
676
728
576
724
616
644
700
604
692
676
612
656
652
608
724
572
676
632
692
636
700
608
724
624
728
656
668
612
700
616
712
652
708
652
668
604
712
736
588
736
564
684
624
604
624
712
572
724
572
648
692
640
692
708
600
744
620
628
732
560
740
648
564
684
676
624
760
508
708
652
644
712
636
592
772
560
728
672
584
728
648
640
764
572
660
724
552
768
596
696
700
596
632
752
548
756
556
676
652
620
644
700
604
716
604
640
688
588
700
708
672
648
660
596
700
572
680
636
688
620
704
632
652
596
732
688
676
628
696
648
608
632
600
712
752
684
640
704
596
744
568
668
636
680
712
732
556
776
596
684
644
568
684
724
592
760
628
728
784
592
748
680
648
712
636
612
784
528
736
604
616
692
636
612
784
572
768
676
580
752
628
632
732
548
696
708
528
732
540
700
696
580
652
724
552
748
556
716
708
648
652
692
584
712
624
680
720
628
680
668
656
668
708
628
668
564
692
648
716
576
676
592
680
576
680
628
700
608
676
652
644
652
620
676
648
592
640
696
592
748
588
680
648
632
696
736
564
744
552
704
692
592
672
656
556
708
632
688
716
512
708
656
588
732
644
620
772
508
708
620
652
744
636
636
776
512
684
604
584
728
604
608
692
548
720
676
540
700
560
708
736
640
648
716
576
764
576
676
628
588
620
712
568
728
612
636
652
620
676
636
608
636
676
640
708
584
704
648
728
620
724
624
684
652
732
688
732
628
716
664
660
684
652
692
676
632
688
684
588
736
552
712
688
632
676
716
564
756
536
684
652
556
676
684
604
736
544
644
732
548
736
636
636
724
656
676
764
500
752
636
652
700
588
640
796
540
780
704
668
764
620
676
748
588
728
668
568
756
568
704
652
608
652
684
560
744
588
732
660
632
644
656
576
688
620
700
680
592
648
656
644
644
640
624
700
604
668
612
680
604
712
624
724
656
696
684
760
652
740
668
676
704
620
688
712
616
704
656
516
796
560
740
600
592
632
724
584
752
572
740
712
600
684
700
584
780
572
684
752
568
736
640
624
732
644
636
744
540
784
636
632
708
648
624
764
500
732
620
656
740
608
616
688
576
736
656
584
708
568
708
636
604
644
696
568
740
540
668
604
636
668
716
596
704
620
688
692
640
672
692
668
684
716
600
636
624
724
604
660
600
772
652
684
600
688
684
788
604
684
640
732
696
564
640
672
612
684
676
572
756
548
692
612
604
708
684
568
776
544
768
684
588
696
672
608
780
580
724
712
548
732
612
612
700
568
616
728
512
796
588
648
696
648
672
772
532
744
588
596
680
632
728
748
568
700
620
588
724
544
664
620
596
692
696
588
720
572
748
656
604
636
712
660
732
628
680
648
628
656
628
636
620
700
680
708
636
680
628
652
584
712
612
656
612
652
648
688
564
724
668
700
728
632
700
696
584
712
712
640
784
572
724
672
612
684
672
576
788
576
744
644
564
684
652
584
764
576
700
756
528
764
668
660
692
596
660
796
516
764
596
704
744
660
648
756
528
788
652
652
716
592
664
684
576
728
668
612
732
580
744
700
612
616
668
596
732
580
676
668
636
672
684
588
664
628
672
664
632
660
652
696
648
744
692
712
636
692
676
720
588
732
616
668
636
636
636
688
596
724
640
640
740
632
684
656
576
716
680
588
764
540
748
668
608
668
636
512
744
508
736
644
540
720
684
640
780
568
724
724
560
752
628
652
724
616
688
748
500
784
612
700
716
608
628
692
516
760
620
636
740
640
680
688
572
680
620
588
760
576
680
584
572
636
696
600
716
568
736
700
676
672
736
656
708
648
664
664
636
660
648
688
620
704
624
676
620
636
620
700
572
728
640
700
632
632
668
732
588
736
632
636
704
600
716
692
684
672
716
584
780
588
748
608
728
724
744
572
764
536
728
668
564
752
700
620
760
572
728
712
556
756
668
668
732
600
636
728
520
760
592
676
716
664
660
728
532
748
624
648
700
600
664
676
612
704
684
600
756
572
728
668
660
652
716
580
732
592
740
604
664
648
744
604
688
636
640
576
640
672
672
664
624
760
704
716
644
640
692
788
584
712
592
732
672
616
636
692
584
744
580
652
740
600
664
612
604
744
692
600
760
568
760
640
584
684
668
556
768
528
780
656
584
708
628
588
740
556
724
728
588
804
612
656
724
612
640
688
516
812
624
676
680
604
660
744
544
748
592
648
712
604
684
676
588
704
632
600
760
596
712
628
628
612
668
580
708
584
668
616
676
636
688
628
660
668
680
668
640
656
688
740
588
680
628
688
652
616
624
716
612
772
580
704
644
604
640
680
560
744
636
632
700
600
708
648
552
704
700
592
740
532
764
688
604
728
732
592
764
488
728
648
572
704
660
640
740
540
668
716
548
748
588
624
708
588
648
736
608
764
536
652
708
652
676
732
520
712
636
636
676
572
664
684
628
708
680
576
692
604
768
660
640
588
680
604
712
580
620
556
660
652
684
596
584
604
652
640
672
636
632
624
588
740
628
708
660
664
688
728
548
740
584
700
668
644
704
688
552
764
632
692
732
540
692
664
596
712
660
612
776
552
728
632
580
680
652
568
780
532
768
660
568
716
620
584
776
580
732
716
576
784
616
696
720
612
668
732
544
788
580
652
632
588
664
740
580
716
632
668
704
580
708
660
632
708
692
604
704
596
740
644
636
596
704
616
696
596
700
616
704
660
700
636
644
656
680
680
672
644
692
688
616
732
608
652
620
636
664
724
548
788
592
700
680
616
652
704
560
752
608
624
712
540
712
636
616
748
644
584
792
488
824
648
660
660
632
524
848
584
732
648
552
780
632
628
704
584
740
764
548
740
588
684
680
628
664
764
540
796
580
684
672
652
680
748
620
728
600
636
708
596
664
680
620
688
668
604
688
580
672
620
668
612
744
612
764
664
748
596
740
640
716
584
632
636
644
612
632
596
724
724
564
680
592
696
652
588
640
712
604
816
576
676
660
604
668
676
532
752
596
624
684
556
744
644
568
720
636
620
756
524
764
676
640
692
636
584
784
528
744
648
568
744
624
636
760
552
704
656
552
760
588
692
708
660
708
720
556
796
576
692
656
640
668
720
600
740
572
628
692
652
692
656
620
656
668
612
684
552
676
612
664
632
716
604
684
572
680
592
676
616
680
616
632
676
648
652
680
644
676
652
584
764
624
708
668
660
692
656
520
720
612
716
672
556
668
684
592
744
592
660
728
556
704
612
592
736
640
600
764
512
780
632
632
724
640
556
720
488
764
680
572
728
668
676
740
580
708
712
612
828
768
1188
1576
1844
2212
2588
2812
3432
3632
4028
4128
4204
4200
4188
4108
4284
4260
4288
4316
4256
4348
4328
4288
4276
4268
4252
4364
4264
4352
4280
4312
4220
4288
4176
4304
4212
4260
4204
4288
4228
4304
4184
4184
4212
4192
4228
4236
4136
4224
4228
4132
4300
4104
4204
4200
4168
4224
4244
4104
4288
4060
4200
4184
4096
4188
4168
4068
4264
4124
4148
4208
4052
4260
4120
4116
4192
4104
4072
4216
4028
4240
4068
4072
4172
4152
4108
4236
3952
4208
4084
4060
4204
4068
4088
4160
4016
4184
4148
4060
4244
4036
4152
4116
4056
4100
4132
3996
4224
4060
4156
4092
4076
4112
4148
4056
4144
4028
4060
4068
4016
4060
4060
4048
4080
4104
4072
4104
3996
4076
4020
4100
4024
4088
4012
4032
3980
4052
3988
4024
3920
4028
3972
4012
4056
3992
3988
4032
3932
4052
4052
3952
4100
3936
4048
4020
3980
4036
4048
3900
4128
3912
4052
4020
3912
4036
4004
3884
4052
3884
3980
4036
3884
4076
3964
3924
4032
3940
3932
4092
3852
4096
3944
3944
3996
4012
3884
4100
3800
4020
3964
3880
4056
3824
3944
3932
3852
3964
3932
3832
4080
3876
3944
3924
3928
3928
4028
3840
4008
3844
3984
3928
3928
3876
3944
3860
3960
3872
3920
3900
3912
3948
3904
3876
3868
3972
3892
3960
3888
3924
3848
3948
3896
3964
3828
3904
3868
3924
3816
3872
3780
3944
3876
3820
3868
3836
3856
3876
3796
3884
3912
3824
3980
3720
3872
3856
3828
3840
3860
3744
3964
3736
3852
3824
3752
3896
3832
3736
3920
3760
3852
3884
3720
3932
3796
3748
3856
3788
3832
3972
3712
3900
3764
3780
3848
3776
3732
3904
3688
3940
3764
3756
3840
3724
3784
3844
3684
3828
3812
3736
3904
3708
3816
3780
3724
3808
3812
3672
3836
3676
3792
3724
3724
3708
3748
3700
3820
3700
3752
3720
3748
3772
3744
3700
3708
3756
3724
3756
3684
3740
3692
3724
3652
3780
3668
3768
3728
3760
3708
3772
3652
3784
3708
3676
3736
3708
3756
3752
3660
3724
3728
3608
3800
3604
3716
3704
3640
3704
3708
3576
3796
3580
3708
3684
3640
3764
3652
3544
3732
3624
3700
3696
3524
3776
3696
3640
3684
3592
3604
3740
3532
3728
3580
3612
3692
3620
3588
3740
3544
3720
3596
3588
3724
3600
3616
3632
3548
3716
3656
3532
3692
3560
3640
3604
3584
3596
3624
3548
3700
3552
3632
3560
3600
3596
3644
3536
3628
3624
3636
3556
3532
3580
3604
3572
3536
3580
3512
3584
3588
3584
3548
3580
3532
3680
3544
3584
3532
3544
3564
3644
3540
3628
3520
3516
3628
3528
3556
3516
3436
3608
3584
3492
3652
3428
3584
3512
3508
3616
3572
3440
3640
3440
3592
3524
3440
3580
3504
3428
3656
3432
3556
3540
3388
3600
3460
3452
3568
3448
3484
3580
3400
3644
3468
3492
3548
3480
3464
3580
3392
3612
3448
3440
3564
3436
3500
3524
3388
3512
3472
3436
3576
3420
3532
3452
3456
3452
3460
3352
3540
3424
3540
3452
3472
3444
3456
3388
3468
3424
3464
3452
3456
3476
3464
3448
3396
3480
3376
3484
3452
3476
3440
3484
3348
3496
3368
3436
3408
3388
3420
3480
3364
3524
3392
3392
3448
3352
3396
3404
3364
3492
3396
3328
3492
3308
3468
3392
3360
3456
3428
3272
3492
3296
3508
3404
3312
3452
3364
3292
3472
3288
3416
3428
3288
3472
3332
3364
3428
3336
3328
3424
3220
3456
3316
3324
3396
3332
3352
3360
3260
3444
3296
3312
3408
3188
3388
3340
3352
3352
3360
3260
3424
3284
3356
3296
3328
3356
3360
3228
3388
3280
3400
3284
3336
3324
3356
3268
3288
3316
3308
3284
3296
3268
3300
3352
3280
3324
3236
3296
3308
3284
3248
3304
3196
3420
3268
3288
3244
3256
3312
3332
3184
3360
3236
3296
3320
3180
3300
3296
3204
3300
3216
3172
3380
3176
3304
3228
3208
3356
3276
3140
3356
3156
3336
3256
3196
3356
3288
3192
3356
3136
3288
3264
3124
3324
3176
3252
3324
3172
3208
3316
3108
3332
3124
3212
3268
3212
3216
3280
3092
3328
3168
3188
3300
3188
3208
3228
3148
3276
3212
3180
3292
3128
3272
3208
3164
3176
3220
3152
3256
3148
3256
3164
3200
3168
3252
3200
3220
3172
3204
3168
3208
3184
3212
3196
3148
3208
3152
3192
3176
3204
3168
3172
3068
3276
3100
3204
3136
3152
3152
3212
3056
3232
3096
3140
3188
3120
3228
3200
3120
3244
3148
3132
3264
3060
3236
3140
3100
3184
3104
3056
3236
3024
3232
3132
3068
3192
3092
3076
3200
2988
3164
3156
3016
3184
3028
3072
3148
3068
3140
3160
2948
3256
3072
3108
3104
3084
3084
3160
2948
3188
3044
3108
3144
3068
3104
3116
3020
3104
3044
3052
3148
3036
3136
3072
3072
3128
3132
3012
3152
3040
3132
3040
3104
3044
3112
3060
3088
3076
3068
3092
3044
3020
3100
3124
2988
3072
3000
3124
3100
3072
3028
3080
2964
3160
2940
3036
3036
3036
3064
3096
2964
3116
2928
2968
3088
3024
3096
3020
2908
3116
3056
3024
3136
2880
3092
3032
3016
3080
3000
2896
3116
2856
3128
3036
2964
3100
2972
2940
3088
2888
3052
3000
2916
3136
2948
3004
3056
2968
3008
3020
2876
3108
2880
3020
3048
2988
2992
3020
2840
3056
2920
2964
3012
2948
2980
2964
2912
3012
2968
2944
3024
2928
3044
2952
2988
2976
3028
2912
3040
2892
2944
2884
2980
2912
2972
2900
2952
2944
2944
2924
2940
2904
2964
2952
2896
3004
2860
2940
2952
2920
2936
2964
2880
3084
2844
2916
2920
2908
2908
2956
2872
3048
2852
2944
2976
2856
2960
2920
2864
2984
2896
2884
3016
2836
3024
2892
2844
2960
2916
2844
3020
2788
3000
2868
2832
2956
2848
2872
3044
2852
2980
2900
2792
2988
2820
2860
2880
2812
2864
2924
2808
3032
2804
2884
2872
2840
2868
2912
2776
2908
2860
2832
2948
2812
2900
2844
2816
2828
2924
2852
2924
2812
2864
2816
2852
2816
2848
2792
2884
2804
2868
2812
2920
2788
2840
2780
2840
2856
2844
2824
2872
2812
2852
2792
2756
2932
2812
2840
2776
2828
2896
2880
2692
2892
2708
2860
2796
2724
2784
2836
2736
2908
2700
2808
2864
2700
2828
2776
2708
2836
2732
2724
2904
2688
2880
2728
2740
2856
2768
2692
2860
2652
2920
2788
2744
2848
2728
2772
2884
2688
2852
2776
2692
2868
2688
2812
2828
2748
2764
2796
2664
2932
2704
2792
2772
2752
2792
2828
2696
2868
2696
2792
2796
2716
2756
2756
2724
2800
2732
2724
2804
2732
2788
2696
2720
2716
2812
2688
2748
2680
2772
2680
2780
2700
2776
2708
2744
2736
2700
2692
2716
2688
2748
2716
2660
2804
2668
2756
2720
2700
2716
2692
2588
2836
2628
2780
2704
2668
2728
2740
2636
2860
2628
2708
2732
2608
2756
2664
2612
2780
2664
2680
2772
2572
2768
2640
2656
2780
2680
2632
2776
2532
2780
2640
2644
2804
2668
2668
2776
2560
2736
2672
2636
2804
2596
2692
2720
2636
2696
2684
2560
2736
2560
2696
2620
2636
2640
2668
2568
2756
2640
2688
2648
2680
2728
2692
2652
2700
2684
2676
2668
2560
2628
2596
2644
2608
2664
2588
2684
2632
2648
2600
2716
2636
2716
2592
2624
2628
2588
2556
2604
2536
2668
2572
2564
2688
2548
2656
2624
2564
2628
2628
2576
2760
2476
2664
2604
2624
2628
2612
2492
2740
2524
2660
2672
2568
2660
2592
2520
2700
2588
2588
2664
2464
2724
2572
2588
2644
2520
2504
2712
2476
2748
2520
2536
2628
2508
2536
2640
2492
2644
2560
2532
2716
2516
2612
2552
2516
2628
2616
2468
2628
2448
2584
2588
2552
2540
2548
2504
2672
2556
2628
2560
2576
2572
2588
2532
2572
2528
2520
2580
2520
2592
2552
2588
2564
2620
2492
2596
2556
2580
2536
2592
2484
2600
2508
2520
2536
2484
2492
2560
2492
2544
2532
2468
2632
2400
2528
2500
2500
2540
2528
2436
2628
2384
2584
2536
2496
2544
2520
2408
2616
2404
2572
2540
2448
2612
2504
2468
2624
2492
2512
2604
2424
2620
2440
2492
2572
2480
2460
2596
2380
2620
2444
2452
2612
2448
2476
2548
2460
2560
2472
2412
2556
2380
2528
2516
2484
2492
2464
2368
2560
2376
2476
2440
2468
2472
2520
2424
2556
2432
2512
2460
2508
2448
2460
2480
2460
2492
2408
2476
2484
2512
2460
2448
2372
2468
2408
2464
2364
2440
2432
2572
2388
2476
2376
2452
2540
2392
2396
2440
2416
2536
2392
2328
2476
2332
2476
2428
2360
2464
2444
2332
2540
2324
2516
2444
2348
2460
2452
2384
2532
2260
2440
2448
2332
2464
2348
2404
2528
2352
2416
2436
2284
2540
2368
2396
2468
2372
2404
2528
2276
2492
2316
2380
2464
2328
2376
2460
2340
2508
2364
2364
2472
2296
2404
2392
2352
2428
2412
2320
2492
2332
2468
2376
2404
2368
2412
2340
2484
2352
2416
2364
2400
2372
2364
2332
2372
2368
2332
2368
2368
2400
2332
2384
2316
2448
2324
2400
2356
2408
2336
2408
2296
2428
2320
2388
2412
2352
2344
2372
2308
2404
2328
2304
2424
2240
2404
2348
2300
2368
2332
2264
2456
2204
2396
2336
2308
2416
2348
2268
2452
2228
2356
2332
2280
2444
2300
2268
2392
2244
2316
2404
2256
2456
2268
2304
2408
2312
2332
2424
2212
2404
2236
2292
2364
2200
2252
2328
2212
2384
2244
2292
2416
2264
2336
2316
2332
2372
2332
2276
2412
2232
2356
2276
2356
2280
2316
2232
2340
2252
2292
2284
2308
2300
2316
2332
2356
2320
2248
2324
2320
2332
2228
2260
2248
2340
2176
2300
2312
2324
2268
2308
2176
2344
2228
2332
2332
2228
2276
2328
2224
2348
2268
2260
2400
2168
2296
2240
2256
2340
2220
2172
2448
2172
2284
2196
2236
2360
2300
2216
2348
2128
2348
2340
2188
2300
2180
2208
2332
2188
2256
2300
2096
2340
2212
2260
2300
2160
2176
2304
2156
2352
2156
2200
2244
2172
2212
2284
2120
2288
2168
2192
2292
2132
2260
2252
2220
2280
2252
2160
2268
2124
2260
2188
2248
2216
2264
2156
2284
2188
2220
2216
2228
2188
2212
2184
2248
2244
2156
2244
2204
2240
2180
2268
2168
2276
2140
2232
2176
2176
2160
2236
2132
2260
2104
2212
2252
2164
2216
2204
2124
2260
2184
2180
2320
2112
2240
2180
2116
2248
2184
2128
2304
2028
2268
2180
2140
2236
2180
2120
2312
2072
2256
2200
2132
2216
2104
2172
2276
2076
2196
2228
2064
2256
2100
2180
2252
2124
2192
2240
2132
2280
2124
2168
2248
2100
2184
2164
2052
2208
2164
2160
2232
2096
2168
2124
2172
2188
2164
2080
2220
2076
2192
2088
2204
2100
2148
2080
2192
2108
2140
2092
2184
2156
2200
2136
2096
2096
2164
2168
2140
2104
2112
2092
2116
2172
2120
2176
2164
2040
2064
2184
2092
2248
2028
2080
2148
2084
2172
2128
2068
2196
2092
2060
2192
1980
2156
2144
2080
2176
2100
2064
2292
1992
2184
2072
2072
2168
2068
2020
2196
1960
2188
2088
2028
2196
2040
2048
2192
2060
2152
2164
1984
2204
2032
2092
2156
2036
2096
2132
1992
2188
2040
2088
2124
2044
2116
2124
2044
2172
2048
2076
2160
2004
2092
2060
2064
2076
2084
2028
2144
2012
2116
2032
2108
2040
2088
2036
2120
2060
2100
2036
2084
2020
2088
2060
2052
2100
2028
2080
2092
2072
2064
2072
2032
2164
2004
2108
2084
2088
2096
2092
1988
2148
1976
2048
2084
2012
2068
2076
1996
2116
1996
2044
2156
1960
2132
2032
2004
2068
1988
1960
2172
1916
2140
1980
2012
2104
2012
1992
2144
1884
2036
1984
1936
2092
1948
2044
2088
1984
2028
2036
1908
2108
1924
2048
2084
2032
2060
2088
1932
2140
1936
2048
2036
1980
2016
2044
1996
2076
1968
1980
2056
1960
2044
2028
2028
2012
2020
1980
2044
1924
2020
1944
2044
1972
2048
1960
2036
1948
1996
1992
2072
1968
2036
1992
1964
2048
1956
1984
1996
1948
1992
2044
1960
2092
1916
2028
2012
1956
1948
2004
1884
2112
1912
2024
2060
1980
2060
2060
1980
2116
