33752
33826
8456

664
664
760
636
696
744
656
756
636
688
752
740
640
716
584
752
604
688
660
740
660
716
600
716
684
704
636
692
660
688
684
616
660
628
648
668
688
620
756
564
732
684
728
736
720
640
804
620
760
664
636
776
692
680
792
644
716
720
600
844
632
692
760
672
688
772
560
844
612
652
704
624
684
728
532
804
628
632
776
588
716
704
596
740
708
612
772
556
772
724
652
740
664
588
780
604
712
644
644
764
704
652
756
668
700
732
668
776
632
640
680
704
688
748
588
716
608
708
664
720
616
716
656
712
664
696
684
728
672
660
712
696
712
668
656
720
692
632
748
576
732
628
696
708
688
620
780
576
724
632
620
708
588
664
760
612
712
668
560
780
584
640
720
640
716
748
560
800
588
676
716
624
704
744
580
816
624
620
744
560
716
688
604
740
620
604
756
536
760
660
652
704
696
616
764
584
764
672
676
756
712
668
692
652
748
664
648
712
568
696
668
776
612
736
568
728
628
700
668
760
696
748
628
700
632
672
592
700
648
708
700
616
688
648
668
712
696
636
772
616
784
680
664
700
640
616
792
612
788
680
632
756
640
644
744
560
732
716
584
788
572
664
708
612
688
736
564
836
548
692
696
620
692
704
560
780
596
684
740
596
760
704
620
776
652
620
776
576
788
628
664
748
700
636
780
608
764
648
684
732
680
660
724
636
720
712
628
708
660
672
672
692
632
724
640
764
688
716
648
732
636
688
620
716
700
688
604
676
608
676
716
652
740
652
680
752
704
632
764
584
796
616
672
720
684
592
780
556
788
632
648
772
620
656
744
592
704
656
572
812
600
684
716
644
728
704
532
836
596
696
668
632
700
700
584
756
612
684
732
556
688
600
640
780
624
588
760
604
808
660
664
676
684
652
724
536
784
688
712
708
676
680
756
652
704
684
684
744
660
672
676
712
664
696
596
716
660
720
620
736
640
752
636
712
684
704
656
756
660
692
716
632
732
648
652
724
644
616
752
596
780
624
664
716
644
636
784
604
820
684
656
740
596
636
724
588
752
664
604
772
552
684
680
640
720
728
596
856
568
740
704
616
716
716
644
832
628
700
752
632
740
644
584
756
656
696
788
548
744
664
716
720
620
600
772
588
744
584
644
668
664
652
704
620
688
684
684
728
700
680
692
772
724
732
632
696
628
720
656
732
564
688
668
720
684
648
632
752
688
716
720
632
700
612
668
752
672
652
740
568
764
632
668
712
660
660
736
536
780
628
644
772
620
668
740
576
740
636
584
792
580
724
728
644
740
720
636
876
584
752
728
664
732
696
588
796
596
724
728
644
752
688
652
788
640
672
776
604
764
616
664
708
656
632
756
600
732
648
684
684
664
632
680
628
708
696
572
752
668
740
640
728
604
804
708
768
684
700
656
772
636
732
680
748
712
688
628
772
628
680
664
624
748
668
712
748
664
636
764
576
788
632
652
716
636
620
760
536
772
612
632
728
588
672
708
568
752
644
616
752
556
712
700
636
756
680
588
808
576
736
716
672
728
720
616
784
588
696
720
616
756
616
640
716
640
636
756
560
760
608
648
664
664
608
728
576
724
628
688
692
676
632
700
660
696
660
664
668
648
684
660
716
620
716
628
696
684
708
640
756
616
764
680
692
696
684
652
788
600
692
712
616
772
604
620
688
636
656
796
532
800
560
668
688
608
628
728
524
780
600
652
752
588
712
756
620
780
640
644
820
576
728
732
692
736
684
636
820
540
716
684
708
760
636
612
776
624
728
736
676
820
684
612
692
636
716
716
544
716
640
708
644
600
636
784
676
760
616
728
700
672
628
692
664
692
636
652
680
692
648
648
724
660
724
636
692
668
700
668
784
576
732
668
680
708
664
644
736
620
692
668
636
756
620
636
724
600
624
708
568
820
616
692
748
644
700
760
584
808
632
684
764
596
676
708
560
748
640
636
800
564
760
684
624
712
648
596
796
524
736
676
668
740
656
592
764
588
720
712
672
780
708
704
744
660
692
720
616
752
628
676
708
628
620
708
644
736
584
664
680
692
628
708
692
716
700
724
700
696
668
656
724
620
728
596
648
668
740
688
756
556
672
632
688
724
656
624
772
636
740
676
588
728
592
692
772
644
692
724
568
824
616
692
704
604
680
764
548
800
560
664
736
604
708
720
580
772
608
640
772
496
668
640
632
748
656
592
784
528
740
644
664
680
652
640
820
612
732
732
684
764
652
668
740
660
708
760
644
756
628
684
636
668
636
756
628
732
628
724
636
668
632
696
692
696
684
712
652
700
676
700
764
636
760
616
612
728
672
672
732
632
740
632
676
680
680
668
796
584
708
732
660
808
616
668
740
644
708
704
560
780
576
684
728
628
712
728
564
832
572
684
724
584
744
712
568
748
608
656
780
568
768
672
660
752
660
668
820
564
780
664
696
732
680
624
752
584
756
700
668
720
640
664
712
628
684
736
660
764
656
744
728
700
624
700
620
764
644
712
628
684
620
724
708
712
716
696
684
692
636
664
748
592
716
664
692
700
668
648
760
572
784
652
656
748
644
712
772
604
704
684
612
756
556
696
704
604
692
736
572
816
568
720
732
612
708
716
548
784
584
720
740
628
736
704
616
788
616
676
760
572
740
680
692
724
628
668
832
604
768
636
676
728
664
648
764
620
740
680
668
740
672
672
708
640
676
704
620
740
600
696
688
700
608
712
612
728
632
720
644
712
624
724
680
644
672
696
684
708
660
668
740
604
744
628
692
728
680
656
804
572
748
600
680
716
640
648
756
596
756
660
628
756
596
724
744
632
696
700
588
780
568
728
712
600
668
748
636
856
556
676
712
620
748
684
636
780
596
700
756
548
728
604
600
728
620
628
756
568
760
628
660
684
656
644
792
672
760
684
704
712
636
644
696
632
660
696
636
748
628
688
636
728
616
712
612
708
620
696
672
784
636
664
700
704
712
692
668
704
668
664
756
576
732
664
732
744
668
692
768
552
764
644
680
684
580
636
776
592
748
608
636
776
612
704
704
588
712
708
616
820
508
700
692
672
736
740
576
816
556
736
760
616
732
672
628
812
628
680
720
544
760
660
684
728
648
656
764
576
772
624
696
720
680
636
740
580
724
672
692
728
632
648
688
644
668
680
608
732
628
732
708
748
640
712
660
740
664
740
664
732
640
720
696
664
700
692
708
748
668
724
748
644
688
696
680
764
640
692
720
620
792
616
688
684
612
676
760
576
784
636
660
760
572
704
716
636
756
700
624
832
556
728
680
604
688
676
580
808
556
744
716
636
692
656
644
784
600
716
756
604
748
616
652
708
652
640
744
524
740
584
704
692
680
636
748
612
732
656
680
708
692
712
720
676
648
680
632
700
620
704
664
720
620
720
640
732
664
728
648
732
616
740
652
640
712
704
696
712
604
632
724
604
788
608
652
724
636
652
764
600
812
592
660
724
620
704
716
532
744
652
656
788
628
704
716
604
708
644
580
788
524
748
692
632
692
684
612
804
516
716
688
636
716
656
608
744
560
736
768
628
716
632
708
772
624
628
724
616
780
604
668
664
664
620
740
580
708
672
732
716
696
700
724
656
652
720
728
764
612
684
700
732
616
700
652
744
648
676
644
764
668
720
660
684
724
668
640
740
648
744
764
572
748
636
704
700
628
672
768
564
772
564
664
720
620
676
736
580
792
632
700
784
604
720
716
624
756
684
588
756
524
744
692
644
700
680
608
804
540
732
664
580
700
676
664
784
604
696
716
580
740
604
660
680
636
672
740
576
724
612
692
640
628
644
736
664
752
656
700
684
660
636
672
680
636
692
664
692
648
668
648
744
616
720
604
680
640
724
676
772
604
736
660
640
772
704
628
728
620
696
716
572
748
612
708
760
628
628
728
552
828
576
692
724
592
668
780
592
748
572
652
804
636
760
688
584
716
684
668
816
552
756
692
684
784
752
600
804
568
768
736
660
744
684
660
776
588
692
696
564
772
664
704
716
664
664
748
596
748
596
692
692
688
668
716
620
708
680
724
684
676
668
708
720
704
756
676
704
668
676
664
736
628
748
656
696
676
700
656
760
636
756
644
632
712
684
672
744
596
680
712
620
792
600
676
712
600
720
740
588
748
572
684
796
680
656
756
584
820
620
652
760
620
788
696
596
720
680
652
792
564
740
708
648
704
676
640
816
604
756
712
644
732
676
660
756
596
672
760
628
764
596
668
644
596
620
708
576
736
588
736
632
676
620
724
636
700
648
712
672
664
668
696
708
620
740
644
696
636
680
668
752
600
776
672
724
692
688
644
752
580
704
652
604
704
628
636
728
580
668
680
564
724
620
700
744
584
700
736
556
776
572
676
716
596
708
764
588
804
644
676
772
560
728
696
648
720
636
604
800
548
764
644
656
724
692
632
792
500
736
704
636
672
644
688
772
596
684
676
616
780
612
680
684
676
660
712
540
764
656
736
620
664
644
748
624
704
916
1724
2612
3704
4732
5796
6732
7356
7988
8288
8620
8828
8980
8992
9124
8996
9180
9084
9152
9180
9180
9196
9288
9096
9284
9248
9196
9240
9164
9164
9260
9104
9176
9176
9004
9216
8988
9056
9144
9072
9112
9092
8904
9188
8956
9048
9016
8900
9036
9044
8836
9028
8876
8972
9024
8828
8984
8944
8880
8968
8876
8820
9004
8756
8996
8860
8844
8896
8840
8796
8940
8752
8948
8840
8796
8876
8828
8792
8852
8708
8844
8840
8744
8876
8768
8836
8808
8772
8780
8824
8700
8844
8752
8836
8716
8792
8760
8800
8712
8760
8704
8748
8696
8736
8728
8744
8728
8648
8752
8716
8732
8724
8668
8632
8724
8572
8776
8620
8664
8692
8648
8616
8712
8508
8716
8632
8580
8668
8584
8636
8676
8540
8712
8728
8504
8660
8500
8664
8648
8572
8620
8624
8436
8724
8468
8580
8612
8472
8592
8568
8464
8656
8428
8532
8624
8460
8636
8524
8436
8552
8476
8484
8592
8316
8532
8436
8448
8476
8408
8396
8528
8316
8528
8452
8408
8460
8400
8452
8552
8380
8468
8452
8360
8476
8360
8412
8388
8364
8384
8444
8324
8420
8296
8432
8304
8404
8332
8412
8324
8396
8352
8368
8308
8380
8324
8324
8340
8280
8372
8304
8312
8316
8300
8300
8348
8172
8344
8192
8280
8264
8228
8220
8332
8164
8344
8244
8224
8280
8152
8252
8272
8136
8240
8216
8120
8360
8132
8268
8236
8124
8196
8252
8036
8300
8060
8232
8256
8044
8152
8228
8044
8340
8028
8196
8172
8028
8216
8060
8076
8196
8120
8096
8172
7948
8172
8064
8052
8120
8108
8060
8192
7936
8136
8032
8024
8072
8060
8120
8140
7952
8008
8032
8016
8172
8028
8048
7940
7928
7988
8104
7960
7968
7784
7928
8028
8196
8064
7940
7748
7740
7876
8040
8108
8132
7904
7856
7872
7872
8028
7936
7896
7860
7824
7944
8100
7892
8008
7804
7840
7868
7920
7892
8004
7704
7924
7820
7888
7976
7876
7832
7876
7708
7928
7900
7760
7912
7724
7860
7908
7780
7832
7796
7640
7908
7652
7888
7840
7748
7864
7816
7652
7832
7640
7788
7872
7716
7880
7744
7732
7732
7668
7720
7812
7564
7836
7720
7748
7732
7700
7664
7820
7580
7740
7648
7708
7748
7696
7680
7740
7640
7692
7676
7580
7756
7684
7716
7604
7632
7624
7700
7568
7700
7612
7720
7588
7660
7564
7688
7604
7608
7560
7600
7572
7664
7548
7580
7636
7512
7656
7516
7580
7572
7548
7532
7600
7444
7688
7520
7540
7552
7496
7564
7624
7424
7608
7484
7456
7576
7448
7536
7560
7408
7548
7512
7444
7636
7344
7536
7524
7388
7464
7464
7340
7604
7296
7468
7444
7368
7540
7460
7364
7560
7380
7456
7472
7300
7532
7428
7380
7448
7360
7412
7500
7264
7452
7352
7400
7412
7348
7316
7444
7260
7404
7328
7344
7376
7312
7332
7352
7276
7348
7348
7264
7348
7292
7352
7296
7308
7264
7356
7244
7352
7264
7376
7244
7360
7252
7340
7284
7260
7264
7276
7236
7304
7212
7272
7316
7172
7320
7224
7224
7236
7220
7220
7320
7100
7308
7144
7188
7212
7140
7156
7228
7056
7280
7196
7148
7260
7100
7224
7220
7064
7208
7224
7124
7340
7036
7192
7180
7052
7088
7108
7004
7300
7024
7180
7160
7028
7164
7112
7016
7192
7004
7124
7188
7028
7216
7068
7020
7132
7052
7084
7160
6932
7168
7076
7096
7096
7020
7000
7116
6976
7124
7012
6972
6988
6948
7016
7072
6984
7004
7036
6976
7064
6964
7028
6964
7020
6980
7052
6936
6988
6912
7024
6964
7040
6912
7012
6972
7012
7008
6944
6900
6964
6880
6920
6976
6820
6984
6824
6904
6948
6876
6876
6964
6780
7036
6868
6916
6960
6892
6924
6972
6728
6940
6852
6860
6948
6780
6908
6896
6728
6872
6848
6748
6972
6752
6944
6884
6776
6860
6848
6696
6948
6664
6920
6792
6772
6860
6820
6728
6864
6636
6912
6812
6704
6828
6728
6744
6816
6736
6700
6832
6660
6864
6704
6744
6764
6724
6724
6820
6684
6808
6780
6748
6740
6692
6708
6740
6700
6716
6716
6616
6676
6644
6716
6652
6724
6656
6708
6612
6656
6648
6684
6628
6736
6628
6684
6668
6576
6656
6616
6568
6652
6560
6600
6716
6532
6700
6548
6600
6640
6556
6580
6716
6440
6720
6508
6592
6568
6532
6548
6668
6468
6696
6460
6500
6624
6508
6600
6604
6432
6604
6548
6476
6676
6396
6556
6496
6440
6576
6548
6420
6616
6372
6548
6560
6452
6524
6456
6420
6572
6424
6532
6516
6332
6600
6492
6444
6472
6424
6444
6548
6320
6476
6372
6468
6484
6408
6360
6444
6376
6484
6392
6404
6412
6388
6372
6412
6392
6396
6468
6368
6412
6364
6428
6360
6412
6308
6472
6360
6404
6336
6412
6352
6472
6312
6452
6356
6336
6400
6372
6348
6396
6308
6360
6372
6200
6372
6252
6336
6368
6296
6316
6392
6172
6404
6212
6296
6344
6232
6272
6332
6152
6360
6260
6252
6364
6176
6296
6280
6192
6332
6288
6140
6372
6124
6292
6240
6164
6276
6264
6164
6336
6084
6296
6276
6172
6292
6204
6180
6312
6144
6220
6236
6116
6268
6152
6164
6224
6140
6172
6204
6048
6240
6120
6168
6144
6156
6156
6192
6060
6160
6144
6192
6176
6136
6144
6164
6132
6096
6144
6072
6120
6064
6140
6068
6180
6088
6172
6052
6072
6064
6120
6020
6148
6048
6140
6108
6020
6112
6072
6028
6096
5996
6044
6100
5916
6124
6020
6044
6088
5996
6044
6112
5936
6196
5992
6008
6076
5992
6016
6064
5864
6088
5980
5964
6084
5916
6020
6004
5912
6056
6004
5888
6096
5844
6020
5964
5880
5984
5952
5864
6104
5848
5976
5924
5848
5984
5908
5888
6012
5820
5944
6000
5836
5996
5884
5928
5956
5904
5928
5976
5780
5972
5900
5956
5912
5884
5828
5916
5852
5956
5872
5868
5884
5884
5892
5884
5824
5808
5892
5844
5900
5836
5876
5772
5860
5764
5948
5812
5836
5816
5872
5808
5880
5684
5816
5772
5756
5856
5812
5772
5864
5768
5840
5832
5680
5856
5736
5752
5820
5708
5772
5876
5684
5916
5712
5764
5816
5680
5756
5804
5612
5840
5656
5708
5840
5660
5812
5756
5660
5776
5724
5652
5828
5588
5776
5712
5652
5736
5724
5604
5792
5552
5724
5656
5588
5712
5680
5564
5788
5604
5716
5684
5556
5652
5732
5716
5692
5616
5612
5720
5564
5748
5608
5700
5664
5688
5620
5640
5556
5640
5632
5616
5624
5628
5628
5620
5588
5544
5620
5568
5592
5580
5624
5576
5644
5516
5660
5576
5616
5576
5576
5524
5672
5480
5624
5556
5504
5596
5564
5532
5588
5480
5576
5612
5416
5660
5456
5600
5548
5500
5496
5620
5376
5684
5436
5536
5596
5500
5544
5580
5396
5592
5428
5476
5588
5396
5568
5504
5424
5516
5488
5388
5548
5352
5552
5468
5400
5476
5460
5372
5548
5348
5532
5408
5328
5528
5460
5392
5488
5340
5476
5492
5328
5440
5372
5488
5484
5360
5344
5448
5312
5452
5268
5396
5392
5480
5388
5416
5296
5412
5364
5372
5324
5388
5344
5364
5376
5360
5408
5324
5348
5324
5360
5324
5400
5244
5424
5316
5380
5316
5360
5304
5404
5244
5412
5364
5312
5400
5340
5304
5380
5244
5332
5316
5176
5376
5212
5312
5344
5200
5312
5364
5124
5404
5176
5336
5332
5248
5348
5364
5180
5396
5212
5220
5348
5156
5324
5256
5184
5304
5236
5160
5332
5096
5296
5172
5180
5288
5260
5180
5332
5132
5308
5204
5152
5268
5208
5140
5260
5124
5228
5196
5076
5228
5152
5196
5200
5192
5132
5232
5156
5252
5116
5188
5192
5532
5916
6468
6928
7468
7912
8368
8812
9280
9452
9496
9528
9532
9664
9624
9640
9648
9676
9664
9752
9596
9760
9664
9724
9692
9664
9616
9800
9628
9744
9632
9584
9684
9580
9552
9680
9556
9656
9616
9436
9640
9428
9516
9548
9456
9524
9544
9340
9660
9412
9520
9500
9372
9468
9476
9340
9572
9372
9408
9524
9336
9496
9432
9368
9464
9392
9376
9592
9348
9532
9392
9368
9444
9400
9292
9448
9224
9464
9328
9256
9400
9352
9272
9372
9260
9388
9324
9212
9396
9272
9324
9316
9292
9244
9308
9196
9340
9216
9308
9208
9264
9204
9312
9244
9280
9224
9212
9236
9324
9268
9220
9224
9156
9300
9188
9256
9228
9188
9156
9260
9108
9284
9136
9160
9204
9204
9168
9244
9052
9204
9140
9128
9232
9116
9084
9156
9004
9148
9144
8988
9212
8988
9132
9136
9044
9084
9100
8904
9196
8932
9080
9108
8956
9100
9016
8896
9140
8956
9036
9064
8920
9084
8976
8936
9068
8976
8948
9084
8860
9080
8948
8956
8992
8960
8852
9032
8804
9008
8916
8892
8976
8920
8876
8956
8864
8964
8940
8904
8940
8864
8884
8868
8884
8868
8920
8784
8896
8756
8896
8812
8828
8788
8868
8828
8816
8800
8840
8772
8860
8764
8760
8816
8752
8868
8740
8748
8768
8760
8708
8844
8652
8852
8716
8732
8744
8740
8680
8800
8624
8828
8684
8600
8748
8680
8704
8780
8612
8736
8740
8540
8816
8532
8728
8700
8576
8644
8728
8532
8844
8524
8684
8684
8580
8692
8628
8508
8712
8528
8600
8680
8496
8688
8604
8556
8652
8568
8548
8672
8456
8676
8472
8520
8644
8592
8500
8640
8468
8680
8576
8468
8500
8516
8548
8596
8408
8476
8536
8444
8528
8396
8484
8480
8532
8460
8504
8396
8540
8428
8476
8368
8496
8436
8496
8416
8396
8424
8404
8380
8444
8396
8428
8440
8308
8428
8332
8368
8348
8344
8296
8428
8244
8472
8312
8364
8400
8340
8304
8408
8216
8440
8332
8308
8404
8240
8292
8336
8216
8384
8352
8196
8436
8220
8316
8300
8212
8316
8312
8164
8424
8168
8300
8260
8148
8312
8256
8168
8312
8120
8264
8312
8116
8280
8180
8140
8260
8176
8196
8280
8060
8276
8140
8156
8188
8156
8104
8236
8060
8200
8084
8116
8192
8124
8092
8152
8076
8148
8112
8060
8184
8092
8148
8076
8160
8108
8156
8040
8116
8044
8100
8024
8124
8064
8124
8088
8028
8028
8028
8024
8072
7972
8016
8044
7980
8136
7972
8016
8040
8008
7988
8020
7888
8116
7952
7956
7976
7964
7964
8060
7820
8028
7908
7912
8004
7888
7940
7988
7880
8028
7940
7828
8068
7820
7960
7976
7900
7972
7940
7740
8028
7820
7940
7948
7792
7972
7924
7796
7996
7816
7828
7916
7748
7964
7844
7824
7904
7804
7792
7904
7724
7908
7748
7780
7812
7844
7804
7900
7676
7852
7760
7752
7792
7764
7732
7756
7708
7792
7844
7704
7720
7688
7740
7736
7760
7700
7732
7652
7740
7680
7720
7644
7764
7668
7752
7684
7676
7700
7656
7632
7732
7620
7660
7676
7592
7784
7648
7660
7664
7604
7644
7748
7540
7752
7608
7664
7684
7600
7604
7680
7492
7676
7560
7560
7656
7472
7552
7608
7488
7652
7572
7452
7672
7444
7572
7544
7440
7588
7580
7476
7712
7424
7564
7540
7468
7608
7540
7428
7592
7412
7536
7560
7392
7580
7464
7448
7512
7464
7464
7556
7336
7564
7412
7448
7468
7428
7372
7484
7336
7516
7428
7420
7412
7396
7396
7448
7376
7468
7472
7416
7504
7392
7468
7424
7456
7404
7436
7272
7424
7324
7448
7264
7432
7264
7348
7292
7308
7380
7348
7292
7404
7292
7340
7352
7244
7364
7260
7320
7352
7268
7252
7384
7188
7444
7228
7248
7288
7220
7260
7356
7188
7444
7244
7232
7356
7192
7268
7304
7176
7312
7244
7108
7328
7120
7272
7236
7164
7240
7220
7108
7324
7088
7252
7228
7132
7232
7176
7084
7260
7068
7212
7208
7100
7264
7092
7120
7228
7188
7156
7236
7048
7276
7116
7148
7112
7152
7144
7220
6992
7156
7092
7112
7096
7068
7032
7120
7052
7088
7048
6996
7120
7072
7096
7032
7104
7032
7116
7004
7076
7064
7088
6980
7092
6976
7064
6988
6980
7048
6988
6968
7072
6932
7004
7000
6896
7076
6892
6964
7020
6956
6956
7032
6884
7116
6908
6952
6996
6904
6932
6968
6784
7044
6864
6884
6976
6860
6948
6952
6812
6992
6920
6860
7032
6796
6960
6896
6840
6972
6936
6804
6996
6736
6924
6864
6760
6916
