29763
29840
7460

540
540
796
672
624
744
612
660
688
556
712
684
564
788
584
704
668
600
692
720
536
764
540
704
700
608
700
732
548
768
620
696
680
584
712
676
624
732
616
624
740
612
760
628
636
644
676
620
736
596
780
692
672
676
700
648
696
656
704
692
664
652
672
680
680
752
636
652
672
716
692
700
592
760
652
728
656
648
728
704
628
712
620
720
700
544
716
620
676
704
620
640
772
568
804
620
636
716
660
636
744
564
788
636
628
764
652
716
728
568
736
660
568
776
516
732
716
636
708
640
536
804
536
688
672
636
732
700
588
748
604
712
660
568
744
668
636
680
648
688
764
600
764
632
716
716
680
596
708
620
712
580
648
652
708
644
664
656
700
700
648
684
696
700
616
708
652
760
700
664
692
692
616
704
556
692
624
600
712
728
628
720
588
728
740
588
772
604
656
748
676
632
768
548
816
620
692
752
652
640
788
600
832
668
616
732
640
724
748
572
776
704
640
772
564
716
676
652
772
732
576
756
512
712
692
628
740
672
576
784
628
716
676
560
732
688
684
748
696
668
740
580
732
576
652
668
740
648
760
604
736
640
708
624
684
652
688
672
648
656
620
628
656
660
676
764
632
708
660
668
640
664
596
744
592
732
688
668
720
688
596
736
596
696
724
612
788
600
632
692
620
656
752
584
836
612
700
740
644
648
700
532
780
628
676
784
628
720
708
596
776
660
604
784
576
764
732
620
708
692
612
828
564
716
660
652
708
640
580
744
600
688
652
604
724
612
612
672
664
672
716
604
772
676
748
672
724
588
760
616
764
636
708
604
776
652
700
636
628
680
672
672
632
684
664
768
644
744
692
680
688
692
636
760
572
704
660
652
724
676
608
760
592
696
692
560
780
628
688
732
624
676
756
556
820
628
648
688
600
692
744
548
800
588
644
736
576
728
760
644
768
696
620
816
568
708
644
604
724
704
568
776
548
724
604
612
700
668
596
776
616
732
716
652
740
632
604
648
660
656
704
592
716
596
712
648
692
596
700
576
680
648
676
604
724
644
724
720
616
644
668
680
672
656
620
760
620
744
596
656
716
716
564
720
580
764
656
632
712
660
652
768
588
680
724
604
804
596
676
756
644
660
732
584
820
588
684
724
640
660
700
544
792
596
660
736
596
692
708
604
756
624
580
776
588
732
648
624
740
716
628
808
580
764
716
700
748
692
636
780
624
684
644
592
720
640
652
676
680
656
664
572
740
600
696
592
732
684
748
604
660
656
728
636
704
620
656
700
656
688
660
692
700
652
596
748
600
716
632
672
728
660
572
740
556
732
644
628
764
680
644
760
592
732
752
584
748
584
668
760
620
692
700
524
800
580
648
692
628
696
740
584
828
612
624
720
636
748
732
584
748
644
640
764
536
716
672
656
716
664
584
760
556
744
664
660
732
668
636
732
636
724
708
640
764
668
696
704
692
644
680
612
720
640
708
664
760
648
720
644
688
668
704
648
748
644
668
676
596
660
620
616
696
680
648
772
620
772
640
656
684
704
624
800
564
764
656
632
696
616
628
764
596
716
680
584
780
588
688
756
636
680
696
544
812
568
668
668
584
700
732
576
820
612
680
728
580
712
672
588
764
668
652
764
564
748
640
636
724
692
596
788
580
740
664
660
692
636
620
744
640
724
684
640
744
660
676
652
692
680
716
636
720
660
744
652
728
620
704
648
728
636
732
608
776
636
704
644
704
740
648
640
676
672
636
732
580
760
648
684
704
656
632
780
572
728
612
636
768
660
648
772
608
764
688
600
804
588
676
708
596
696
684
532
816
588
712
696
612
668
720
560
768
592
656
720
604
692
668
604
744
664
596
748
588
748
640
668
688
632
592
764
552
716
632
652
652
668
596
760
632
716
688
660
712
664
668
620
644
620
696
620
720
656
724
636
828
684
760
652
636
628
708
660
728
580
676
696
668
712
636
632
752
664
624
720
536
748
648
704
724
668
624
728
540
756
648
596
732
608
644
752
564
740
660
596
776
588
704
728
640
708
664
604
856
564
720
728
628
668
648
552
768
540
668
680
576
668
624
620
764
636
640
740
544
744
632
624
696
684
596
732
572
744
604
640
644
636
596
700
624
736
716
672
708
644
676
684
660
628
672
604
752
676
664
632
736
596
684
644
748
736
704
604
740
632
680
688
600
716
640
628
700
628
668
748
564
728
620
696
716
604
616
768
556
752
588
624
728
604
640
736
572
756
668
564
788
576
732
732
652
728
672
572
860
588
732
688
612
728
760
588
780
564
720
728
648
740
680
616
748
676
680
760
552
696
612
700
728
668
592
732
600
732
636
664
652
648
656
768
656
688
636
656
696
676
680
644
700
668
712
632
648
648
704
640
788
628
732
664
692
708
688
640
768
608
716
712
616
696
632
648
728
636
628
712
544
776
660
748
752
652
684
800
528
764
624
692
784
668
696
744
568
764
652
608
792
588
680
668
568
716
684
564
796
532
700
684
616
732
716
644
796
596
732
696
596
732
660
612
716
592
668
700
552
728
644
664
724
696
656
768
624
764
624
652
636
628
620
728
668
728
668
696
704
648
668
632
684
624
696
652
708
684
716
604
772
588
700
616
656
704
712
648
772
612
736
668
660
700
572
652
748
660
608
728
552
780
652
684
740
668
680
772
536
772
600
644
736
636
700
780
560
768
656
588
776
540
676
708
628
768
684
596
820
552
760
696
636
724
664
556
792
560
700
664
636
736
664
640
732
676
668
740
596
764
652
748
680
692
588
740
600
716
640
716
732
716
612
700
604
652
636
680
692
684
688
696
776
644
708
644
644
652
720
624
756
576
732
664
680
684
652
608
820
616
712
688
644
768
624
620
724
636
692
744
540
760
572
664
688
600
660
764
560
764
600
684
784
592
652
744
604
764
628
640
840
588
732
684
588
712
680
580
800
500
716
664
636
748
732
628
772
556
708
692
660
744
628
636
696
624
668
716
556
720
616
680
680
680
600
724
596
712
608
716
700
704
652
684
616
668
664
696
676
628
660
628
716
624
720
624
684
676
700
588
744
572
704
624
660
652
640
620
796
608
708
664
628
736
612
668
772
684
716
716
572
780
620
684
732
656
700
788
524
752
592
680
736
600
648
692
568
736
608
616
788
580
680
692
640
752
664
576
788
584
760
648
632
728
716
620
804
568
728
680
624
680
616
636
724
608
632
708
640
736
620
716
676
668
600
704
636
768
656
676
604
704
660
716
596
600
568
636
684
712
680
636
700
632
764
720
716
680
696
648
796
544
704
616
632
696
648
592
748
552
696
668
604
760
604
652
732
636
696
732
568
788
576
680
736
640
680
768
556
804
556
620
684
556
644
712
604
776
620
648
800
588
720
660
636
716
660
596
808
536
728
632
604
668
620
588
812
612
752
672
632
704
680
680
732
616
676
720
604
696
580
684
648
664
612
704
604
736
628
712
676
688
620
696
652
664
660
632
628
656
676
644
752
576
680
604
660
688
688
580
740
536
692
624
636
724
660
616
784
588
700
712
556
776
604
656
704
552
556
752
552
824
520
672
728
648
692
720
528
816
636
692
728
608
676
704
548
768
676
680
824
580
748
688
612
680
636
584
828
552
700
644
676
708
668
644
784
592
748
680
628
676
628
648
712
652
604
692
588
700
612
668
668
724
676
728
628
716
620
696
644
716
620
696
668
640
668
680
616
656
644
660
736
576
720
664
664
664
600
592
836
588
744
644
684
736
648
572
748
596
728
660
576
744
588
652
708
560
688
744
604
772
540
676
708
588
664
740
564
832
596
712
772
624
672
688
564
740
644
636
796
584
704
664
620
724
668
648
824
576
776
648
668
744
676
644
780
596
700
664
636
724
624
636
708
664
668
712
652
732
648
692
688
704
612
728
624
684
616
692
624
680
588
692
660
628
644
684
692
724
680
640
712
596
740
628
676
660
632
600
788
572
744
668
676
732
656
636
804
580
732
688
632
748
592
680
724
584
664
708
588
816
548
652
720
604
640
668
576
820
592
668
716
568
680
684
612
764
636
628
768
564
732
668
620
704
656
628
772
528
732
652
668
684
692
612
756
564
724
692
644
688
620
676
700
676
628
660
584
680
624
748
668
676
580
708
684
724
628
624
592
712
664
732
688
684
696
688
660
704
644
628
720
604
788
676
672
676
624
612
796
572
744
608
636
728
604
584
720
536
732
676
624
792
596
668
720
600
700
660
536
780
564
672
712
652
680
716
560
816
584
712
752
640
724
716
588
764
600
652
764
588
752
656
664
740
660
588
736
528
716
612
692
716
660
648
760
604
708
660
644
696
668
692
728
680
652
696
680
752
632
692
604
644
620
720
684
708
660
724
632
712
596
676
684
648
732
668
664
684
608
632
732
544
720
616
688
708
664
612
756
508
732
648
676
748
628
636
752
588
732
664
604
764
564
732
704
648
680
728
556
796
464
748
700
652
708
720
572
816
580
676
836
1308
2284
3224
4124
5272
6072
6868
7552
7660
7924
7916
7996
8076
8080
8052
8244
8032
8244
8176
8196
8208
8168
8140
8240
8156
8244
8180
8168
8212
8172
8176
8156
8140
8088
8132
8072
8112
8040
8108
8000
8108
7964
8048
8028
8028
8004
8044
7884
7984
7900
8020
7964
7908
7976
7956
7904
7992
7884
7892
8012
7820
7964
7884
7916
7924
7832
7828
7964
7736
7992
7824
7812
7912
7828
7828
7932
7720
7920
7884
7788
7976
7756
7868
7892
7728
7852
7864
7732
7932
7676
7836
7848
7736
7792
7832
7716
7944
7688
7808
7812
7692
7828
7796
7728
7864
7720
7764
7896
7676
7828
7732
7708
7756
7688
7640
7816
7608
7792
7668
7688
7704
7672
7624
7788
7648
7764
7692
7676
7684
7632
7648
7652
7660
7608
7648
7592
7704
7612
7680
7628
7724
7588
7696
7640
7656
7588
7628
7564
7688
7536
7604
7576
7516
7632
7580
7544
7572
7484
7508
7628
7460
7652
7528
7592
7564
7520
7496
7648
7428
7616
7488
7524
7580
7448
7480
7604
7412
7588
7488
7444
7616
7424
7504
7512
7388
7500
7504
7360
7604
7364
7528
7500
7436
7492
7496
7352
7552
7320
7468
7452
7340
7420
7376
7376
7480
7320
7340
7448
7364
7500
7348
7352
7412
7412
7376
7448
7292
7464
7364
7408
7336
7348
7292
7424
7236
7320
7332
7396
7308
7224
7272
7308
7340
7268
7324
7264
7340
7292
7320
7236
7352
7224
7360
7264
7276
7228
7244
7188
7348
7212
7312
7244
7136
7268
7288
7264
7292
7132
7164
7292
7116
7308
7144
7220
7228
7196
7196
7320
7072
7276
7108
7184
7284
7156
7188
7264
7064
7260
7152
7060
7204
7008
7180
7196
7064
7204
7196
7064
7300
7016
7212
7164
7068
7128
7144
7028
7264
7036
7156
7096
6980
7100
7040
7004
7156
7020
7068
7136
6956
7120
6988
7032
7076
7064
7032
7168
6972
7124
7016
7064
7036
7052
7040
7140
7012
7060
7004
6988
7004
6948
7008
7016
7024
6940
7004
6944
6956
6924
7000
6892
7028
6876
7008
6900
6940
6940
6916
6864
6976
6840
6952
6924
6884
6984
6880
6892
6960
6852
6916
6984
6868
7048
6884
6900
6940
6860
6888
7012
6744
6980
6804
6872
6920
6784
6840
6916
6732
6964
6828
6824
6924
6716
6856
6880
6772
6892
6848
6680
6976
6628
6900
6756
6720
6788
6824
6748
6880
6636
6760
6796
6764
6812
6780
6796
6920
6768
6800
6832
6680
6836
6692
6748
6748
6748
6720
6780
6628
6724
6632
6692
6672
6704
6716
6760
6660
6720
6676
6700
6676
6676
6680
6668
6680
6612
6700
6680
6660
6632
6664
6572
6660
6560
6700
6628
6628
6640
6656
6592
6704
6508
6640
6684
6604
6664
6588
6604
6680
6548
6568
6632
6484
6688
6524
6592
6620
6548
6556
6652
6452
6716
6504
6540
6604
6508
6612
6656
6432
6612
6464
6480
6652
6420
6576
6540
6436
6548
6496
6452
6648
6332
6556
6492
6444
6536
6532
6460
6656
6400
6572
6508
6436
6532
6476
6456
6516
6404
6472
6496
6396
6540
6440
6460
6448
6444
6432
6532
6348
6492
6400
6448
6428
6456
6412
6452
6332
6380
6380
6404
6388
6360
6380
6380
6392
6300
6412
6368
6380
6384
6412
6348
6456
6296
6460
6368
6332
6360
6384
6376
6468
6268
6388
6356
6268
6408
6280
6328
6384
6280
6356
6424
6224
6424
6220
6292
6300
6224
6268
6360
6144
6400
6212
6288
6332
6196
6252
6316
6148
6364
6200
6220
6336
6136
6280
6232
6116
6264
6228
6180
6368
6124
6304
6232
6184
6260
6204
6156
6316
6100
6280
6200
6164
6228
6196
6176
6272
6144
6188
6220
6080
6168
6128
6220
6164
6136
6092
6232
6092
6204
6096
6152
6140
6192
6108
6168
6136
6176
6124
6092
6088
6140
6132
6132
6192
6060
6128
6068
6076
6084
6132
6080
6140
5932
6124
6116
6100
6088
6080
6048
6164
5984
6124
6056
5980
6140
6060
6036
6084
5932
6004
6064
5940
6168
5948
6036
6052
5992
6064
6104
5864
6108
5940
6052
6116
5964
5988
6024
5880
6092
5928
5920
6048
5860
6020
5980
5912
6044
5948
5912
6080
5824
6016
5948
5928
5976
5916
5880
6044
5820
5980
5932
5868
5936
5888
5900
5984
5880
5924
5940
5852
5940
5832
5916
5860
5884
5832
5912
5852
5964
5876
5920
5880
5884
5856
5916
5840
5852
5852
5840
5832
5892
5872
5840
5864
5740
5912
5828
5848
5812
5848
5768
5940
5720
5896
5780
5756
5816
5836
5824
5964
5696
5864
5792
5744
5884
5724
5796
5864
5728
5828
5828
5660
5832
5652
5788
5824
5700
5780
5860
5676
5892
5652
5772
5788
5684
5768
5816
5644
5804
5648
5672
5780
5572
5764
5708
5676
5784
5740
5676
5816
5572
5740
5720
5708
5692
5652
5672
5724
5676
5720
5724
5608
5716
5644
5668
5700
5600
5676
5740
5676
5716
5588
5664
5628
5660
5564
5680
5584
5684
5568
5624
5564
5632
5548
5660
5608
5608
5628
5664
5616
5644
5616
5564
5652
5564
5652
5528
5564
5596
5596
5548
5660
5428
5644
5600
5532
5580
5524
5536
5680
5460
5608
5524
5508
5668
5520
5552
5568
5420
5552
5568
5420
5664
5420
5524
5556
5452
5540
5556
5372
5632
5444
5584
5532
5388
5512
5536
5380
5584
5404
5472
5596
5348
5496
5468
5384
5500
5420
5420
5584
5324
5528
5428
5416
5448
5420
5392
5524
5348
5508
5452
5404
5428
5380
5384
5436
5384
5424
5416
5332
5436
5380
5444
5372
5396
5360
5452
5336
5404
5352
5416
5372
5420
5336
5420
5376
5384
5372
5372
5328
5388
5328
5364
5376
5268
5372
5316
5320
5324
5324
5284
5420
5188
5404
5292
5312
5356
5288
5280
5380
5192
5400
5356
5260
5388
5244
5332
5356
5180
5292
5292
5156
5404
5176
5332
5304
5180
5280
5332
5156
5384
5160
5304
5288
5184
5280
5320
5180
5348
5184
5272
5316
5136
5296
5240
5224
5288
5232
5200
5316
5104
5316
5196
5200
5228
5192
5188
5296
5140
5252
5212
5196
5228
5196
5184
5200
5172
5156
5184
5092
5160
5128
5216
5160
5220
5128
5204
5116
5168
5128
5188
5068
5156
5084
5172
5148
5116
5124
5140
5116
5176
5096
5104
5208
5100
5228
5080
5100
5180
5136
5068
5172
4968
5240
5076
5064
5092
5104
5092
5228
4936
5204
5056
5016
5148
4988
5100
5132
4940
5100
5128
5028
5204
4904
5044
5104
5032
5100
5088
4908
5152
4980
5108
5072
4928
5052
5080
4940
5124
4988
5024
5104
4876
5064
5008
5000
5052
4972
4968
5140
4932
5104
4960
5000
5012
4988
4936
5052
4880
5032
4968
4976
4984
4900
4916
4964
4924
4932
4996
4960
4972
4908
4972
4908
4968
4872
5004
4876
4964
4932
4964
4888
4980
4880
4988
4904
4920
4972
4968
4924
4948
4860
4932
4984
4832
4968
4880
4892
4948
4916
4848
4936
4740
4968
4924
4864
4908
4804
4852
4992
4748
4932
4840
4832
4992
4820
4928
4956
4776
4908
4896
4808
5000
4764
4884
4844
4808
4896
4888
4700
4932
4712
4864
4848
4748
4844
4856
4744
4876
4728
4820
4824
4668
4860
4824
4732
4796
4732
4752
4876
4712
4828
4740
4752
4852
4700
4796
4812
4764
4796
4792
4680
4828
4728
4780
4748
4728
4752
4804
4700
4728
4704
4796
4692
4780
4632
4752
4636
4712
4712
4792
4720
4784
4628
4700
4724
4712
4784
4696
4612
4752
4648
4696
4700
4564
4788
4728
4672
4676
4680
4676
4784
4504
4732
4612
4672
4720
4636
4644
4756
4568
4760
4616
4604
4760
4588
4680
4712
4576
4700
4652
4536
4752
4556
4728
4672
4600
4684
4696
4488
4744
4540
4628
4632
4536
4656
4616
4524
4700
4544
4596
4644
4504
4676
4612
4580
4604
4524
4556
4680
4488
4688
4548
4600
4568
4560
4584
4652
4492
4620
4544
4536
4536
4528
4552
4592
4564
4552
4572
4504
4544
4524
4588
4484
4588
4476
4572
4492
4536
4492
4532
4476
4588
4476
4608
4540
4468
4540
4516
4500
4592
4484
4520
4548
4428
4620
4484
4452
4528
4408
4456
4612
4372
4596
4440
4464
4536
4468
4500
4548
4340
4564
4424
4428
4592
4380
4528
4540
4360
4488
4452
4356
4544
4316
4484
4464
4384
4476
4460
4348
4580
4336
4476
4436
4368
4476
4444
4364
4476
4348
4420
4468
4280
4432
4348
4372
4416
4408
4364
4436
4292
4500
4412
4420
4380
4380
4336
4436
4312
4428
4316
4396
4388
4408
4388
4396
4364
4356
4388
4352
4360
4332
4392
4332
4436
4272
4396
4288
4352
4376
4396
4284
4396
4240
4376
4336
4320
4380
4332
4292
4376
4272
4344
4372
4180
4380
4284
4316
4336
4260
4292
4396
4188
4408
4288
4228
4296
4248
4304
4404
4188
4400
4240
4236
4396
4220
4332
4336
4196
4384
4300
4220
4388
4096
4308
4280
4216
4240
4208
4140
4380
4172
4324
4260
4180
4272
4256
4212
4316
4164
4268
4264
4164
4324
4228
4204
4232
4184
4208
4312
4124
4292
4144
4180
4176
4224
4164
4256
4156
4272
4208
4212
4164
4156
4168
4176
4204
4212
4180
4160
4156
4172
4196
4092
4176
4076
4232
4108
4144
4188
4184
4096
4236
4092
4224
4164
4128
4224
4156
4132
4208
4088
4156
4200
4040
4216
4072
4096
4172
4108
4140
4228
4008
4240
4088
4184
4188
4028
4080
4160
3976
4244
4080
4072
4176
4020
4152
4160
4032
4152
4088
4044
4240
3988
4148
4064
4028
4112
4112
4008
4152
3948
4144
4096
4056
4120
4068
3996
4116
3988
4072
4068
3980
4096
3996
4032
4068
3996
3988
4084
3960
4104
4032
4056
4032
4072
4016
4100
3988
4028
4012
4024
4052
3984
3968
4008
4052
4052
4008
4012
3988
4040
4032
3956
4080
3904
4068
3992
3992
3972
3976
3928
4076
3876
4036
3936
3916
4068
3996
3936
4040
3936
4036
3996
3852
4072
3956
3992
3996
3880
3932
4048
3828
4056
3868
3960
4020
3892
3940
3972
3796
4060
3848
3896
3996
3844
3972
3948
3840
4048
3904
3836
3988
3816
4012
3912
3840
3932
3920
3832
3996
3756
3932
3876
3860
3940
3900
3868
3988
3852
3900
3912
3852
3972
3896
3892
3912
3888
3836
3932
3780
3904
3836
3912
3868
3908
3836
3932
3832
3928
3860
3876
3836
3876
3852
3868
3892
3828
3876
3832
3820
3812
3860
3812
3916
3780
3920
3812
3820
3872
3844
3788
3864
3696
3888
3812
3756
3900
3812
3796
3860
3708
3860
3856
3708
3896
3744
3844
3868
3764
3796
3808
3632
3928
3708
3780
3804
3692
3804
3860
3676
3868
3700
3756
3860
3656
3800
3764
3680
3856
3748
3692
3824
3628
3828
3720
3712
3816
3796
3732
3844
3624
3812
3740
3704
3832
3760
3716
3788
3696
3768
3740
3636
3732
3696
3744
3688
3712
3676
3752
3612
3756
3632
3708
3640
3708
3668
3732
3660
3756
3692
3732
3636
3684
3688
3704
3732
3656
3688
3636
3656
3724
3712
3624
3760
3600
3764
3644
3660
3732
3708
3660
3812
3564
3740
3628
3620
3728
3644
3652
3708
3584
3692
3684
3544
3732
3548
3616
3660
3592
3676
3740
3528
3784
3548
3644
3636
3524
3620
3716
3528
3720
3504
3612
3724
3488
3652
3600
3564
3744
3584
3532
3672
3516
3732
3576
3580
3684
3596
3516
3660
3504
3712
3540
3500
3584
3596
3568
3624
3496
3584
3624
3572
3616
3536
3564
3548
3588
3552
3664
3544
3656
3560
3588
3544
3656
3548
3564
3476
3596
3580
3580
3480
3564
3516
3528
3548
3500
3588
3556
3536
3584
3568
3524
3592
3408
3620
3488
3520
3548
3516
3484
3640
3424
3608
3492
3468
3576
3476
3548
3580
3452
3572
3544
3436
3644
3432
3512
3524
3472
3540
3556
3356
3616
3352
3500
3520
3464
3544
3532
3376
3620
3420
3472
3508
3340
3524
3468
3416
3552
3408
3404
3532
3340
3564
3420
3440
3532
3480
3440
3576
3404
3500
3408
3436
3512
3464
3444
3488
3404
3496
3452
3372
3440
3420
3464
3444
3460
3452
3488
3380
3488
3384
3468
3352
3444
3368
3464
3384
3420
3364
3420
3304
3496
3372
3440
3484
3332
3336
3468
3388
3488
3340
3352
3468
3304
3480
3264
3352
3488
3428
3340
