24710
24760
6190

744
744
572
612
676
624
640
668
484
712
576
644
660
624
592
696
532
712
604
612
628
636
640
640
592
588
588
520
632
600
640
572
620
548
644
544
648
592
648
592
724
568
668
556
616
660
612
576
688
616
660
604
544
704
556
616
644
604
628
708
552
784
508
608
656
644
700
724
528
712
548
660
744
532
556
556
540
788
676
584
700
452
676
604
588
716
608
476
736
500
700
608
572
664
624
592
752
532
652
620
532
728
580
596
656
632
636
684
524
732
588
664
648
640
600
700
564
728
592
624
604
612
584
624
572
664
624
584
652
596
656
604
676
620
704
592
672
644
688
588
684
544
664
584
628
636
608
576
660
524
640
616
564
716
580
664
656
604
616
660
512
752
524
628
624
584
628
680
528
728
532
612
668
548
608
628
512
760
564
584
684
508
692
624
584
700
588
524
704
488
684
604
584
684
668
588
704
508
648
616
588
740
616
656
676
612
636
664
544
736
572
684
652
564
580
756
576
676
548
648
668
652
548
580
588
704
620
540
648
660
664
568
604
568
716
604
632
616
656
580
688
524
724
644
632
624
568
608
744
588
668
636
576
744
564
620
648
612
716
636
592
748
568
628
636
508
692
688
512
768
548
656
684
572
708
676
584
748
612
564
744
512
768
628
568
696
628
544
724
492
700
600
628
748
664
580
736
564
700
644
560
712
588
604
648
608
612
644
552
756
604
624
596
604
588
676
548
656
572
604
636
668
644
660
584
580
604
556
600
584
592
584
652
572
684
572
644
624
644
568
684
544
700
568
600
660
592
584
684
572
684
624
612
728
560
652
688
540
576
640
524
764
524
656
632
596
672
680
516
740
576
664
732
592
684
580
504
716
592
632
712
492
728
668
660
740
608
564
764
552
716
572
600
688
632
596
708
524
668
616
604
720
588
588
612
628
680
672
524
696
552
688
648
680
612
668
568
708
604
632
596
644
588
640
592
604
636
584
644
624
616
568
644
564
704
580
644
604
644
592
704
564
696
596
628
676
604
604
676
548
656
636
552
760
552
652
660
572
660
636
512
776
536
660
648
620
672
652
552
732
512
620
676
528
704
620
512
704
564
568
708
472
708
588
576
644
592
572
768
508
728
580
588
664
576
556
708
528
664
592
556
740
620
636
648
636
652
676
580
720
580
636
596
636
596
672
588
704
588
624
572
640
612
660
656
604
676
608
672
632
592
564
628
564
704
600
656
632
644
580
708
532
728
596
640
688
640
652
656
544
680
616
552
764
536
656
652
580
652
672
536
796
528
664
624
604
632
620
524
768
504
644
628
548
692
660
556
732
548
616
708
536
700
584
588
664
568
528
720
508
728
584
572
672
600
580
704
548
680
568
600
672
592
616
604
532
612
684
568
668
552
652
624
668
568
644
616
732
604
612
628
692
596
628
620
624
636
600
592
600
592
616
692
572
716
572
656
648
668
580
716
532
740
592
644
716
632
620
692
548
728
620
568
720
532
656
652
572
668
652
548
812
476
716
724
612
720
628
512
816
532
712
640
588
672
612
580
700
596
644
732
500
700
592
620
696
588
576
716
532
724
576
640
684
604
572
684
556
688
616
592
688
568
636
660
652
652
688
576
708
588
660
604
652
604
620
600
644
588
624
616
668
636
700
660
640
668
620
688
716
628
632
692
556
716
524
608
624
624
572
692
528
736
596
628
676
604
676
728
540
704
608
576
692
520
684
676
604
672
608
568
864
548
668
624
604
704
668
532
756
528
704
700
564
668
580
580
704
568
604
680
508
744
612
644
688
588
592
772
572
756
560
592
660
636
604
676
524
692
636
624
668
552
560
588
632
612
660
572
664
572
676
584
664
552
668
612
712
604
632
560
676
568
656
636
620
652
604
652
692
600
620
696
568
732
564
672
664
616
592
696
512
720
532
620
664
604
656
692
516
692
572
620
752
548
668
672
576
684
612
540
784
492
700
628
620
724
652
540
776
516
668
616
560
724
616
600
716
576
660
704
516
712
572
612
640
612
604
700
528
728
552
620
604
560
572
668
552
704
600
612
700
596
636
612
632
592
636
596
736
592
664
612
700
588
700
608
660
596
624
580
680
556
640
600
616
692
572
596
668
636
640
700
576
744
548
668
672
604
588
676
552
780
556
628
656
572
656
692
528
696
572
564
724
508
652
616
628
688
616
540
796
472
724
632
604
652
620
504
724
500
676
600
540
668
592
560
716
596
660
676
524
684
552
636
656
576
584
688
544
708
556
664
660
596
560
640
484
664
616
640
648
560
636
628
664
600
644
580
748
612
636
572
708
548
660
548
636
620
664
588
704
576
708
612
600
688
604
660
672
592
628
704
564
736
532
684
668
556
588
716
508
700
524
640
700
572
640
664
540
736
588
568
764
536
688
608
540
680
628
516
768
496
724
632
648
628
676
584
796
532
724
544
604
664
656
644
748
516
508
612
568
828
620
588
552
568
668
768
588
668
496
608
708
716
636
628
548
668
668
688
716
576
620
604
668
620
624
536
632
552
636
580
652
536
692
568
660
628
628
616
736
628
676
588
588
672
548
596
600
540
636
704
552
720
536
740
724
660
684
740
560
772
556
660
688
556
632
644
536
724
576
564
688
476
668
644
588
668
592
560
752
492
700
548
552
744
648
572
712
508
724
624
548
648
552
588
712
568
636
668
564
760
556
652
644
624
580
732
580
712
520
612
632
668
624
636
548
624
592
628
636
616
632
648
684
652
676
588
684
620
680
592
684
496
636
572
676
656
604
568
680
560
684
636
576
700
592
648
708
608
632
672
568
764
556
684
640
564
592
692
536
756
536
620
656
532
644
668
540
708
560
592
720
496
708
604
556
668
572
540
732
472
712
604
604
680
620
568
756
492
692
636
588
692
556
600
668
532
620
628
524
652
544
644
644
600
572
692
520
708
580
692
672
624
580
656
576
668
628
644
680
604
636
596
636
576
656
592
672
608
648
612
716
540
688
588
648
640
620
596
700
572
668
588
592
716
584
668
712
564
636
664
532
712
480
632
664
564
632
684
524
740
484
620
664
552
684
680
612
744
572
588
748
540
784
612
612
692
628
548
728
460
716
548
612
688
592
592
740
512
696
612
576
688
608
636
704
576
648
640
576
708
532
668
644
636
584
696
504
704
580
676
592
616
620
708
616
636
552
632
728
660
616
600
708
640
668
600
664
616
632
580
672
544
716
620
708
688
628
604
676
548
676
640
620
684
548
632
700
592
636
636
568
736
496
644
636
564
620
652
492
752
528
648
628
532
660
640
540
720
540
640
716
496
708
612
640
728
568
544
732
516
732
564
624
732
616
592
744
484
740
548
628
652
620
644
700
576
616
688
544
712
556
652
668
636
604
664
548
724
560
676
620
656
636
712
616
648
564
596
624
624
628
664
668
572
648
560
644
620
668
596
712
556
708
572
628
628
620
652
768
564
716
616
612
664
524
640
728
604
708
648
556
740
500
688
636
548
600
652
540
772
524
676
660
560
696
664
572
728
524
636
708
528
684
596
592
696
584
588
728
496
744
572
616
652
584
596
676
500
732
628
604
640
564
688
676
572
608
628
620
732
576
644
620
620
584
676
600
668
492
616
628
700
600
640
576
680
692
684
632
600
592
656
732
612
664
576
644
608
632
584
676
520
744
584
652
636
568
584
676
508
676
548
552
680
576
668
668
524
660
628
556
732
476
668
632
584
636
652
540
772
500
684
668
540
640
628
580
736
540
608
680
508
724
592
612
696
584
592
748
468
720
568
640
672
580
576
692
504
708
600
612
680
580
640
652
572
616
652
612
680
540
644
648
628
572
668
556
684
564
672
632
688
580
664
604
620
596
604
632
632
612
604
668
588
696
576
652
632
616
624
716
540
736
572
636
624
588
612
696
508
680
588
620
724
532
648
664
552
664
628
540
712
500
708
680
616
684
656
564
780
548
684
676
568
700
620
612
728
600
628
732
496
708
552
592
656
592
580
740
520
744
580
636
656
576
572
696
512
700
604
608
676
564
656
640
616
644
604
500
708
576
684
612
672
596
744
576
640
560
676
644
604
508
652
644
624
588
572
620
652
604
572
648
572
720
584
644
616
616
592
680
492
724
548
640
656
588
596
708
532
720
628
616
732
512
684
684
576
668
600
516
720
456
688
644
596
628
644
512
756
508
692
656
584
684
668
576
732
504
636
740
540
700
580
596
700
560
584
732
496
704
548
600
624
572
572
744
572
720
620
628
720
652
644
712
640
624
708
552
724
532
676
568
644
592
700
612
652
552
632
604
668
520
664
612
644
620
620
636
636
588
600
676
588
692
568
684
664
632
620
708
504
712
588
636
660
588
648
716
556
736
624
604
648
516
680
660
548
688
620
576
748
500
668
636
628
704
652
556
764
504
680
616
564
672
652
616
720
524
616
680
520
712
580
604
632
560
588
692
496
716
568
664
664
608
588
712
560
720
580
628
632
564
640
724
804
1548
2604
3456
4424
5208
6008
6364
6640
6628
6760
6688
6792
6772
6860
6824
6928
6820
6888
6824
6888
6936
6860
6860
6852
6824
6912
6940
6776
6920
6772
6888
6816
6784
6712
6820
6644
6884
6668
6752
6772
6660
6708
6772
6612
6832
6652
6668
6812
6648
6744
6700
6604
6768
6664
6624
6808
6520
6756
6660
6628
6720
6656
6556
6772
6516
6660
6608
6560
6684
6596
6576
6708
6492
6588
6616
6492
6684
6508
6572
6668
6572
6604
6704
6484
6708
6504
6560
6568
6508
6512
6596
6456
6652
6528
6556
6604
6532
6532
6524
6492
6536
6540
6492
6576
6444
6476
6460
6564
6444
6552
6428
6540
6512
6532
6460
6544
6424
6520
6452
6492
6516
6416
6424
6464
6396
6464
6468
6376
6548
6384
6504
6460
6408
6416
6512
6300
6508
6332
6432
6444
6336
6396
6452
6284
6484
6312
6364
6496
6300
6436
6392
6304
6464
6356
6328
6428
6188
6464
6368
6316
6408
6344
6268
6452
6200
6352
6316
6256
6360
6276
6300
6372
6208
6364
6388
6244
6396
6228
6284
6308
6244
6284
6340
6128
6352
6204
6276
6236
6228
6252
6328
6180
6296
6140
6220
6308
6248
6208
6220
6216
6236
6256
6196
6224
6188
6280
6224
6268
6160
6292
6176
6212
6152
6192
6204
6300
6120
6200
6140
6184
6212
6132
6188
6204
6168
6200
6188
6052
6220
6068
6132
6140
6096
6164
6208
6020
6268
6068
6172
6124
5992
6096
6164
6000
6200
6000
6056
6168
5996
6140
6096
6012
6140
6052
6028
6204
5916
6196
6044
6016
6120
6040
6012
6148
5912
6124
6040
5992
6088
5988
5984
6124
5952
6060
6076
5940
6116
5956
6012
6028
5972
5972
6076
5924
6164
5968
6012
5988
5968
5956
6004
5908
6052
5976
6044
5980
5908
6024
5956
6004
5900
6000
5936
6008
5828
6028
5916
6016
5876
5956
5880
5956
5944
5936
5892
5956
5828
5932
5820
5832
5896
5856
5876
5892
5844
5960
5924
5804
5976
5792
5932
5880
5836
5868
5964
5760
5988
5724
5900
5888
5784
5848
5900
5748
5960
5752
5824
5924
5740
5940
5836
5772
5924
5840
5828
5964
5668
5940
5776
5776
5844
5808
5732
5872
5632
5856
5760
5716
5836
5752
5764
5856
5700
5764
5804
5676
5840
5688
5796
5804
5764
5724
5808
5612
5824
5664
5756
5724
5708
5696
5740
5636
5756
5700
5744
5712
5636
5644
5652
5708
5688
5740
5680
5792
5672
5660
5608
5704
5600
5720
5624
5628
5640
5684
5672
5724
5544
5708
5652
5648
5696
5596
5608
5632
5568
5668
5700
5540
5688
5528
5672
5676
5596
5612
5668
5496
5768
5564
5656
5656
5516
5632
5676
5496
5688
5480
5544
5680
5488
5684
5596
5496
5624
5544
5532
5712
5432
5652
5560
5568
5612
5532
5484
5648
5404
5628
5564
5504
5600
5508
5536
5612
5476
5580
5572
5444
5572
5452
5544
5536
5476
5404
5528
5340
5552
5404
5504
5468
5492
5496
5568
5440
5532
5464
5512
5504
5452
5484
5480
5464
5404
5444
5404
5440
5364
5436
5408
5500
5340
5500
5372
5416
5420
5440
5404
5484
5300
5468
5392
5372
5396
5316
5400
5420
5340
5432
5420
5304
5500
5344
5444
5392
5300
5380
5472
5272
5488
5268
5412
5380
5264
5364
5352
5204
5400
5236
5356
5412
5180
5400
5304
5232
5428
5312
5324
5452
5228
5428
5344
5288
5372
5256
5260
5392
5164
5360
5276
5228
5340
5236
5276
5324
5240
5284
5280
5184
5364
5216
5304
5240
5228
5220
5324
5208
5380
5156
5232
5236
5284
5244
5272
5196
5292
5244
5216
5148
5140
5248
5280
5228
5144
5304
5276
5284
5188
5208
5180
5316
5172
5312
5196
5260
5196
5124
5096
5232
5104
5252
5088
5072
5188
5108
5156
5168
5096
5208
5216
5052
5244
5044
5208
5172
5112
5156
5232
5044
5260
5024
5184
5196
5068
5164
5156
4988
5212
5052
5076
5176
4972
5236
5152
5068
5156
5072
5068
5240
4956
5232
5076
5028
5108
5068
5052
5164
4908
5096
5020
4988
5076
4992
5032
5056
4964
5036
5104
4980
5116
4948
5048
5040
5064
5032
5124
4956
5076
5004
5088
5052
5040
5000
5080
4992
5056
4984
4988
4968
4988
4968
4984
4992
4924
5008
4852
5056
4960
5004
4940
5036
4824
5056
4964
4972
4972
4908
4972
5076
4852
5016
4940
4952
5028
4856
4924
4988
4892
4960
4900
4832
5052
4856
4952
4912
4856
4944
4968
4832
5056
4836
4988
4928
4808
4924
4956
4832
5008
4832
4908
4992
4744
4944
4840
4816
4952
4900
4840
5008
4708
4992
4784
4856
4860
4836
4788
4916
4704
4936
4844
4804
4884
4792
4852
4884
4792
4824
4892
4788
4916
4796
4852
4840
4840
4800
4884
4744
4884
4748
4868
4776
4832
4776
4820
4744
4804
4780
4816
4800
4776
4808
4828
4848
4732
4848
4736
4752
4748
4788
4696
4828
4668
4812
4668
4704
4732
4736
4724
4844
4636
4820
4732
4708
4812
4656
4796
4788
4676
4804
4800
4668
4820
4580
4756
4740
4652
4712
4748
4612
4860
4636
4732
4700
4620
4756
4744
4588
4712
4548
4656
4780
4600
4812
4644
4604
4700
4636
4616
4780
4476
4764
4612
4680
4732
4628
4640
4740
4552
4732
4640
4604
4688
4592
4660
4644
4572
4592
4640
4548
4708
4584
4664
4604
4628
4592
4664
4536
4676
4556
4684
4620
4612
4540
4608
4512
4552
4564
4572
4584
4588
4548
4572
4608
4504
4644
4536
4596
4564
4588
4572
4616
4420
4636
4512
4552
4576
4500
4508
4604
4444
4624
4516
4528
4608
4436
4572
4532
4432
4580
4544
4452
4644
4384
4564
4484
4420
4520
4540
4392
4600
4392
4560
4524
4396
4524
4484
4420
4604
4408
4452
4536
4348
4560
4456
4440
4520
4420
4492
4600
4344
4584
4444
4476
4452
4388
4408
4528
4328
4544
4456
4436
4472
4412
4464
4448
4392
4432
4464
4388
4484
4320
4472
4444
4464
4348
4436
4372
4520
4412
4444
4352
4416
4404
4444
4336
4388
4424
4428
4380
4344
4360
4420
4444
4296
4380
4272
4384
4364
4352
4348
4472
4256
4444
4292
4356
4424
4364
4360
4424
4264
4468
4336
4268
4404
4276
4412
4372
4288
4368
4328
4280
4468
4244
4444
4344
4288
4364
4336
4228
4444
4204
4384
4332
4220
4332
4308
4216
4356
4184
4308
4328
4156
4372
4280
4284
4372
4236
4244
4364
4164
4380
4232
4276
4304
4244
4272
4364
4172
4332
4212
4244
4316
4244
4260
4260
4208
4264
4300
4216
4280
4200
4280
4232
4252
4204
4308
4132
4268
4200
4252
4204
4236
4164
4284
4204
4248
4212
4176
4188
4188
4188
4196
4220
4112
4272
4164
4196
4184
4136
4180
4292
4060
4300
4108
4108
4244
4124
4204
4208
4084
4316
4156
4148
4208
4104
4260
4196
4044
4156
4196
4116
4280
3996
4224
4152
4120
4172
4124
4056
4252
4012
4152
4124
4072
4176
4100
4028
4228
4084
4152
4156
3992
4184
4088
4064
4108
4040
4068
4184
3980
4172
4032
4116
4120
4060
4068
4172
3980
4184
4044
4080
4108
4076
4088
4072
4040
4076
4100
4040
4120
4036
4096
4020
4080
4012
4116
4040
4120
4020
4092
4036
4096
4008
4104
4036
4052
4060
4048
3988
4016
3976
4044
4056
3948
4068
3988
4044
4028
3988
4000
4072
3884
4084
3964
3980
4016
3960
4052
4052
3836
4048
3980
3996
4092
3892
4008
3984
3908
4056
3964
3832
4072
3844
4072
3988
3912
3980
3980
3868
4088
3848
3984
3932
3876
4032
3988
3920
4008
3840
3968
4048
3836
3988
3848
3900
4008
3932
3944
4000
3752
3996
3884
3928
3932
3836
3828
3948
3824
3948
3864
3892
3896
3852
3900
3908
3844
3880
3920
3864
3904
3840
3916
3844
3904
3832
3976
3836
3896
3848
3932
3876
3944
3832
3932
3852
3848
3908
3888
3888
3900
3824
3904
3920
3800
3928
3788
3844
3824
3816
3832
3916
3684
3936
3776
3852
3868
3788
3820
3868
3688
3904
3780
3780
3900
3744
3892
3872
3764
3880
3836
3764
3948
3708
3912
3852
3752
3844
3804
3756
3932
3676
3844
3792
3716
3868
3764
3712
3848
3712
3820
3808
3660
3840
3716
3788
3868
3764
3744
3864
3660
3860
3748
3824
3840
3776
3768
3800
3676
3804
3708
3788
3792
3684
3788
3788
3780
3764
3744
3700
3808
3684
3724
3660
3756
3728
3836
3660
3740
3716
3752
3672
3740
3652
3764
3700
3660
3712
3688
3716
3708
3628
3696
3720
3620
3788
3668
3728
3720
3644
3668
3780
3580
3836
3636
3696
3736
3612
3692
3720
3572
3792
3648
3616
3748
3572
3728
3684
3596
3724
3680
3596
3780
3540
3748
3636
3588
3644
3636
3564
3764
3552
3724
3652
3572
3724
3648
3592
3684
3532
3644
3676
3528
3704
3580
3632
3656
3612
3588
3672
3468
3716
3560
3620
3616
3612
3608
3688
3548
3688
3588
3596
3620
3572
3596
3584
3608
3588
3628
3552
3580
3524
3608
3540
3588
3496
3628
3492
3592
3572
3596
3540
3604
3468
3620
3544
3540
3588
3548
3572
3604
3516
3568
3564
3428
3628
3484
3560
3544
3544
3532
3604
3456
3608
3528
3516
3588
3444
3548
3492
3468
3656
3468
3480
3568
3388
3556
3512
3452
3600
3548
3400
3584
3316
3624
3492
3448
3564
3588
3444
3584
3320
3544
3512
3428
3504
3444
3456
3584
3420
3480
3508
3364
3552
3384
3448
3460
3496
3504
3552
3360
3592
3396
3460
3448
3452
3472
3540
3384
3484
3436
3440
3468
3412
3468
3436
3468
3440
3496
3428
3464
3428
3452
3396
3480
3324
3480
3372
3428
3416
3456
3404
3508
3376
3512
3408
3372
3488
3404
3428
3432
3340
3400
3436
3296
3476
3316
3440
3424
3384
3416
3468
3288
3520
3340
3404
3428
3296
3388
3472
3296
3488
3324
3396
3468
3248
3392
3368
3340
3444
3388
3272
3460
3212
3460
3320
3292
3400
3372
3300
3452
3232
3432
3320
3276
3436
3368
3324
3380
3268
3368
3420
3264
3396
3244
3340
3352
3304
3332
3364
3208
3432
3324
3368
3360
3320
3260
3340
3252
3372
3288
3324
3284
3284
3308
3296
3236
3256
3328
3276
3328
3292
3304
3264
3340
3196
3356
3252
3268
3300
3292
3260
3372
3232
3380
3288
3244
3336
3220
3284
3320
3244
3324
3444
3864
4736
5376
6224
6920
7448
7996
8412
8468
8924
8840
9036
9052
8980
9124
9116
8988
9224
9068
9112
9220
9024
9240
9108
9064
9200
9124
9056
9260
8944
9208
9012
9040
9116
9036
8960
9148
8872
9084
8956
8928
9020
8948
8968
9032
8900
8952
8980
8860
9004
8840
8956
8892
8860
8856
8956
8780
8988
8824
8932
8868
8808
8788
8932
8828
8884
8784
8860
8892
8840
8776
8760
8812
8844
8936
8796
8796
8780
8836
8764
8832
8660
8872
8756
8808
8772
8796
8756
8836
8668
8808
8716
8712
8768
8652
8720
8780
8636
8720
8716
8604
8824
8624
8752
8732
8656
8700
8732
8556
8780
8600
8740
8708
8584
8700
8668
8488
8732
8580
8644
8708
8504
8696
8616
8596
8692
8556
8548
8700
8448
8696
8524
8576
8636
8572
8500
8636
8440
8652
8568
8524
8596
8508
8532
8620
8472
8536
8536
8440
8580
8432
8512
8488
8488
8472
8524
8356
8524
8408
8500
8468
8452
8380
8476
8380
8436
8388
8448
8444
8440
8432
8416
8436
8380
8480
8388
8412
8404
8416
8376
8460
8296
8476
8316
8380
8392
8372
8344
8472
8264
8436
8296
8288
8400
8300
8344
8364
8276
8388
8336
8224
8432
8188
8308
8280
8220
8296
8312
8124
8404
8148
8292
8228
8132
8332
8256
8180
8348
8140
8248
8296
8160
8288
8208
8148
8296
8176
8124
8308
8112
8332
8104
8092
8204
8156
8148
8260
8068
8276
8148
8152
8212
8156
8132
8148
8056
8204
8148
8052
8156
8084
8132
8088
8040
8048
8104
8008
8136
8032
8124
8124
8092
8036
8084
8052
8084
8040
8024
8044
8036
8008
8024
8056
7988
8108
7948
7976
7980
8028
7952
8048
7868
8096
7968
8008
7996
7976
7956
8032
7864
8044
7916
7904
7996
7876
7980
8004
7864
7956
7920
7844
8044
7816
7960
7936
7868
7964
7956
7776
8032
7800
7948
7904
7800
7920
7904
7768
7964
7788
7884
7936
