3855
3856
964

756
756
668
796
708
612
920
604
884
716
704
740
700
636
776
580
812
788
648
812
672
748
824
656
744
788
676
856
668
764
776
716
712
772
640
796
648
664
716
668
712
744
664
688
632
648
764
672
752
676
720
696
768
692
800
668
772
728
804
676
752
692
768
736
748
708
756
672
740
748
684
800
652
728
736
704
740
780
628
812
628
764
752
668
708
748
620
816
620
708
760
616
740
704
612
780
668
648
828
624
804
728
708
772
688
660
832
624
800
692
668
840
692
680
828
604
772
756
672
824
644
712
784
644
716
760
648
832
648
736
728
664
668
764
632
772
648
692
720
648
684
712
656
772
728
668
764
684
704
668
748
696
716
644
816
736
780
668
732
684
848
708
688
724
752
748
760
636
724
756
688
788
656
752
748
664
684
724
620
828
572
716
692
660
728
756
636
832
640
732
760
640
788
748
688
784
676
692
812
564
768
644
672
756
700
652
816
560
772
684
676
808
684
676
812
612
792
760
692
804
612
700
748
668
720
732
608
812
616
748
720
700
700
788
688
820
640
736
756
728
740
700
652
720
700
660
712
640
740
680
748
688
712
656
784
696
728
680
780
708
792
724
756
712
680
716
788
680
700
684
648
808
672
736
720
652
692
756
616
840
620
748
716
700
756
732
564
768
648
784
776
624
748
700
648
748
632
692
812
568
752
680
696
776
676
652
844
608
812
688
704
840
696
668
792
600
768
696
604
808
644
748
772
664
712
756
632
816
624
768
740
712
668
700
604
764
660
720
732
676
700
712
684
692
680
636
736
672
740
676
712
684
764
684
776
692
724
672
780
652
760
680
748
740
724
712
740
664
784
756
728
796
640
732
724
664
708
724
652
852
608
776
732
676
732
740
632
836
600
708
724
612
756
692
652
752
600
684
792
584
804
668
740
744
728
672
812
572
812
576
732
736
684
668
796
600
800
712
664
812
680
740
748
632
732
756
676
804
644
748
692
668
696
716
628
744
636
736
724
696
696
700
704
740
716
660
716
688
748
712
752
644
724
660
732
700
748
652
764
628
780
688
752
732
724
708
796
636
716
696
672
816
652
756
732
652
724
720
632
820
592
764
716
616
764
744
652
860
632
768
772
648
768
720
688
792
616
688
780
624
808
676
700
784
664
684
796
620
784
688
692
768
632
680
756
600
780
692
672
788
632
732
744
644
712
708
628
804
612
740
692
692
684
756
640
816
648
744
732
724
620
728
720
716
680
652
752
684
660
640
692
668
804
660
728
684
724
700
776
636
768
684
688
688
664
700
756
616
716
668
676
812
608
728
712
628
712
696
652
848
580
780
712
672
740
728
640
832
640
792
752
640
784
700
684
768
628
716
764
556
788
628
680
756
672
680
788
580
808
632
668
764
656
692
776
604
804
688
668
764
600
716
728
644
700
700
636
732
600
736
668
672
664
732
652
788
640
732
684
740
700
712
684
708
700
732
752
684
668
708
732
612
732
632
780
668
684
656
784
632
820
668
688
748
692
712
780
632
772
684
688
776
592
712
672
620
736
728
648
812
560
804
764
688
752
716
624
856
592
772
724
616
780
632
620
844
644
664
696
564
844
716
712
712
668
700
804
516
728
620
724
764
616
640
784
604
720
632
700
832
668
712
724
684
716
704
644
780
660
776
728
744
688
708
636
704
632
728
712
708
648
760
712
688
652
636
724
732
700
704
756
656
776
644
724
660
672
676
740
592
760
632
684
668
588
688
716
628
760
656
664
804
596
724
724
656
740
708
648
860
600
772
668
608
716
668
636
812
600
768
744
644
780
644
648
756
604
684
756
592
796
616
676
728
660
696
796
552
820
584
728
720
660
680
828
652
756
652
648
764
636
732
688
676
752
724
676
780
632
740
684
700
676
744
696
716
644
724
700
740
644
704
684
704
740
656
704
696
676
696
768
652
764
636
732
688
716
680
752
628
752
612
724
708
668
700
732
628
772
688
652
776
592
764
712
628
724
680
648
836
540
792
708
636
728
684
620
796
572
804
712
684
744
624
620
752
556
736
720
600
792
648
688
716
612
680
788
620
812
628
696
728
648
676
748
616
780
688
680
736
620
724
716
676
688
696
612
772
624
756
700
716
588
744
684
756
624
716
692
752
656
688
624
692
768
656
704
732
716
740
720
624
804
680
768
668
636
704
764
600
756
592
740
728
628
676
708
636
792
668
668
772
580
756
700
636
756
648
652
824
568
804
668
640
776
712
672
784
548
792
700
636
764
652
704
764
596
736
740
572
756
604
696
696
652
684
780
564
796
604
712
708
668
716
748
588
708
620
672
712
608
708
708
676
692
704
660
748
632
732
680
764
668
732
660
736
676
720
684
728
636
732
688
676
716
684
732
716
668
696
736
648
764
636
808
748
676
696
752
636
784
640
732
748
680
748
712
584
756
632
676
764
560
740
652
596
764
696
664
776
500
776
736
704
752
632
668
828
596
772
664
604
768
648
696
728
588
696
736
636
796
608
740
716
712
688
756
572
840
616
728
684
660
696
748
616
768
664
712
728
616
700
720
692
688
668
672
772
644
728
660
716
660
740
652
732
672
720
676
752
636
772
704
716
776
684
732
676
636
740
724
612
780
624
752
676
616
676
732
596
736
536
692
704
636
720
688
588
764
660
704
780
592
796
656
636
752
656
664
780
500
760
612
584
708
640
664
804
544
772
672
644
788
624
676
736
648
768
708
620
744
596
716
712
644
688
724
620
796
664
736
724
688
676
748
608
712
732
732
804
660
732
676
676
696
672
652
748
696
760
648
736
608
724
620
696
648
700
644
716
648
748
692
652
744
664
728
724
640
732
700
620
776
600
736
684
652
712
716
596
788
596
708
700
616
740
704
612
756
632
712
804
588
780
676
652
760
680
688
812
528
796
628
684
760
688
664
788
540
804
680
680
772
668
696
744
604
748
716
672
764
604
724
724
644
672
728
596
764
588
712
668
652
684
768
668
732
664
748
756
636
704
728
656
664
768
704
744
604
716
712
772
632
740
660
760
696
648
664
732
636
756
676
660
728
612
700
676
648
748
728
612
788
616
792
724
624
692
724
620
764
552
712
700
616
728
664
576
768
600
668
700
532
760
672
644
768
640
680
772
568
844
652
684
748
668
664
776
568
784
640
628
740
588
676
684
564
672
636
580
760
604
740
680
684
764
776
648
796
652
728
660
628
660
736
672
768
628
652
696
620
688
672
644
640
732
704
768
660
732
700
780
636
748
644
720
676
688
668
748
568
724
676
680
736
616
700
692
660
752
688
592
768
572
748
680
644
636
660
564
836
596
712
680
636
748
728
612
768
612
724
764
552
760
636
628
760
640
660
756
516
820
692
684
712
584
652
788
568
804
640
640
764
684
716
668
548
692
668
596
760
604
704
672
648
676
692
588
748
624
752
696
692
656
740
648
756
696
688
688
700
700
724
712
676
748
688
728
652
744
684
724
572
744
648
700
652
664
680
768
624
732
656
664
740
592
688
652
604
720
684
620
804
584
732
640
616
732
692
556
764
576
788
716
620
724
676
604
764
588
704
756
572
812
684
648
724
640
680
780
524
820
664
680
732
620
668
764
572
780
656
676
752
604
716
732
608
716
708
644
728
576
760
684
660
684
732
612
756
604
720
648
672
720
696
700
716
672
724
756
604
772
672
728
636
732
652
732
668
668
668
756
604
720
620
688
648
684
684
732
588
744
632
632
712
604
708
684
596
728
656
624
800
592
784
676
640
744
748
624
808
548
732
696
636
736
708
612
736
600
708
780
576
764
644
740
772
672
708
784
536
788
604
676
720
652
652
716
536
744
612
676
728
644
732
736
612
692
660
620
772
620
680
604
676
696
728
608
732
612
744
712
704
676
736
588
680
692
728
692
644
716
736
740
652
692
608
756
692
676
644
752
608
752
640
652
704
700
700
720
580
760
644
652
732
608
756
720
604
704
688
636
812
556
756
672
616
696
664
616
824
556
748
712
628
744
676
640
780
600
720
732
572
804
648
656
708
616
704
772
576
804
624
664
716
604
684
748
592
788
672
684
768
640
732
688
596
700
684
632
716
572
732
660
664
668
704
588
720
632
716
628
680
668
700
604
620
660
684
688
680
676
700
712
644
736
616
648
620
696
680
720
576
752
656
728
688
640
656
708
568
764
656
656
732
600
744
728
644
772
708
612
764
516
748
640
620
724
656
596
772
572
764
680
596
788
644
572
724
612
764
728
572
740
636
700
796
660
664
772
580
812
656
720
728
648
692
800
640
776
588
636
732
632
724
668
620
692
704
624
744
584
692
624
700
684
716
596
712
628
728
664
700
628
688
676
700
700
660
684
652
660
684
728
636
748
608
708
680
720
656
692
596
772
596
652
668
668
724
720
564
768
640
680
728
616
772
712
600
744
688
716
832
556
788
668
652
764
668
624
812
556
780
660
604
740
632
620
780
624
740
696
528
732
640
760
836
796
968
1132
1012
1320
1260
1528
1600
1548
1604
1664
1540
1764
1596
1672
1728
1616
1680
1652
1608
1708
1676
1604
1688
1556
1672
1608
1636
1588
1644
1588
1720
1616
1704
1644
1672
1572
1680
1620
1632
1656
1548
1660
1580
1632
1564
1580
1512
1740
1612
1620
1584
1572
1628
1656
1484
1652
1532
1644
1632
1592
1644
1668
1524
1712
1584
1616
1696
1544
1716
1644
1560
1696
1608
1572
1716
1468
1732
1600
1580
1680
1612
1532
1720
1492
1688
1604
1564
1676
1584
1576
1612
1468
1648
1596
1484
1712
1532
1576
1584
1508
1564
1608
1436
1684
1492
1608
1600
1580
1572
1656
1488
1692
1500
1564
1604
1584
1636
1600
1572
1616
1564
1540
1624
1564
1660
1580
1616
1592
1660
1524
1600
1552
1620
1548
1576
1548
1656
1568
1552
1548
1552
1604
1592
1520
1568
1608
1536
1644
1464
1540
1540
1556
1556
1548
1404
1664
1496
1544
1532
1528
1608
1588
1452
1660
1540
1596
1660
1464
1660
1576
1564
1708
1592
1576
1696
1412
1652
1548
1548
1660
1560
1520
1660
1452
1680
1548
1492
1628
1508
1496
1592
1432
1576
1560
1452
1636
1464
1540
1592
1516
1568
1624
1460
1692
1500
1564
1548
1544
1576
1612
1460
1640
1480
1512
1548
1492
1564
1560
1540
1576
1556
1500
1548
1484
1624
1536
1556
1512
1572
1500
1592
1496
1556
1488
1580
1480
1592
1492
1512
1524
1516
1572
1540
1472
1536
1516
1436
1588
1460
1564
1532
1532
1560
1592
1404
1592
1432
1560
1540
1464
1552
1556
1456
1604
1456
1512
1544
1400
1588
1512
1464
1596
1488
1508
1632
1388
1604
1484
1480
1596
1512
1476
1604
1372
1616
1468
1444
1560
1480
1516
1556
1420
1596
1572
1412
1580
1464
1548
1508
1476
1528
1560
1412
1668
1452
1536
1544
1516
1532
1556
1424
1560
1428
1484
1532
1500
1532
1452
1412
1464
1520
1472
1508
1420
1516
1492
1532
1436
1532
1436
1508
1476
1540
1460
1516
1424
1516
1488
1500
1508
1408
1440
1476
1468
1556
1508
1412
1576
1436
1528
1456
1448
1500
1520
1404
1616
1384
1500
1476
1424
1452
1468
1376
1584
1404
1488
1548
1408
1548
1444
1416
1576
1456
1448
1536
1304
1604
1444
1436
1532
1464
1484
1596
1356
1592
1440
1436
1548
1408
1452
1536
1380
1476
1464
1384
1556
1380
1496
1516
1456
1496
1476
1340
1584
1396
1500
1436
1436
1504
1508
1340
1536
1416
1464
1476
1416
1532
1484
1468
1484
1480
1432
1472
1396
1476
1388
1468
1408
1500
1376
1476
1444
1480
1428
1508
1400
1524
1440
1440
1472
1404
1432
1476
1376
1488
1468
1344
1524
1372
1456
1496
1416
1524
1440
1372
1552
1352
1468
1408
1356
1492
1500
1360
1500
1356
1392
1468
1316
1540
1420
1404
1524
1408
1404
1512
1304
1548
1376
1380
1476
1404
1396
1464
1276
1544
1408
1392
1500
1396
1460
1492
1388
1448
1408
1336
1548
1384
1472
1448
1416
1448
1472
1348
1496
1336
1452
1448
1392
1396
1412
1344
1488
1372
1440
1416
1368
1400
1444
1412
1460
1468
1348
1404
1388
1492
1388
1436
1372
1516
1404
1392
1340
1392
1420
1484
1328
1452
1380
1436
1464
1344
1368
1388
1372
1460
1376
1300
1484
1288
1408
1372
1352
1452
1428
1312
1524
1340
1476
1424
1340
1456
1408
1308
1500
1316
1404
1460
1316
1476
1356
1340
1484
1372
1380
1488
1248
1496
1320
1340
1452
1356
1396
1508
1284
1532
1352
1356
1428
1312
1364
1416
1304
1468
1412
1324
1504
1328
1444
1404
1352
1404
1428
1324
1500
1292
1400
1336
1352
1404
1396
1284
1416
1348
1380
1356
1336
1404
1376
1396
1408
1428
1372
1388
1312
1404
1352
1416
1300
1452
1336
1400
1384
1392
1336
1400
1292
1444
1324
1352
1384
1316
1384
1372
1324
1424
1352
1304
1472
1300
1452
1356
1308
1416
1420
1308
1484
1256
1420
1364
1308
1436
1368
1260
1456
1272
1380
1400
1260
1428
1300
1292
1412
1316
1348
1416
1216
1480
1280
1316
1404
1320
1360
1452
1248
1500
1316
1320
1452
1328
1372
1368
1296
1396
1336
1304
1396
1244
1392
1400
1328
1292
1340
1264
1444
1260
1404
1300
1332
1356
1392
1272
1348
1296
1352
1332
1316
1316
1340
1360
1356
1408
1360
1372
1328
1416
1392
1416
1236
1356
1236
1332
1340
1352
1324
1372
1240
1452
1304
1316
1344
1260
1332
1324
1276
1424
1324
1252
1408
1268
1420
1320
1272
1348
1352
1256
1452
1232
1396
1316
1276
1412
1336
1260
1412
1216
1356
1372
1240
1448
1308
1296
1380
1284
1340
1428
1220
1452
1240
1308
1396
1276
1304
1392
1252
1488
1260
1240
1344
1300
1364
1356
1244
1400
1332
1304
1388
1276
1348
1304
1252
1332
1368
1272
1384
1244
1308
1304
1336
1304
1308
1240
1356
1328
1356
1312
1308
1368
1324
1280
1280
1356
1268
1296
1240
1352
1276
1360
1212
1388
1264
1312
1308
1328
1280
1400
1276
1448
1264
1288
1356
1264
1352
1336
1248
1364
1256
1284
1344
1220
1344
1276
1236
1344
1236
1284
1428
1224
1360
1296
1220
1356
1260
1216
1416
1236
1344
1288
1144
1364
1228
1252
1316
1244
1324
1368
1160
1400
1228
1324
1368
1284
1304
1324
1168
1364
1224
1296
1368
1224
1292
1316
1252
1376
1268
1180
1336
1248
1352
1252
1276
1324
1344
1216
1320
1200
1316
1216
1272
1248
1324
1220
1308
1308
1276
1208
1288
1328
1316
1300
1276
1348
1272
1276
1260
1252
1276
1388
1192
1296
1220
1324
1292
1232
1216
1312
1204
1404
1244
1296
1348
1232
1304
1284
1212
1352
1280
1220
1364
1180
1352
1260
1220
1344
1288
1216
1388
1136
1328
1268
1248
1372
1252
1188
1356
1180
1324
1276
1184
1348
1228
1260
1340
1220
1284
1332
1144
1384
1168
1280
1308
1260
1276
1336
1140
1372
1172
1228
1276
1212
1280
1280
1200
1300
1228
1188
1280
1160
1276
1228
1268
1240
1276
1192
1328
1228
1284
1200
1276
1268
1292
1200
1288
1240
1236
1244
1264
1228
1268
1228
1244
1292
1252
1272
1244
1236
1236
1296
1164
1336
1184
1260
1268
1256
1256
1284
1108
1328
1160
1228
1288
1180
1268
1260
1188
1308
1184
1172
1344
1160
1360
1252
1200
1292
1232
1152
1396
1148
1312
1188
1184
1308
1232
1208
1324
1132
1304
1288
1180
1328
1164
1196
1252
1224
1228
1284
1096
1344
1196
1244
1276
1192
1216
1292
1152
1360
1164
1232
1276
1184
1292
1280
1152
1240
1152
1176
1292
1188
1276
1208
1244
1248
1228
1144
1296
1160
1252
1156
1236
1212
1280
1192
1272
1228
1248
1200
1240
1188
1228
1264
1228
1288
1160
1256
1180
1196
1220
1256
1080
1308
1144
1276
1276
1220
1196
1216
1156
1348
1184
1224
1276
1132
1288
1272
1140
1284
1144
1168
1340
1136
1320
1224
1152
1236
1196
1180
1368
1104
1308
1168
1204
1308
1228
1172
1328
1096
1228
1220
1128
1300
1116
1204
1276
1156
1232
1280
1132
1368
1164
1228
1260
1200
1232
1272
1104
1316
1128
1200
1232
1164
1164
1228
1168
1256
1172
1200
1312
1216
1292
1168
1204
1172
1192
1104
1244
1180
1248
1156
1216
1156
1260
1148
1220
1180
1216
1220
1200
1140
1220
1196
1168
1248
1144
1216
1180
1184
1152
1184
1080
1280
1116
1192
1180
1172
1216
1248
1116
1292
1132
1196
1224
1116
1232
1196
1132
1304
1168
1180
1296
1072
1308
1196
1132
1308
1152
1180
1276
1064
1264
1196
1172
1252
1160
1116
1268
1088
1272
1160
1100
1352
1128
1168
1196
1108
1204
1212
1044
1280
1100
1196
1188
1136
1156
1172
1076
1248
1096
1184
1212
1180
1216
1192
1144
1216
1168
1148
1228
1156
1228
1152
1208
1136
1244
1112
1264
1172
1172
1076
1196
1164
1232
1080
1188
1196
1192
1148
1180
1116
1208
1212
1132
1188
1104
1228
1156
1124
1128
1204
1092
1292
1092
1244
1236
1152
1148
1180
1080
1308
1124
1128
1204
1056
1228
1148
1072
1216
1124
1132
1284
1008
1240
1096
1124
1200
1128
1112
1288
1032
1276
1132
1100
1220
1128
1112
1204
1032
1236
1192
1104
1256
1108
1148
1196
1092
1168
1216
1068
1296
1060
1132
1152
1112
1136
1176
1068
1240
1080
1168
1152
1112
1168
1164
1124
1192
1108
1108
1188
1128
1188
1116
1156
1116
1188
1088
1184
1128
1172
1120
1212
1100
1216
1108
1164
1168
1124
1140
1164
1132
1228
1144
1088
1196
1068
1176
1164
1112
1124
1176
1044
1256
1036
1156
1148
1112
1144
1160
1036
1248
1040
1092
1208
1072
1220
1100
1056
1220
1112
1140
1232
1004
1228
1096
1104
1212
1108
1100
1236
1000
1216
1096
1128
1200
1084
1072
1168
1028
1128
1100
1032
1208
1016
1104
1132
1052
1100
1132
1004
1244
1028
1112
1112
1112
1152
1160
1064
1232
1040
1128
1148
1132
1156
1152
1104
1156
1124
1100
1140
1088
1140
1080
1148
1088
1148
1028
1124
1088
1148
1056
1168
1072
1224
1060
1096
1132
1100
1144
1148
1096
1116
1136
1092
1228
1008
1128
1148
1128
1144
1168
1020
1208
1012
1136
1132
1072
1120
1108
1016
1256
1060
1084
1136
988
1208
1112
1040
1184
1052
1096
1276
1052
1268
1052
1088
1200
1096
1108
1240
996
1208
1056
1080
1196
1052
1056
1168
1044
1184
1120
1028
1192
1044
1140
1152
1088
1128
1156
1020
1240
1040
1156
1128
1092
1096
1140
1024
1184
1080
1128
1132
1068
1072
1068
1036
1100
1080
1052
1132
1064
1128
1060
1140
1044
1092
1008
1156
1092
1108
1068
1180
1104
1176
1024
1064
1124
1092
1104
1120
1092
1172
1084
1032
1164
1016
1164
1116
1084
1108
1156
1036
1196
984
1144
1148
1028
1080
1044
1008
1188
992
1096
1152
1028
1176
1060
1044
1200
1052
1076
1200
988
1228
1068
1092
1132
1052
1044
1160
992
1172
1056
1020
1116
1020
1056
1188
968
1160
1068
1048
1156
1000
1112
1148
1084
1124
1080
972
1208
1044
1124
1100
1072
1084
1076
1000
1124
1020
1052
1072
1048
1120
1096
1088
1092
1100
1048
1124
1084
1120
1012
1160
1096
1164
1032
1100
1088
1104
1028
1108
968
1212
1088
1072
1084
1044
1092
1148
1012
1104
1092
1124
1248
1004
1128
1104
1068
1076
1072
980
1216
988
1112
1088
1068
1188
1136
1012
1164
952
1100
1136
1020
1164
1052
1036
1148
996
1072
1184
956
1168
1004
1060
1152
1060
1052
1176
984
1188
1032
1052
1156
1020
1064
1140
1004
1136
1076
1028
1160
988
1092
1096
1048
1044
1072
1000
1176
1004
1096
1072
1048
1056
1092
1020
1156
1020
1088
1088
1012
1032
1048
1044
1080
1060
1036
1096
1056
1060
976
1068
1000
1080
988
1104
1048
1076
1012
1108
980
1132
1028
1040
1084
1012
1060
1048
1004
1100
1032
1036
1156
972
1092
1048
1008
1052
1032
968
1160
940
1112
1052
1020
1084
1032
968
1164
968
1092
1148
1008
1128
1016
1016
1132
992
1040
1144
940
1148
956
1008
1092
972
996
1092
896
1124
972
1028
1128
1016
1060
1108
988
1104
996
968
1132
988
1076
1056
1016
1064
1052
960
1120
952
1068
988
1076
1056
1096
976
1100
976
1024
1020
1060
1020
1020
1056
1056
1052
1000
1056
1020
1024
980
1052
992
1128
1024
1116
1064
1060
1028
1116
948
1116
1000
1016
1052
980
1108
1072
916
1040
988
1004
1132
960
1064
1016
1012
1112
1072
956
1168
940
1112
1056
1000
1076
996
944
1188
984
1020
1044
904
1152
1036
1040
1100
940
996
1124
944
1164
960
1020
1104
1020
1036
1124
892
1116
948
1048
1100
956
956
1036
920
1076
996
956
1100
984
1068
1032
1004
1000
1048
988
1172
980
1028
976
1008
1008
1080
1016
1116
996
1012
1024
1060
1028
1004
1020
1020
1020
972
1036
1008
1036
1004
1064
948
1088
976
1076
1028
1016
1000
1060
940
1096
992
1060
1048
916
996
1080
1004
1080
956
972
1152
924
