13950
13994
3498

700
700
584
620
696
516
720
564
648
684
612
604
704
524
752
584
568
680
552
612
648
528
740
644
556
756
524
704
660
580
664
644
540
744
520
656
612
588
628
644
572
732
588
620
580
636
716
684
564
692
656
652
724
552
744
660
696
608
604
572
692
576
704
624
724
664
620
568
656
644
648
620
604
624
604
652
572
728
608
696
612
660
700
664
556
704
584
708
624
596
636
584
580
676
536
632
652
588
732
596
624
680
596
588
688
508
764
584
604
672
600
600
692
512
768
604
604
728
564
620
668
540
728
632
580
740
508
652
584
580
696
648
516
712
500
680
604
588
656
608
560
716
572
660
652
596
736
628
624
700
636
620
708
576
724
616
668
644
664
588
676
564
712
612
672
624
652
608
668
624
668
652
644
636
676
688
620
712
544
636
580
624
664
640
564
736
540
692
584
600
688
620
580
720
556
668
648
548
708
588
632
680
612
644
752
500
772
560
648
688
628
660
716
516
788
604
628
736
560
632
640
532
716
580
560
756
568
748
636
556
660
648
576
764
520
684
636
600
672
640
580
716
540
632
640
600
676
584
612
700
640
576
616
532
700
600
660
612
664
604
668
560
724
636
684
608
652
584
640
648
612
644
640
648
676
668
624
680
540
660
564
632
672
664
592
776
560
700
564
636
636
644
636
768
572
616
620
628
728
624
592
680
588
704
652
500
740
600
656
688
600
664
700
516
788
612
608
704
568
668
676
584
756
604
560
704
524
724
616
580
692
636
584
760
556
716
556
536
664
656
548
652
544
696
676
572
648
580
668
728
672
636
708
604
700
588
652
648
708
636
660
576
708
604
600
564
636
636
652
636
608
668
652
620
664
632
580
684
568
688
592
620
652
604
552
732
540
724
640
652
700
608
584
704
548
668
628
556
752
600
672
684
620
672
684
536
760
532
620
664
604
644
672
500
748
528
612
724
544
648
648
556
732
624
588
716
508
696
604
596
720
640
572
748
540
704
604
616
700
644
588
780
528
716
632
636
676
612
556
752
628
644
652
580
720
588
652
524
672
564
664
584
692
636
668
612
656
636
648
636
620
668
636
604
628
612
612
700
532
700
596
656
708
632
580
724
536
748
568
600
664
584
568
700
572
748
664
516
676
572
620
664
564
660
668
508
772
536
664
692
616
632
648
520
736
532
624
692
588
688
616
516
724
620
624
700
492
644
568
640
768
716
580
632
420
664
688
744
704
552
420
616
640
792
696
564
508
508
652
812
832
700
592
440
600
596
780
692
708
532
612
588
644
580
604
548
712
644
696
656
576
596
556
596
724
676
588
712
540
708
588
620
672
648
600
740
508
724
576
604
716
612
620
740
568
728
644
560
712
524
628
700
604
664
628
456
720
484
644
652
596
668
700
508
716
508
620
692
568
676
612
524
700
572
596
688
512
712
580
592
660
612
572
708
544
732
600
612
664
652
612
684
572
648
596
604
660
600
604
636
660
616
680
616
716
612
680
612
684
584
684
604
676
612
636
588
684
564
628
608
584
656
612
588
684
624
632
700
552
712
584
612
684
636
572
696
492
700
584
676
720
608
628
748
540
700
596
580
764
548
556
656
580
688
636
544
720
528
632
636
552
604
644
524
772
560
636
636
548
704
676
596
724
532
632
744
596
724
512
552
680
680
576
668
532
748
616
656
580
572
580
708
544
616
584
604
632
600
628
676
676
604
652
588
680
592
596
540
676
560
648
548
632
620
684
584
700
588
664
644
592
656
616
612
664
592
612
704
544
716
568
604
672
576
572
740
520
728
592
580
708
564
636
708
524
680
604
588
756
528
636
640
552
648
632
544
808
516
648
652
612
632
660
532
756
564
668
684
564
688
636
572
732
600
628
708
540
732
588
628
692
624
596
716
556
732
564
644
640
640
604
696
588
672
588
648
612
680
588
636
596
612
632
608
664
596
664
556
712
552
636
588
684
616
620
576
696
572
640
640
572
652
628
616
672
572
580
684
556
752
600
628
664
664
628
752
508
720
564
604
664
556
584
692
560
660
576
564
720
516
648
660
592
716
600
532
752
556
684
636
580
648
660
536
744
536
668
640
576
644
616
588
744
580
632
736
556
668
564
596
660
612
564
672
568
692
556
632
636
668
628
684
592
672
596
624
656
636
620
592
628
604
636
604
640
612
652
576
700
564
688
600
628
604
612
556
752
608
704
712
612
672
576
592
688
600
632
708
524
748
600
616
652
564
552
664
488
756
604
636
740
576
648
684
532
704
596
584
764
548
664
644
580
680
628
512
772
516
692
640
588
664
664
540
716
516
648
616
548
668
596
572
728
588
596
660
560
724
560
612
636
608
604
676
532
680
560
620
588
600
580
664
616
668
624
620
676
648
648
640
684
576
636
596
640
632
644
548
704
572
684
600
644
632
636
572
708
552
660
648
588
696
604
620
656
556
620
736
548
692
532
628
636
568
592
732
512
768
548
588
692
596
648
724
556
748
604
628
740
556
668
616
528
696
652
524
756
528
724
604
600
636
656
532
732
496
628
644
628
692
580
540
708
592
632
684
596
760
600
600
596
616
636
688
512
624
572
684
616
596
548
692
676
680
628
660
652
612
560
592
696
592
648
584
644
628
636
560
688
540
704
600
624
628
628
576
692
544
624
588
556
672
612
632
680
556
632
704
528
748
560
604
644
584
632
740
504
764
588
636
692
552
656
688
552
740
584
568
728
508
672
636
580
668
616
540
756
512
708
644
564
640
616
556
700
512
688
640
564
668
588
540
660
576
636
680
544
696
592
652
636
604
588
688
608
724
608
652
596
644
576
616
608
632
632
636
628
636
632
592
656
592
612
624
604
596
668
620
804
536
688
548
604
640
604
588
696
556
652
608
556
660
584
604
688
592
664
716
528
732
560
636
644
584
592
716
520
744
544
576
668
548
644
688
532
728
596
604
724
508
684
644
560
672
620
556
756
548
668
632
616
660
600
552
732
536
680
620
624
704
636
564
644
596
628
696
548
684
556
644
612
620
580
692
576
692
568
664
600
636
592
668
640
676
608
620
636
680
656
600
684
568
688
616
624
612
620
556
712
516
680
600
604
676
640
596
732
560
692
660
620
724
572
616
692
588
664
704
564
772
556
596
668
584
620
692
496
764
568
656
716
520
620
672
556
720
564
572
688
472
652
612
580
668
608
548
724
480
636
584
624
668
588
548
736
548
664
632
596
652
588
596
648
596
632
684
556
668
556
624
632
644
612
712
588
668
564
636
588
664
600
684
688
656
600
644
616
632
620
620
728
540
668
608
660
644
616
580
704
536
700
612
616
652
596
572
704
520
680
640
592
680
572
616
688
564
628
684
556
752
536
660
684
616
632
688
484
744
508
632
700
568
636
684
576
716
560
564
684
504
664
588
592
704
636
584
720
516
760
640
600
612
540
588
760
580
636
608
628
740
612
544
580
600
692
672
548
636
580
668
648
648
616
712
588
660
552
652
588
644
564
648
628
600
624
632
628
672
632
616
688
548
676
588
616
640
612
572
736
532
716
628
656
668
636
584
712
520
676
608
572
712
576
604
712
536
660
648
512
744
548
668
692
560
596
672
480
744
532
644
696
548
668
652
552
712
560
596
708
508
656
616
588
680
632
604
720
500
708
596
616
628
644
612
736
580
660
612
612
676
600
628
668
628
636
660
572
660
584
700
596
640
548
644
564
676
588
652
592
664
600
656
652
632
660
624
620
652
604
628
680
544
692
572
672
668
620
576
692
436
812
604
708
632
600
596
736
552
656
624
596
740
552
608
704
572
636
628
536
756
572
636
632
544
596
648
492
728
560
640
704
564
684
668
568
728
572
612
712
528
668
588
568
632
636
588
688
508
708
576
552
600
612
576
688
540
680
640
620
668
628
664
668
608
572
632
608
724
624
668
644
720
600
664
572
664
616
700
592
668
552
636
636
600
636
632
608
632
556
580
696
520
676
572
628
664
628
580
724
496
696
564
588
648
576
584
732
540
676
616
568
740
580
672
700
588
648
676
536
756
532
648
688
608
700
720
528
752
548
652
684
568
668
644
548
736
576
608
732
532
668
580
596
692
632
580
712
508
688
564
628
640
620
568
680
540
644
624
660
616
572
616
676
636
644
688
604
684
632
712
628
668
572
704
612
652
588
664
588
676
576
652
636
608
644
620
624
660
600
584
704
532
680
560
604
628
580
580
732
460
648
584
656
676
636
568
696
520
732
628
604
716
588
640
716
572
632
652
540
764
520
632
636
556
608
668
512
724
484
600
676
576
656
652
576
692
584
632
716
556
688
604
632
680
588
588
716
508
668
568
652
648
600
568
716
600
660
596
596
672
652
620
568
580
648
728
612
604
564
700
636
676
524
676
640
712
636
652
556
656
548
660
692
620
644
592
600
708
608
572
668
524
732
644
696
668
572
536
704
488
700
568
576
684
576
616
728
508
680
596
556
716
560
652
688
564
652
676
640
1216
1452
2124
2596
2988
3460
3812
3836
4092
3896
4048
4088
3956
4104
4152
4076
4236
4096
4168
4248
4076
4220
4108
4136
4188
4184
4112
4220
4040
4212
4116
4140
4144
4128
4076
4172
4068
4168
4096
4120
4132
4104
4060
4072
4048
3988
4068
4020
4072
3992
4032
3996
4108
3972
4032
3968
4024
3992
3988
3956
4104
3960
4040
4012
3984
4068
4060
4004
4060
3968
3992
4076
3900
4056
3936
3980
4036
4008
3916
4092
3828
4156
3944
3960
3992
3980
4016
4096
3928
4052
3984
3924
4036
3844
3968
4020
3880
3964
3936
3844
4080
3812
3972
3968
3920
3968
3972
3860
4068
3860
3976
3980
3888
3984
3944
3900
4044
3904
3924
3948
3792
3968
3868
3904
3944
3884
3860
4024
3848
3988
3864
3956
3904
3948
3884
3992
3876
3924
3832
3844
3840
3868
3844
3852
3860
3836
3936
3852
3860
3816
3880
3864
3924
3792
3936
3888
3868
3816
3812
3748
3892
3752
3860
3868
3820
3884
3804
3796
3880
3800
3836
3912
3756
3956
3844
3888
3936
3856
3840
3948
3688
3916
3788
3812
3860
3776
3816
3896
3668
3872
3784
3768
3916
3744
3844
3860
3720
3836
3812
3692
3888
3656
3820
3780
3692
3776
3788
3640
3868
3640
3800
3804
3696
3792
3784
3712
3812
3684
3752
3864
3696
3856
3740
3816
3828
3784
3756
3808
3668
3800
3696
3748
3692
3724
3696
3780
3696
3744
3732
3768
3740
3724
3724
3712
3772
3704
3756
3708
3700
3684
3740
3676
3768
3624
3732
3640
3672
3696
3732
3660
3776
3636
3716
3720
3644
3748
3708
3708
3780
3676
3676
3776
3584
3780
3636
3684
3712
3640
3612
3776
3496
3756
3580
3692
3740
3644
3660
3752
3528
3732
3612
3612
3680
3512
3644
3692
3604
3692
3644
3580
3736
3532
3692
3664
3564
3632
3652
3580
3740
3524
3628
3648
3604
3656
3648
3616
3644
3556
3668
3712
3520
3616
3548
3628
3612
3556
3544
3676
3564
3708
3532
3608
3576
3620
3556
3588
3508
3580
3540
3584
3596
3608
3568
3548
3580
3528
3616
3576
3592
3556
3612
3564
3648
3436
3596
3568
3588
3576
3548
3500
3628
3452
3548
3600
3460
3576
3464
3532
3616
3512
3520
3552
3392
3620
3484
3532
3556
3444
3432
3608
3388
3608
3404
3412
3516
3420
3524
3588
3364
3556
3452
3492
3632
3404
3524
3496
3404
3532
3520
3424
3572
3340
3520
3500
3440
3488
3492
3404
3612
3400
3488
3528
3424
3492
3464
3432
3512
3384
3440
3540
3404
3524
3424
3480
3460
3444
3392
3492
3356
3464
3388
3452
3436
3452
3420
3464
3404
3468
3416
3432
3436
3472
3420
3420
3468
3324
3436
3360
3428
3396
3436
3364
3480
3316
3480
3428
3392
3416
3404
3356
3484
3348
3476
3456
3360
3468
3404
3404
3444
3336
3396
3464
3292
3476
3300
3380
3432
3324
3356
3452
3252
3452
3316
3372
3400
3308
3328
3340
3292
3424
3376
3300
3460
3208
3400
3376
3272
3364
3360
3316
3480
3224
3432
3356
3328
3376
3356
3316
3492
3264
3360
3356
3296
3388
3344
3324
3384
3252
3308
3328
3236
3364
3276
3304
3272
3320
3260
3380
3236
3364
3236
3308
3252
3308
3236
3300
3256
3300
3292
3324
3268
3312
3244
3248
3320
3248
3340
3288
3280
3288
3288
3200
3340
3180
3340
3236
3248
3288
3336
3244
3336
3148
3280
3308
3180
3308
3208
3276
3332
3188
3252
3376
3176
3352
3156
3216
3300
3216
3256
3344
3112
3388
3176
3216
3292
3164
3252
3284
3124
3332
3184
3208
3312
3100
3232
3216
3160
3240
3196
3112
3308
3100
3312
3228
3144
3164
3136
3084
3312
3156
3292
3224
3152
3228
3212
3196
3232
3152
3172
3220
3128
3272
3148
3212
3176
3180
3136
3224
3088
3196
3108
3204
3112
3208
3128
3220
3152
3152
3132
3208
3160
3208
3148
3136
3196
3072
3196
3124
3148
3128
3116
3076
3212
3040
3256
3140
3120
3164
3128
3084
3216
3036
3164
3140
3084
3180
3088
3096
3204
3108
3140
3204
3004
3228
3024
3144
3152
3052
3080
3168
2920
3224
3036
3172
3184
3076
3120
3196
3016
3168
3028
3068
3208
3020
3188
3100
3040
3112
3048
3028
3176
2964
3116
3064
3052
3084
3100
3020
3144
2972
3148
3084
3032
3064
3056
3072
3116
3020
3012
3108
3052
3104
2972
3052
3048
3084
3008
3084
3004
3116
3036
3080
2988
3084
3036
3088
2996
3016
3064
3112
3028
3020
3012
3004
3112
2976
3116
3040
3020
3040
3040
3004
3120
2916
3084
3000
3048
3068
2972
2916
3076
2924
3076
3032
2956
3044
2984
3028
3080
2932
3012
3048
2880
3140
2928
3008
3012
2948
3024
3072
2868
3096
2868
2996
3044
2928
3008
3036
2864
3072
2908
2972
3096
2876
3044
2964
2924
3036
2948
2916
3052
2860
3052
2972
2960
2956
2972
2932
3060
2868
3008
2976
2940
2972
2932
2948
2988
2876
2948
2976
2892
2976
2900
2960
2928
2932
2864
2956
2904
2956
2888
2956
2868
2972
2876
2948
2912
2920
2940
2968
2900
2944
2876
2892
2964
2836
2952
2908
2908
2928
2880
2868
2980
2780
2988
2856
2884
2952
2860
2824
3008
2780
2980
2900
2844
2948
2828
2916
2976
2800
2920
2940
2808
3004
2768
2888
2888
2816
2872
2952
2736
3000
2756
2888
2940
2776
2956
2876
2776
2964
2808
2776
3012
2736
2952
2832
2812
2896
2864
2848
2940
2788
2972
2844
2836
2832
2872
2828
2916
2716
2888
2844
2836
2868
2812
2820
2860
2804
2828
2852
2800
2840
2788
2852
2804
2824
2776
2844
2768
2848
2780
2840
2752
2856
2792
2852
2844
2820
2820
2844
2748
2844
2800
2812
2852
2712
2844
2772
2748
2796
2760
2752
2844
2656
2864
2708
2736
2804
2736
2736
2876
2712
2888
2808
2708
2848
2692
2780
2808
2724
2860
2868
2668
2852
2644
2784
2772
2652
2724
2796
2676
2904
2664
2852
2848
2684
2752
2764
2652
2824
2688
2764
2832
2664
2836
2756
2732
2800
2700
2708
2812
2656
2844
2724
2716
2744
2752
2704
2840
2676
2800
2772
2744
2756
2732
2740
2792
2716
2728
2772
2724
2772
2656
2708
2676
2748
2664
2764
2640
2708
2656
2784
2696
2764
2636
2712
2728
2692
2708
2668
2632
2716
2684
2688
2748
2612
2792
2664
2692
2740
2668
2656
2764
2564
2776
2652
2704
2736
2712
2656
2808
2600
2788
2652
2628
2744
2660
2672
2728
2548
2700
2716
2604
2780
2556
2716
2704
2644
2688
2772
2540
2788
2588
2720
2640
2560
2712
2712
2588
2724
2544
2632
2708
2552
2676
2612
2620
2716
2632
2580
2640
2500
2724
2592
2640
2656
2672
2620
2700
2528
2648
2644
2660
2596
2568
2628
2696
2668
2616
2648
2628
2652
2556
2600
2560
2668
2552
2616
2560
2644
2596
2664
2564
2700
2584
2676
2632
2556
2612
2636
2588
2656
2552
2636
2696
2548
2648
2544
2568
2608
2560
2628
2692
2412
2668
2572
2656
2648
2540
2544
2672
2508
2696
2540
2508
2624
2520
2628
2656
2496
2608
2560
2488
2708
2480
2576
2540
2520
2624
2652
2476
2668
2424
2592
2596
2516
2596
2548
2432
2624
2484
2556
2584
2432
2568
2516
2540
2600
2516
2512
2620
2460
2644
2524
2548
2508
2528
2472
2572
2460
2556
2528
2524
2552
2540
2520
2552
2572
2544
2552
2472
2528
2520
2588
2552
2572
2460
2548
2464
2524
2492
2528
2428
2552
2432
2576
2516
2488
2532
2540
2484
2560
2452
2516
2552
2388
2592
2508
2524
2524
2436
2468
2572
2364
2600
2432
2496
2524
2440
2520
2560
2408
2580
2472
2468
2604
2392
2524
2532
2408
2520
2512
2392
2560
2312
2504
2516
2428
2492
2460
2344
2588
2396
2560
2504
2428
2532
2508
2452
2496
2408
2452
2552
2360
2528
2384
2484
2504
2436
2452
2488
2376
2496
2372
2432
2448
2468
2420
2460
2404
2496
2436
2448
2420
2448
2452
2468
2416
2408
2464
2436
2452
2400
2452
2388
2476
2372
2468
2372
2432
2424
2484
2388
2512
2316
2432
2424
2408
2436
2428
2404
2436
2352
2388
2452
2280
2524
2332
2428
2440
2392
2368
2492
2248
2476
2336
2392
2432
2356
2420
2484
2284
2500
2380
2340
2464
2296
2400
2412
2292
2440
2404
2316
2520
2300
2420
2332
2268
2436
2420
2276
2480
2284
2448
2408
2292
2388
2364
2316
2420
2280
2412
2412
2276
2412
2324
2348
2368
2328
2332
2420
2268
2424
2300
2376
2340
2392
2340
2388
2328
2436
2372
2348
2324
2372
2372
2352
2332
2280
2344
2316
2344
2336
2376
2328
2384
2296
2432
2324
2332
2328
2388
2304
2416
2252
2404
2332
2268
2364
2332
2300
2364
2248
2316
2380
2252
2420
2264
2324
2336
2284
2268
2416
2156
2428
2244
2344
2316
2268
2284
2360
2168
2424
2272
2300
2404
2256
2332
2332
2236
2356
2308
2236
2428
2184
2368
2308
2248
2348
2328
2208
2412
2216
2376
2296
2216
2296
2332
2248
2360
2232
2264
2280
2212
2384
2252
2280
2300
2316
2296
2280
2140
2312
2264
2348
2196
2252
2236
2312
2220
2284
2212
2264
2240
2296
2248
2260
2312
2264
2304
2232
2252
2292
2332
2236
2304
2188
2312
2228
2248
2288
2268
2176
2320
2176
2316
2284
2252
2316
2252
2192
2304
2200
2260
2272
2148
2344
2168
2260
2268
2164
2204
2280
2100
2284
2096
2240
2312
2168
2192
2268
2136
2320
2208
2208
2288
2128
2284
2280
2140
2264
2200
2136
2308
2096
2276
2176
2124
2228
2248
2148
2308
2120
2288
2260
2196
2240
2204
2140
2276
2176
2264
2260
2124
2264
2180
2188
2196
2140
2152
2212
2100
2264
2168
2184
2132
2220
2180
2224
2144
2212
2136
2168
2140
2212
2160
2152
2152
2136
2256
2180
2152
2168
2188
2144
2256
2092
2252
2136
2168
2180
2248
2116
2252
2072
2244
2156
2104
2212
2136
2128
2260
2120
2208
2212
2028
2248
2116
2192
2244
2148
2168
2228
2048
2304
2080
2160
2176
2064
2196
2172
2032
2252
2108
2156
2244
2072
2204
2180
2112
2268
2180
2104
2268
2040
2248
2172
2132
2184
2140
2056
2204
1992
2200
2124
2056
2148
2080
2068
2188
2060
2176
2156
2040
2204
2064
2200
2100
2068
2108
2148
2096
2124
2100
2140
2052
2124
2044
2140
2064
2172
2100
2104
2084
2140
2092
2060
2108
2068
2176
2084
2084
2104
2080
2032
2112
1980
2168
2056
2040
2112
2128
2092
2224
2016
2148
2064
2020
2120
2044
2020
2144
2036
2140
2172
1968
2204
2012
2096
2108
2032
2068
2164
1964
2204
1988
2100
2148
2044
2116
2156
1996
2216
2044
2044
2132
1956
2128
2096
2016
2116
2040
2000
2160
1972
2128
2028
2004
2096
2084
2000
2140
1968
2092
2024
2028
2096
2044
1988
2060
1996
2076
2052
1976
2084
2068
2076
1976
2004
2004
2088
1972
2084
2016
2096
2008
2100
2000
2112
2056
2084
2032
2076
2004
2088
2016
2032
2052
2012
2104
2036
2004
2044
2048
2024
2104
1936
2124
2008
2020
2012
2028
1996
2100
1916
2124
2032
1964
2056
1996
2020
2092
1940
2012
2044
1872
2128
1944
2044
2032
1952
1996
2044
1844
2148
1884
2028
2036
1996
2056
2100
1892
2120
1948
1996
2036
1896
2064
1984
1908
2044
1972
1928
2056
1888
2120
1968
1952
2008
2036
1932
2096
1896
2024
1920
1948
2012
1956
1940
2044
1980
2032
1976
1892
2012
1972
2020
1912
1956
1992
2056
1920
1992
1932
2036
1944
2000
1912
2020
1960
2008
1960
2000
1948
2036
1924
1928
1936
1900
2024
1948
1944
1984
1944
1920
2004
1848
2052
1916
1908
1964
1956
1908
2044
1868
2044
1952
1912
2044
1920
1964
2008
1872
2016
1952
1796
2000
1828
1972
2004
1884
1952
1952
1820
2100
1876
1948
1972
1884
2012
1944
1840
2116
1932
1908
1972
1844
2052
1928
1868
1932
1900
1928
2004
1808
2000
1932
1948
1948
1968
1852
1988
1816
1996
1944
1956
1940
1892
1876
1972
1888
1924
1892
1824
1948
1920
1976
1916
1924
1884
1948
1852
1940
1896
1968
1852
1972
1900
1984
1900
1900
1860
1908
1808
1964
1900
1944
1976
1832
1932
1868
